#List of all distinct equivalence class representatives of pds intersections, where the equivalence class is generated by the automorphism group acting on the intersection.

pds_aut_int := [[[21,10,3,6],[10,1],[0,3,2,3,2]],
[[27,10,1,5],[10,3],[0,1,1,1,1,1,1,1,1,1,1]],
[[27,10,1,5],[10,4],[0,1,1,1,1,1,1,1,1,1,1]],
[[55,18,9,4],[18,1],[0,4,1,4,1,4,4]],
[[57,24,11,9],[24,1],[0,9,1,9,1,1,1,1,1]],
[[111,44,19,16],[44,1],[0,16,1,16,1,1,1,1,1,1,1,1,1,1,1]],
[[125,28,3,7],[28,3],[0,1,1,1,1,1,1,1,1,1,1,1,1,1,1,1,1,1,1,1,1,1,1,1,1,1,1,1,1]],
[[125,28,3,7],[28,4],[0,1,1,1,1,1,1,1,1,1,1,1,1,1,1,1,1,1,1,1,1,1,1,1,1,1,1,1,1]],
[[125,52,15,26],[52,3],[0,2,2,1,2,2,2,1,2,2,2,2,1,2,2,2,2,2,1,2,2,2,2,2,2,2,2,2,2]],
[[125,52,15,26],[52,4],[0,2,2,1,2,2,2,1,2,2,2,2,1,2,2,2,2,2,1,2,2,2,2,2,2,2,2,2,2]],
[[136,30,8,6],[30,12],[0,3,3,8,2,3,3,3,3,2]],
[[136,60,24,28],[60,12],[0,7,10,4,4,7,7,10,7,4]],
[[136,63,30,28],[63,12],[0,7,7,13,4,7,7,7,7,4]],
[[147,66,25,33],[66,3],[0,3,1,3,3,3,1,1,3,3,1,1,3,3,3,1,1,1,3,3,1,1,1,3,3,1,1,1,3,3,1,1,3,1,1]],
[[147,66,25,33],[66,4],[0,21,3,3,21,1,3,1,1,3,1,1,1,1,1,1,1,1,1]],
[[147,66,25,33],[66,5],[0,21,3,3,21,1,3,1,3,1,1,1,1,1,1,1,1,1,1]],
[[148,63,22,30],[63,3],[0,15,15,2,15,2,2,2,2,2,2,2,2]],
[[148,70,36,30],[70,3],[0,15,22,2,15,2,2,2,2,2,2,2,2]],
[[155,42,17,9],[42,1],[0,9,1,9,9,1,9,1,1,1,1]],
[[160,54,18,18],[54,199],[0,6,6,0,0,0,6,6,6,6,6,6,6]],
[[160,54,18,18],[54,199],[0,6,0,0,6,0,6,6,6,6,6,6,6]],
[[160,54,18,18],[54,234],[0,6,12,3,3,0,6,6,6,12]],
[[171,34,17,4],[34,3],[0,4,4,1,4,4,4,1,4,4,4]],
[[171,60,15,24],[60,3],[0,8,3,3,8,8,3,3,8,8,8]],
[[183,52,11,16],[52,1],[0,16,1,16,1,1,1,1,1,1,1,1,1,1,1,1,1,1,1,1,1,1,1]],
[[183,70,29,25],[70,1],[0,25,1,25,1,1,1,1,1,1,1,1,1,1,1,1,1,1,1,1,1,1,1]],
[[205,68,15,26],[68,1],[0,13,2,13,2,13,2,13,2,2,2,2,2]],
[[205,96,50,40],[96,1],[0,20,2,20,2,20,2,20,2,2,2,2,2]],
[[216,90,39,36],[90,86],[0,12,4,4,4,2,12,12,4,8,8,12,8]],
[[216,90,39,36],[90,87],[0,8,8,4,2,2,8,16,16,8,2,8,8]],
[[216,90,39,36],[90,88],[0,8,8,4,4,1,8,8,8,4,4,1,8,8,8,8]],
[[216,90,39,36],[90,153],[0,7,24,4,8,7,16,4,16,4]],
[[216,90,39,36],[90,153],[0,2,24,4,8,2,16,9,16,9]],
[[243,112,46,56],[112,28],[0,18,4,0,2,0,18,12,4,4,0,2,0,12,12,4,4,12,4]],
[[243,112,46,56],[112,28],[0,12,4,0,2,0,12,18,4,4,0,2,0,12,12,4,4,18,4]],
[[243,112,46,56],[112,28],[0,12,4,6,2,0,12,12,4,4,6,2,0,12,12,4,4,12,4]],
[[243,112,46,56],[112,28],[0,12,6,0,2,0,12,12,6,6,0,2,0,12,12,6,6,12,6]],
[[243,112,46,56],[112,29],[0,18,4,0,2,0,18,12,4,4,0,2,0,12,12,4,4,12,4]],
[[243,112,46,56],[112,29],[0,12,4,0,2,0,12,18,4,4,0,2,0,12,12,4,4,18,4]],
[[243,112,46,56],[112,29],[0,12,4,6,2,0,12,12,4,4,6,2,0,12,12,4,4,12,4]],
[[243,112,46,56],[112,29],[0,12,6,0,2,0,12,12,6,6,0,2,0,12,12,6,6,12,6]],
[[243,112,46,56],[112,30],[0,18,4,0,2,0,18,12,4,4,0,2,0,12,12,4,4,12,4]],
[[243,112,46,56],[112,30],[0,12,4,0,2,0,12,18,4,4,0,2,0,12,12,4,4,18,4]],
[[243,112,46,56],[112,30],[0,12,4,6,2,0,12,12,4,4,6,2,0,12,12,4,4,12,4]],
[[243,112,46,56],[112,30],[0,12,6,0,2,0,12,12,6,6,0,2,0,12,12,6,6,12,6]],
[[244,108,42,52],[108,3],[0,26,26,2,26,2,2,2,2,2,2,2,2,2,2,2,2,2,2]],
[[244,117,60,52],[117,3],[0,26,35,2,26,2,2,2,2,2,2,2,2,2,2,2,2,2,2]],
[[250,81,24,27],[81,5],[0,9,3,6,0,9,3,3,6,0,9,3,0,0,9,3,0,3,9,3,3,0]],
[[250,81,24,27],[81,5],[0,9,0,0,0,9,0,3,0,0,9,0,6,6,9,0,6,3,9,3,3,6]],
[[250,81,24,27],[81,5],[0,9,0,6,0,9,0,0,6,0,9,0,6,6,9,0,6,0,9,0,0,6]],
[[250,81,24,27],[81,5],[0,9,0,6,0,9,0,3,6,0,9,0,3,3,9,0,3,3,9,3,3,3]],
[[250,81,24,27],[81,5],[0,9,3,0,0,9,3,0,0,0,9,3,6,6,9,3,6,0,9,0,0,6]],
[[250,81,24,27],[81,5],[0,9,3,0,0,9,3,3,0,0,9,3,3,3,9,3,3,3,9,3,3,3]],
[[250,81,24,27],[81,6],[0,9,3,6,0,9,3,3,6,0,9,3,0,0,9,3,0,3,9,3,3,0]],
[[250,81,24,27],[81,6],[0,9,0,0,0,9,0,3,0,0,9,0,6,6,9,0,6,3,9,3,3,6]],
[[250,81,24,27],[81,6],[0,9,0,6,0,9,0,0,6,0,9,0,6,6,9,0,6,0,9,0,0,6]],
[[250,81,24,27],[81,6],[0,9,0,6,0,9,0,3,6,0,9,0,3,3,9,0,3,3,9,3,3,3]],
[[250,81,24,27],[81,6],[0,9,3,0,0,9,3,0,0,0,9,3,6,6,9,3,6,0,9,0,0,6]],
[[250,81,24,27],[81,6],[0,9,3,0,0,9,3,3,0,0,9,3,3,3,9,3,3,3,9,3,3,3]],
[[250,81,24,27],[81,8],[0,9,6,6,0,9,6,6,6,0,9,0,0,0,9,9,0,6,0,0,0,0]],
[[253,42,21,4],[42,1],[0,4,1,4,4,4,4,1,4,4,4,4,4]],
[[253,112,36,60],[112,1],[0,10,6,10,10,10,10,6,10,10,10,10,10]],
[[273,80,19,25],[80,3],[0,25,1,1,25,1,1,1,1,1,1,1,1,1,1,1,1,1,1,1,1,1,1,1,1,1,1,1,1,1,1,1,1]],
[[273,80,19,25],[80,4],[0,25,1,1,25,1,1,1,1,1,1,1,1,1,1,1,1,1,1,1,1,1,1,1,1,1,1,1,1,1,1,1,1]],
[[273,102,41,36],[102,3],[0,36,1,1,36,1,1,1,1,1,1,1,1,1,1,1,1,1,1,1,1,1,1,1,1,1,1,1,1,1,1,1,1]],
[[273,102,41,36],[102,4],[0,36,1,1,36,1,1,1,1,1,1,1,1,1,1,1,1,1,1,1,1,1,1,1,1,1,1,1,1,1,1,1,1]],
[[301,60,23,9],[60,1],[0,9,1,9,1,9,1,9,9,9,1,1,1]],
[[301,108,27,45],[108,1],[0,15,3,15,3,15,3,15,15,15,3,3,3]],
[[301,150,65,84],[150,1],[0,21,4,21,4,21,4,21,21,21,4,4,4]],
[[305,76,27,16],[76,1],[0,16,1,16,1,16,1,16,1,1,1,1,1,1,1,1,1]],
[[320,99,18,36],[99,1635],[0,12,18,24,3,0,12,12,0,6,12]],
[[320,99,18,36],[99,1635],[0,12,0,24,0,3,12,12,6,18,12]],
[[320,99,18,36],[99,1635],[0,12,0,24,0,3,12,12,18,6,12]],
[[320,99,18,36],[99,1635],[0,12,0,24,3,0,12,12,12,12,12]],
[[320,99,18,36],[99,1635],[0,12,0,24,3,0,12,12,24,0,12]],
[[320,99,18,36],[99,1635],[0,12,6,24,0,3,12,12,6,12,12]],
[[320,99,18,36],[99,1635],[0,12,6,24,0,3,12,12,18,0,12]],
[[320,99,18,36],[99,1635],[0,12,6,24,3,0,12,12,0,18,12]],
[[320,99,18,36],[99,1635],[0,12,6,24,3,0,12,12,12,6,12]],
[[320,99,18,36],[99,1635],[0,12,12,24,0,3,12,12,6,6,12]],
[[320,99,18,36],[99,1635],[0,12,12,24,3,0,12,12,0,12,12]],
[[320,99,18,36],[99,1635],[0,12,12,24,3,0,12,12,12,0,12]],
[[320,99,18,36],[99,1635],[0,12,18,24,0,3,12,12,6,0,12]],
[[320,132,46,60],[132,1635],[0,16,8,30,2,4,16,16,16,8,16]],
[[343,54,5,9],[54,3],[0,1,1,1,1,1,1,1,1,1,1,1,1,1,1,1,1,1,1,1,1,1,1,1,1,1,1,1,1,1,1,1,1,1,1,1,1,1,1,1,1,1,1,1,1,1,1,1,1,1,1,1,1,1,1]],
[[343,54,5,9],[54,4],[0,1,1,1,1,1,1,1,1,1,1,1,1,1,1,1,1,1,1,1,1,1,1,1,1,1,1,1,1,1,1,1,1,1,1,1,1,1,1,1,1,1,1,1,1,1,1,1,1,1,1,1,1,1,1]],
[[343,150,53,75],[150,3],[0,3,3,1,3,3,3,1,3,3,3,3,1,3,3,3,3,3,1,3,3,3,3,3,3,1,3,3,3,3,3,3,3,1,3,3,3,3,3,3,3,3,3,3,3,3,3,3,3,3,3,3,3,3,3]],
[[343,150,53,75],[150,4],[0,3,3,1,3,3,3,1,3,3,3,3,1,3,3,3,3,3,1,3,3,3,3,3,3,1,3,3,3,3,3,3,3,1,3,3,3,3,3,3,3,3,3,3,3,3,3,3,3,3,3,3,3,3,3]],
[[351,50,13,6],[50,12],[0,3,7,7,3,3,3,3,3,3,3,3,3,3,3]],
[[351,50,25,4],[50,12],[0,4,1,1,4,4,4,4,4,4,4,4,4,4,4]],
[[351,110,37,33],[110,4],[0,15,3,1,1,15,9,3,1,1,1,1,9,9,1,1,1,1,1,9,1,1,1,1,1,1,1,1,1,1,1,1,1,1,1,1,1,1,1,1,1,1,1,1,1,1,1]],
[[351,110,37,33],[110,4],[0,9,3,1,1,9,9,3,1,1,1,1,15,15,1,1,1,1,1,9,1,1,1,1,1,1,1,1,1,1,1,1,1,1,1,1,1,1,1,1,1,1,1,1,1,1,1]],
[[351,110,37,33],[110,5],[0,15,3,1,1,15,9,3,1,1,1,1,9,9,1,1,1,1,1,9,1,1,1,1,1,1,1,1,1,1,1,1,1,1,1,1,1,1,1,1,1,1,1,1,1,1,1]],
[[351,110,37,33],[110,5],[0,9,3,1,1,9,9,3,1,1,1,1,15,15,1,1,1,1,1,9,1,1,1,1,1,1,1,1,1,1,1,1,1,1,1,1,1,1,1,1,1,1,1,1,1,1,1]],
[[351,110,37,33],[110,7],[0,15,3,1,1,15,9,3,1,1,1,1,9,9,1,1,1,1,1,9,1,1,1,1,1,1,1,1,1,1,1,1,1,1,1,1,1,1,1,1,1,1,1,1,1,1,1]],
[[351,110,37,33],[110,8],[0,15,3,1,1,15,9,3,1,1,1,1,9,9,1,1,1,1,1,9,1,1,1,1,1,1,1,1,1,1,1,1,1,1,1,1,1,1,1,1,1,1,1,1,1,1,1]],
[[351,110,37,33],[110,12],[0,9,1,1,9,9,9,9,9,9,9,9,9,9,9]],
[[351,112,43,32],[112,12],[0,9,2,2,9,9,9,9,9,9,9,9,9,9,9]],
[[351,126,45,45],[126,12],[0,9,9,9,9,9,9,9,9,9,9,9,9,9,9]],
[[351,140,73,44],[140,12],[0,11,4,4,11,11,11,11,11,11,11,11,11,11,11]],
[[363,170,73,85],[170,2],[0,55,3,1,55,3,1,1,3,1,1,1,3,1,3,1,3,3,1,3,1,1,1,1,3,1,1,1,1,1,1,1,1,3,1,1,1,1,1,1,1,1,1]],
[[381,114,29,36],[114,1],[0,36,1,36,1,1,1,1,1,1,1,1,1,1,1,1,1,1,1,1,1,1,1,1,1,1,1,1,1,1,1,1,1,1,1,1,1,1,1,1,1,1,1,1,1]],
[[381,140,55,49],[140,1],[0,49,1,49,1,1,1,1,1,1,1,1,1,1,1,1,1,1,1,1,1,1,1,1,1,1,1,1,1,1,1,1,1,1,1,1,1,1,1,1,1,1,1,1,1]],
[[400,156,74,52],[156,206],[0,20,20,10,10,2,20,4,20,10,4,20,16]],
[[400,156,74,52],[156,207],[0,10,4,4,10,2,20,20,10,20,16,16,2,4,2,16]],
[[405,96,18,24],[96,15],[0,18,4,4,0,2,18,4,2,0,0,4,0,2,0,18,0,0,2,0,18]],
[[405,96,18,24],[96,15],[0,18,0,0,0,0,18,0,0,0,4,0,4,0,4,18,4,4,0,4,18]],
[[405,96,18,24],[96,15],[0,18,0,0,0,2,18,0,2,0,2,0,4,2,2,18,2,2,2,4,18]],
[[405,96,18,24],[96,15],[0,18,0,0,0,4,18,0,4,0,2,0,0,4,2,18,2,2,4,0,18]],
[[405,96,18,24],[96,15],[0,18,0,0,2,0,18,0,2,2,2,0,2,0,2,18,4,4,2,2,18]],
[[405,96,18,24],[96,15],[0,18,0,0,2,0,18,0,2,2,4,0,4,0,4,18,0,0,2,4,18]],
[[405,96,18,24],[96,15],[0,18,0,0,2,4,18,0,0,2,4,0,2,4,4,18,0,0,0,2,18]],
[[405,96,18,24],[96,15],[0,18,0,2,0,4,18,0,2,0,4,2,0,4,4,18,0,0,2,0,18]],
[[405,96,18,24],[96,15],[0,18,0,2,2,2,18,0,2,2,2,2,2,2,2,18,0,0,2,2,18]],
[[441,88,35,13],[88,9],[0,1,1,1,1,1,7,3,1,3,7,7,3,7,3,1,1,7,3,3,7,7,3,3,7]],
[[441,152,43,57],[152,9],[0,5,5,1,1,5,19,7,5,7,3,11,7,11,7,1,1,19,7,7,3,3,7,7,3]],
[[441,152,43,57],[152,9],[0,5,5,1,1,5,11,7,5,7,3,19,7,19,7,1,1,11,7,7,3,3,7,7,3]],
[[441,176,85,60],[176,9],[0,6,6,1,1,6,20,7,6,7,3,20,7,20,7,1,1,20,7,7,3,3,7,7,3]],
[[441,184,87,69],[184,9],[0,3,3,3,3,3,21,9,3,9,1,21,9,21,9,3,3,21,9,9,1,1,9,9,1]],
[[448,150,50,50],[150,178],[0,20,5,0,20,5,5,0,5,0,5,5,20,20,20,20]],
[[448,150,50,50],[150,179],[0,20,15,0,20,15,20,20,20,20]],
[[448,150,50,50],[150,1393],[0,20,5,5,20,5,5,5,5,0,20,0,0,20,20,20]],
[[448,150,50,50],[150,1394],[0,20,5,5,20,5,5,5,5,0,0,0,20,20,20,20]],
[[448,150,50,50],[150,1394],[0,20,0,0,20,0,5,5,5,5,5,5,20,20,20,20]],
[[448,150,50,50],[150,1394],[0,20,0,5,20,0,0,5,5,5,5,5,20,20,20,20]],
[[448,150,50,50],[150,1394],[0,20,5,5,20,0,0,5,0,5,5,5,20,20,20,20]],
[[448,150,50,50],[150,1394],[0,20,5,5,20,0,0,5,5,5,0,5,20,20,20,20]],
[[448,162,66,54],[162,178],[0,24,6,6,24,0,0,0,0,0,6,0,24,24,24,24]],
[[448,162,66,54],[162,178],[0,24,0,6,24,0,3,3,3,3,0,0,24,24,24,24]],
[[448,162,66,54],[162,179],[0,24,6,6,24,6,24,24,24,24]],
[[448,162,66,54],[162,1393],[0,24,6,6,24,6,0,0,0,0,24,0,0,24,24,24]],
[[448,162,66,54],[162,1393],[0,24,0,0,24,0,0,0,3,3,24,6,6,24,24,24]],
[[448,162,66,54],[162,1393],[0,24,0,0,24,0,0,3,3,3,24,3,6,24,24,24]],
[[448,162,66,54],[162,1393],[0,24,0,0,24,0,0,3,3,3,24,6,3,24,24,24]],
[[448,162,66,54],[162,1393],[0,24,0,0,24,0,3,3,3,3,24,3,3,24,24,24]],
[[448,162,66,54],[162,1394],[0,24,6,6,24,6,0,0,0,0,0,0,24,24,24,24]],
[[448,162,66,54],[162,1394],[0,24,0,0,24,0,0,0,0,6,6,6,24,24,24,24]],
[[448,162,66,54],[162,1394],[0,24,0,0,24,0,0,0,6,0,6,6,24,24,24,24]],
[[448,162,66,54],[162,1394],[0,24,0,0,24,0,0,0,6,6,0,6,24,24,24,24]],
[[448,162,66,54],[162,1394],[0,24,0,0,24,0,0,3,3,3,6,3,24,24,24,24]],
[[448,162,66,54],[162,1394],[0,24,0,3,24,0,0,0,3,6,3,3,24,24,24,24]],
[[448,162,66,54],[162,1394],[0,24,0,3,24,0,0,3,0,3,3,6,24,24,24,24]],
[[448,162,66,54],[162,1394],[0,24,0,6,24,0,0,0,0,0,6,6,24,24,24,24]],
[[448,162,66,54],[162,1394],[0,24,0,6,24,0,0,3,3,3,0,3,24,24,24,24]],
[[448,162,66,54],[162,1394],[0,24,3,3,24,0,0,0,0,0,6,6,24,24,24,24]],
[[448,162,66,54],[162,1394],[0,24,3,3,24,0,0,3,3,3,0,3,24,24,24,24]],
[[448,162,66,54],[162,1394],[0,24,3,6,24,0,0,0,3,0,3,3,24,24,24,24]],
[[465,58,29,4],[58,1],[0,4,4,1,4,4,4,4,4,4,1,4,4,4,4,4,4]],
[[465,192,72,84],[192,1],[0,6,14,6,6,14,14,14,14,14,6,14,14,14,14,14,14]],
[[497,186,55,78],[186,1],[0,26,3,26,3,26,26,3,26,3,26,3,3,3,3,3,3]],
[[497,240,127,105],[240,1],[0,35,3,35,3,35,35,3,35,3,35,3,3,3,3,3,3]],
[[505,84,3,16],[84,1],[0,1,1,1,1,1,1,1,1,1,1,1,1,1,1,1,1,1,1,1,1,16,16,16,16]],
[[505,120,39,25],[120,1],[0,1,1,1,1,1,1,1,1,1,1,1,1,1,1,1,1,1,1,1,1,25,25,25,25]],
[[505,180,53,70],[180,1],[0,2,2,2,2,2,2,2,2,2,2,2,2,2,2,2,2,2,2,2,2,35,35,35,35]],
[[505,224,108,92],[224,1],[0,2,2,2,2,2,2,2,2,2,2,2,2,2,2,2,2,2,2,2,2,46,46,46,46]],
[[507,184,71,64],[184,1],[0,1,1,1,1,1,1,1,1,1,1,1,1,1,1,1,1,1,1,1,1,1,1,1,1,1,1,1,1,1,1,1,1,1,1,1,1,1,1,1,1,1,1,1,1,1,1,1,1,1,1,1,1,1,1,1,1,64,64]],
[[507,184,71,64],[184,4],[0,1,1,1,1,1,1,1,1,1,1,1,1,1,1,1,1,1,1,1,1,1,1,1,1,1,1,1,1,1,1,1,1,1,1,1,1,1,1,1,1,1,1,1,1,1,1,1,1,1,1,1,1,1,1,1,1,64,64]],
[[507,184,71,64],[184,5],[0,1,1,1,1,1,1,1,1,1,1,1,1,1,1,1,1,1,1,1,1,1,1,1,1,1,1,1,1,1,1,1,1,1,1,1,1,1,1,1,1,1,1,1,1,1,1,1,1,1,1,1,1,1,1,1,1,64,64]],
[[651,200,55,64],[200,3],[0,1,1,1,1,1,1,1,1,1,1,1,1,1,1,1,1,1,1,1,1,1,1,1,1,1,1,1,1,1,1,1,1,1,1,1,1,1,1,1,1,1,1,1,1,1,1,1,1,1,1,1,1,1,1,1,1,1,1,1,1,1,1,1,1,1,1,1,1,1,1,1,1,64,64]],
[[651,200,55,64],[200,4],[0,1,1,1,1,1,1,1,1,1,1,1,1,1,1,1,1,1,1,1,1,1,1,1,1,1,1,1,1,1,1,1,1,1,1,1,1,1,1,1,1,1,1,1,1,1,1,1,1,1,1,1,1,1,1,1,1,1,1,1,1,1,1,1,1,1,1,1,1,1,1,1,1,64,64]],
[[651,234,89,81],[234,3],[0,1,1,1,1,1,1,1,1,1,1,1,1,1,1,1,1,1,1,1,1,1,1,1,1,1,1,1,1,1,1,1,1,1,1,1,1,1,1,1,1,1,1,1,1,1,1,1,1,1,1,1,1,1,1,1,1,1,1,1,1,1,1,1,1,1,1,1,1,1,1,1,1,81,81]],
[[651,234,89,81],[234,4],[0,1,1,1,1,1,1,1,1,1,1,1,1,1,1,1,1,1,1,1,1,1,1,1,1,1,1,1,1,1,1,1,1,1,1,1,1,1,1,1,1,1,1,1,1,1,1,1,1,1,1,1,1,1,1,1,1,1,1,1,1,1,1,1,1,1,1,1,1,1,1,1,1,81,81]],
[[657,256,80,112],[256,3],[0,4,4,4,4,4,4,4,4,28,28,28,28,28,28,28,28]],
[[657,328,147,180],[328,3],[0,5,5,5,5,5,5,5,5,36,36,36,36,36,36,36,36]],
[[689,256,120,80],[256,1],[0,4,4,4,4,20,20,20,20,20,20,20,20,20,20,20,20]],
[[737,96,35,9],[96,1],[0,1,1,1,1,1,1,9,9,9,9,9,9,9,9,9,9]],
[[755,130,9,25],[130,1],[0,1,1,1,1,1,1,1,1,1,1,1,1,1,1,1,1,1,1,1,1,1,1,1,1,1,1,1,1,1,1,25,25,25,25]],
[[755,174,53,36],[174,1],[0,1,1,1,1,1,1,1,1,1,1,1,1,1,1,1,1,1,1,1,1,1,1,1,1,1,1,1,1,1,1,36,36,36,36]],
[[813,252,71,81],[252,1],[0,1,1,1,1,1,1,1,1,1,1,1,1,1,1,1,1,1,1,1,1,1,1,1,1,1,1,1,1,1,1,1,1,1,1,1,1,1,1,1,1,1,1,1,1,1,1,1,1,1,1,1,1,1,1,1,1,1,1,1,1,1,1,1,1,1,1,1,1,1,1,1,1,1,1,1,1,1,1,1,1,1,1,1,1,1,1,1,1,1,1,81,81]],
[[813,290,109,100],[290,1],[0,1,1,1,1,1,1,1,1,1,1,1,1,1,1,1,1,1,1,1,1,1,1,1,1,1,1,1,1,1,1,1,1,1,1,1,1,1,1,1,1,1,1,1,1,1,1,1,1,1,1,1,1,1,1,1,1,1,1,1,1,1,1,1,1,1,1,1,1,1,1,1,1,1,1,1,1,1,1,1,1,1,1,1,1,1,1,1,1,1,1,100,100]],
[[889,222,35,62],[222,1],[0,2,2,2,2,2,2,2,2,2,2,2,2,2,2,2,2,2,2,31,31,31,31,31,31]],
[[889,288,112,84],[288,1],[0,2,2,2,2,2,2,2,2,2,2,2,2,2,2,2,2,2,2,42,42,42,42,42,42]],
[[903,82,41,4],[82,1],[0,1,1,4,4,4,4,4,4,4,4,4,4,4,4,4,4,4,4,4,4,4,4]],
[[981,140,43,16],[140,3],[0,1,1,1,1,1,1,1,1,1,1,1,1,16,16,16,16,16,16,16,16]],
[[981,392,133,172],[392,3],[0,4,4,4,4,4,4,4,4,4,4,4,4,43,43,43,43,43,43,43,43]],
[[981,480,254,216],[480,3],[0,4,4,4,4,4,4,4,4,4,4,4,4,54,54,54,54,54,54,54,54]],
[[993,310,89,100],[310,1],[0,1,1,1,1,1,1,1,1,1,1,1,1,1,1,1,1,1,1,1,1,1,1,1,1,1,1,1,1,1,1,1,1,1,1,1,1,1,1,1,1,1,1,1,1,1,1,1,1,1,1,1,1,1,1,1,1,1,1,1,1,1,1,1,1,1,1,1,1,1,1,1,1,1,1,1,1,1,1,1,1,1,1,1,1,1,1,1,1,1,1,1,1,1,1,1,1,1,1,1,1,1,1,1,1,1,1,1,1,1,1,100,100]],
[[993,352,131,121],[352,1],[0,1,1,1,1,1,1,1,1,1,1,1,1,1,1,1,1,1,1,1,1,1,1,1,1,1,1,1,1,1,1,1,1,1,1,1,1,1,1,1,1,1,1,1,1,1,1,1,1,1,1,1,1,1,1,1,1,1,1,1,1,1,1,1,1,1,1,1,1,1,1,1,1,1,1,1,1,1,1,1,1,1,1,1,1,1,1,1,1,1,1,1,1,1,1,1,1,1,1,1,1,1,1,1,1,1,1,1,1,1,1,121,121]],
[[1027,114,41,9],[114,1],[0,1,1,1,1,1,1,9,9,9,9,9,9,9,9,9,9,9,9]],
[[1027,342,81,130],[342,1],[0,5,5,5,5,5,5,26,26,26,26,26,26,26,26,26,26,26,26]],
[[1027,450,225,175],[450,1],[0,5,5,5,5,5,5,35,35,35,35,35,35,35,35,35,35,35,35]],
[[1055,186,17,36],[186,1],[0,1,1,1,1,1,1,1,1,1,1,1,1,1,1,1,1,1,1,1,1,1,1,1,1,1,1,1,1,1,1,1,1,1,1,1,1,1,1,1,1,1,1,36,36,36,36]],
[[1055,238,69,49],[238,1],[0,1,1,1,1,1,1,1,1,1,1,1,1,1,1,1,1,1,1,1,1,1,1,1,1,1,1,1,1,1,1,1,1,1,1,1,1,1,1,1,1,1,1,49,49,49,49]],
[[1081,90,45,4],[90,1],[0,1,1,4,4,4,4,4,4,4,4,4,4,4,4,4,4,4,4,4,4,4,4,4,4]],
[[1081,486,177,252],[486,1],[0,12,12,21,21,21,21,21,21,21,21,21,21,21,21,21,21,21,21,21,21,21,21,21,21]],
[[1191,374,109,121],[374,1],[0,1,1,1,1,1,1,1,1,1,1,1,1,1,1,1,1,1,1,1,1,1,1,1,1,1,1,1,1,1,1,1,1,1,1,1,1,1,1,1,1,1,1,1,1,1,1,1,1,1,1,1,1,1,1,1,1,1,1,1,1,1,1,1,1,1,1,1,1,1,1,1,1,1,1,1,1,1,1,1,1,1,1,1,1,1,1,1,1,1,1,1,1,1,1,1,1,1,1,1,1,1,1,1,1,1,1,1,1,1,1,1,1,1,1,1,1,1,1,1,1,1,1,1,1,1,1,1,1,1,1,1,1,121,121]],
[[1191,420,155,144],[420,1],[0,1,1,1,1,1,1,1,1,1,1,1,1,1,1,1,1,1,1,1,1,1,1,1,1,1,1,1,1,1,1,1,1,1,1,1,1,1,1,1,1,1,1,1,1,1,1,1,1,1,1,1,1,1,1,1,1,1,1,1,1,1,1,1,1,1,1,1,1,1,1,1,1,1,1,1,1,1,1,1,1,1,1,1,1,1,1,1,1,1,1,1,1,1,1,1,1,1,1,1,1,1,1,1,1,1,1,1,1,1,1,1,1,1,1,1,1,1,1,1,1,1,1,1,1,1,1,1,1,1,1,1,1,144,144]],
[[1205,448,150,176],[448,1],[0,2,2,2,2,2,2,2,2,2,2,2,2,2,2,2,2,2,2,2,2,2,2,2,2,2,2,2,2,2,2,2,2,2,2,2,2,2,2,2,2,2,2,2,2,2,2,2,2,88,88,88,88]]];