10   5143
20   5143
30   5143
40   5143
50   5143
60   5143
70   5143
80   5143
90   5143
100   5143
110   5143
120   5143
130   5143
140   5143
150   5004
160   5004
170   5004
180   5004
190   5004
200   5004
210   5004
220   5004
230   5004
240   5004
250   5004
260   5004
270   5004
280   5004
290   5004
300   5004
310   5004
320   5004
330   5004
340   5004
350   5004
360   5004
370   5004
380   5004
390   5004
400   5004
410   5004
420   5004
430   5004
440   5004
450   5004
460   5004
470   5004
480   5004
490   5004
500   5004
510   5004
520   5004
530   5004
540   5004
550   5004
560   5004
570   5004
580   5004
590   5004
600   5004
610   5004
620   5004
630   4884
640   4884
650   4884
660   4884
670   4884
680   4884
690   4884
700   4884
710   4884
720   4884
730   4884
740   4884
750   4884
760   4884
770   4884
780   4884
790   4884
800   4884
810   4884
820   4884
830   4884
840   4884
850   4884
860   4884
870   4884
880   4884
890   4884
900   4884
910   4815
920   4815
930   4815
940   4815
950   4815
960   4815
970   4815
980   4815
990   4815
1000   4815
1010   4815
1020   4815
1030   4815
1040   4815
1050   4815
1060   4815
1070   4815
1080   4815
1090   4815
1100   4815
1110   4815
1120   4815
1130   4815
1140   4815
1150   4815
1160   4815
1170   4815
1180   4815
1190   4815
1200   4815
1210   4815
1220   4815
1230   4815
1240   4815
1250   4815
1260   4815
1270   4815
1280   4815
1290   4815
1300   4815
1310   4815
1320   4815
1330   4815
1340   4815
1350   4815
1360   4815
1370   4815
1380   4815
1390   4815
1400   4815
1410   4815
1420   4815
1430   4815
1440   4815
1450   4815
1460   4815
1470   4815
1480   4815
1490   4815
1500   4815
1510   4815
1520   4815
1530   4815
1540   4815
1550   4815
1560   4815
1570   4815
1580   4815
1590   4815
1600   4815
1610   4815
1620   4815
1630   4815
1640   4815
1650   4815
1660   4815
1670   4815
1680   4815
1690   4815
1700   4815
1710   4815
1720   4815
1730   4815
1740   4815
1750   4815
1760   4815
1770   4815
1780   4815
1790   4815
1800   4815
1810   4815
1820   4815
1830   4815
1840   4815
1850   4815
1860   4815
1870   4815
1880   4815
1890   4815
1900   4815
1910   4815
1920   4815
1930   4815
1940   4815
1950   4815
1960   4815
1970   4815
1980   4815
1990   4815
2000   4815
2010   4815
2020   4815
2030   4815
2040   4815
2050   4815
2060   4815
2070   4815
2080   4815
2090   4815
2100   4815
2110   4815
2120   4815
2130   4815
2140   4815
2150   4815
2160   4815
2170   4815
2180   4815
2190   4815
2200   4815
2210   4815
2220   4815
2230   4815
2240   4815
2250   4815
2260   4815
2270   4815
2280   4815
2290   4815
2300   4815
2310   4815
2320   4815
2330   4815
2340   4815
2350   4815
2360   4815
2370   4815
2380   4815
2390   4815
2400   4815
2410   4815
2420   4815
2430   4815
2440   4815
2450   4815
2460   4815
2470   4815
2480   4815
2490   4815
2500   4815
2510   4815
2520   4815
2530   4815
2540   4815
2550   4815
2560   4815
2570   4815
2580   4815
2590   4815
2600   4815
2610   4815
2620   4815
2630   4815
2640   4815
2650   4815
2660   4815
2670   4815
2680   4815
2690   4815
2700   4815
2710   4815
2720   4815
2730   4815
2740   4815
2750   4815
2760   4815
2770   4815
2780   4815
2790   4815
2800   4815
2810   4815
2820   4815
2830   4815
2840   4815
2850   4815
2860   4815
2870   4815
2880   4815
2890   4815
2900   4815
2910   4815
2920   4815
2930   4815
2940   4815
2950   4815
2960   4815
2970   4815
2980   4815
2990   4815
3000   4815
3010   4815
3020   4815
3030   4815
3040   4815
3050   4815
3060   4815
3070   4815
3080   4815
3090   4815
3100   4815
3110   4815
3120   4815
3130   4815
3140   4815
3150   4815
3160   4815
3170   4815
3180   4815
3190   4815
3200   4815
3210   4815
3220   4815
3230   4815
3240   4815
3250   4815
3260   4815
3270   4815
3280   4815
3290   4815
3300   4815
3310   4815
3320   4815
3330   4815
3340   4815
3350   4815
3360   4815
3370   4815
3380   4815
3390   4815
3400   4815
3410   4815
3420   4815
3430   4815
3440   4815
3450   4815
3460   4815
3470   4815
3480   4815
3490   4815
3500   4815
3510   4815
3520   4815
3530   4815
3540   4815
3550   4815
3560   4815
3570   4815
3580   4815
3590   4815
3600   4815
3610   4815
3620   4815
3630   4815
3640   4815
3650   4815
3660   4815
3670   4815
3680   4815
3690   4815
3700   4815
3710   4815
3720   4815
3730   4815
3740   4815
3750   4815
3760   4815
3770   4815
3780   4815
3790   4815
3800   4815
3810   4815
3820   4815
3830   4815
3840   4815
3850   4815
3860   4815
3870   4815
3880   4815
3890   4815
3900   4815
3910   4815
3920   4815
3930   4815
3940   4815
3950   4815
3960   4815
3970   4815
3980   4815
3990   4815
4000   4815
4010   4815
4020   4815
4030   4815
4040   4815
4050   4815
4060   4815
4070   4815
4080   4815
4090   4815
4100   4815
4110   4815
4120   4815
4130   4815
4140   4815
4150   4815
4160   4815
4170   4815
4180   4815
4190   4815
4200   4815
4210   4815
4220   4815
4230   4815
4240   4815
4250   4815
4260   4815
4270   4815
4280   4815
4290   4815
4300   4815
4310   4815
4320   4815
4330   4815
4340   4815
4350   4815
4360   4815
4370   4815
4380   4815
4390   4815
4400   4815
4410   4815
4420   4815
4430   4815
4440   4815
4450   4815
4460   4815
4470   4815
4480   4815
4490   4815
4500   4815
4510   4815
4520   4815
4530   4815
4540   4815
4550   4815
4560   4815
4570   4815
4580   4815
4590   4815
4600   4815
4610   4815
4620   4815
4630   4815
4640   4815
4650   4815
4660   4815
4670   4815
4680   4815
4690   4815
4700   4815
4710   4815
4720   4815
4730   4815
4740   4815
4750   4815
4760   4815
4770   4815
4780   4815
4790   4815
4800   4815
4810   4815
4820   4815
4830   4815
4840   4815
4850   4815
4860   4815
4870   4815
4880   4815
4890   4815
4900   4815
4910   4815
4920   4815
4930   4815
4940   4815
4950   4815
4960   4815
4970   4815
4980   4815
4990   4815
5000   4815
5010   4815
5020   4815
5030   4815
5040   4815
5050   4815
5060   4815
5070   4815
5080   4815
5090   4815
5100   4815
5110   4815
5120   4815
5130   4815
5140   4815
5150   4815
5160   4815
5170   4815
5180   4815
5190   4815
5200   4815
5210   4815
5220   4815
5230   4815
5240   4815
5250   4815
5260   4815
5270   4815
5280   4815
5290   4815
5300   4815
5310   4815
5320   4815
5330   4815
5340   4815
5350   4815
5360   4815
5370   4815
5380   4815
5390   4815
5400   4815
5410   4815
5420   4815
5430   4815
5440   4815
5450   4815
5460   4815
5470   4815
5480   4815
5490   4815
5500   4815
5510   4815
5520   4815
5530   4815
5540   4815
5550   4815
5560   4815
5570   4815
5580   4815
5590   4815
5600   4815
5610   4815
5620   4815
5630   4815
5640   4815
5650   4815
5660   4815
5670   4815
5680   4815
5690   4815
5700   4815
5710   4815
5720   4815
5730   4815
5740   4815
5750   4815
5760   4815
5770   4815
5780   4815
5790   4815
5800   4815
5810   4815
5820   4815
5830   4815
5840   4815
5850   4815
5860   4815
5870   4815
5880   4815
5890   4815
5900   4815
5910   4815
5920   4815
5930   4815
5940   4815
5950   4815
5960   4815
5970   4815
5980   4815
5990   4815
6000   4815
6010   4815
6020   4815
6030   4815
6040   4815
6050   4815
6060   4815
6070   4815
6080   4815
6090   4815
6100   4815
6110   4815
6120   4815
6130   4815
6140   4815
6150   4815
6160   4815
6170   4815
6180   4815
6190   4815
6200   4815
6210   4815
6220   4815
6230   4815
6240   4815
6250   4815
6260   4815
6270   4815
6280   4815
6290   4815
6300   4815
6310   4815
6320   4815
6330   4815
6340   4815
6350   4815
6360   4815
6370   4815
6380   4815
6390   4815
6400   4815
6410   4815
6420   4815
6430   4815
6440   4815
6450   4815
6460   4815
6470   4815
6480   4815
6490   4815
6500   4815
6510   4815
6520   4815
6530   4815
6540   4815
6550   4815
6560   4815
6570   4815
6580   4815
6590   4815
6600   4815
6610   4815
6620   4815
6630   4815
6640   4815
6650   4815
6660   4815
6670   4815
6680   4815
6690   4815
6700   4815
6710   4815
6720   4815
6730   4815
6740   4815
6750   4815
6760   4815
6770   4815
6780   4815
6790   4815
6800   4815
6810   4815
6820   4815
6830   4815
6840   4815
6850   4815
6860   4815
6870   4815
6880   4815
6890   4815
6900   4815
6910   4815
6920   4815
6930   4815
6940   4815
6950   4815
6960   4815
6970   4815
6980   4815
6990   4815
7000   4815
7010   4815
7020   4815
7030   4815
7040   4815
7050   4815
7060   4815
7070   4815
7080   4815
7090   4815
7100   4815
7110   4815
7120   4815
7130   4815
7140   4815
7150   4815
7160   4815
7170   4815
7180   4815
7190   4815
7200   4815
7210   4815
7220   4815
7230   4815
7240   4815
7250   4815
7260   4815
7270   4815
7280   4815
7290   4815
7300   4815
7310   4815
7320   4815
7330   4815
7340   4815
7350   4815
7360   4815
7370   4815
7380   4815
7390   4815
7400   4815
7410   4815
7420   4815
7430   4815
7440   4815
7450   4815
7460   4815
7470   4815
7480   4815
7490   4815
7500   4815
7510   4815
7520   4815
7530   4815
7540   4815
7550   4815
7560   4815
7570   4815
7580   4815
7590   4815
7600   4815
7610   4815
7620   4815
7630   4815
7640   4815
7650   4815
7660   4815
7670   4815
7680   4815
7690   4815
7700   4815
7710   4815
7720   4815
7730   4815
7740   4815
7750   4815
7760   4815
7770   4815
7780   4815
7790   4815
7800   4815
7810   4815
7820   4815
7830   4815
7840   4815
7850   4815
7860   4815
7870   4815
7880   4815
7890   4815
7900   4815
7910   4815
