10   162048
20   158636
30   158636
40   155280
50   144788
60   144788
70   144788
80   144788
90   144788
100   144788
110   144788
120   144788
130   144788
140   144788
150   140892
160   137960
170   137960
180   137960
190   137960
200   137960
210   137960
220   137960
230   137960
240   137960
250   137960
260   137960
270   137960
280   137960
290   137960
300   137960
310   137960
320   137960
330   137960
340   137960
350   137960
360   137960
370   137960
380   137960
390   137960
400   137960
410   137960
420   137960
430   137960
440   137960
450   137960
460   137960
470   137960
480   137960
490   137960
500   137960
510   137960
520   137960
530   137960
540   137960
550   137960
560   137960
570   137960
580   137960
590   137960
600   137960
610   137960
620   137960
630   137960
640   137960
650   137960
660   137960
670   137960
680   137960
690   137960
700   137960
710   137960
720   137960
730   137960
740   137960
750   137960
760   137960
770   137960
780   137960
790   137960
800   137960
810   137960
820   137960
830   137960
840   137960
850   137960
