10   169656
20   169656
30   169656
40   169584
50   169584
60   169584
70   169584
80   169584
90   169584
100   169584
110   169584
120   169584
130   169584
140   169584
150   169584
160   165528
170   165528
180   165528
190   165528
200   165528
210   165528
220   165528
230   165528
240   165528
250   165528
260   165528
270   165528
280   165528
290   165528
300   165528
310   165528
320   165528
330   165528
340   165528
350   165528
360   165528
370   165000
380   165000
390   165000
400   165000
410   165000
420   165000
430   165000
440   165000
450   165000
460   161368
470   161368
480   161368
490   161368
500   161368
510   161368
520   161368
530   161368
540   161368
550   161368
560   161368
570   161368
580   161368
