10   22148
20   20224
30   20224
40   20224
50   19564
60   19564
70   19564
80   19564
90   19564
100   19564
110   19564
120   19564
130   19564
140   19564
150   19564
160   19564
170   19564
180   19564
190   19564
200   19564
210   19564
220   19564
230   19564
240   19564
250   19564
260   19564
270   19564
280   19564
290   19564
300   19564
310   19564
320   19564
330   19444
340   19444
350   19444
360   19444
370   19444
380   19444
390   19444
400   19444
410   19444
420   19444
430   19444
440   19444
450   19444
460   19444
470   19444
480   19444
490   19444
500   19444
510   19444
520   19444
530   19444
540   19444
550   19444
560   19444
570   19444
580   19112
590   19112
600   19112
610   19112
620   19112
630   19112
640   19112
650   19112
660   19112
670   19112
680   19112
690   19112
700   19112
710   19112
720   19112
730   19112
740   19112
750   19112
760   19112
770   19112
780   19112
790   19112
800   19112
810   19112
820   19112
830   19112
840   19112
850   19112
860   19112
870   19112
880   19112
890   19112
900   19112
910   19112
920   19112
930   19112
940   19112
950   19112
960   19112
970   19112
980   19112
990   19112
1000   19112
1010   19112
1020   19112
1030   19112
1040   19112
1050   19112
1060   19112
1070   19112
1080   19112
1090   19112
1100   19112
1110   19112
1120   19112
1130   19112
1140   19112
1150   19112
1160   18848
1170   18848
1180   18848
1190   18848
1200   18848
1210   18848
1220   18848
1230   18848
1240   18848
1250   18848
1260   18848
1270   18848
1280   18848
1290   18848
1300   18848
1310   18848
1320   18848
1330   18848
1340   18848
1350   18848
1360   18848
1370   18848
1380   18848
1390   18848
1400   18848
1410   18848
1420   18848
1430   18848
1440   18848
1450   18848
