10   23208
20   23208
30   23208
40   23208
50   23208
60   23208
70   23208
80   23208
90   23208
100   23208
110   23208
120   23208
130   23208
140   23208
150   23208
160   22728
170   22728
180   22728
190   22728
200   22728
210   22728
220   22728
230   22728
240   22728
250   22728
260   22728
270   22728
280   22728
290   22728
300   22728
310   22728
320   22728
330   22712
340   22712
350   22712
360   22712
370   22712
380   22712
390   22712
400   22712
410   22464
420   22464
430   22464
440   22464
450   22464
460   22464
470   22464
480   22464
490   22464
500   22464
510   22464
520   22464
530   22464
540   21848
550   21848
560   21848
570   21848
580   21848
590   21848
600   21848
610   21848
620   21848
630   21848
640   21848
650   21848
660   21848
670   21848
680   21848
690   21848
700   21848
710   21848
720   21848
730   21848
740   21848
750   21848
760   21848
770   21848
780   21848
790   21848
800   21848
810   21848
820   21848
830   21848
840   21848
850   21848
860   21848
870   21848
880   21848
