10   408680
20   402908
30   400960
40   400960
50   400960
60   392956
70   392956
80   392956
90   392956
100   381732
110   381732
120   381732
130   381732
140   381732
150   381732
160   381732
170   381732
180   381732
190   381732
200   381732
210   381732
220   381732
230   381732
240   381732
250   381732
260   381732
270   381732
280   381732
290   381732
300   381732
310   379268
320   379268
330   379268
340   379268
350   379268
360   379268
370   379268
380   379268
390   379268
400   379268
410   379268
420   379268
430   379268
440   379268
450   379268
460   379268
470   379268
480   379268
490   379268
500   379268
510   379268
520   379268
530   379268
540   379268
550   379268
560   379268
570   379268
580   379268
