10   344
20   256
30   256
40   256
50   248
60   248
70   248
80   248
90   248
100   248
110   248
120   248
130   248
140   248
150   248
160   248
170   248
180   248
190   232
200   232
210   232
220   232
230   232
240   232
250   232
260   232
270   232
280   232
290   232
300   232
310   232
320   232
330   232
340   232
350   232
360   232
370   232
380   232
390   232
400   232
410   232
420   232
430   232
440   232
450   232
460   232
470   232
480   232
490   232
500   232
510   232
520   232
530   232
540   232
550   232
560   232
570   232
580   232
590   232
600   232
610   232
620   232
630   232
640   232
650   232
660   232
670   232
680   232
690   232
700   232
710   232
720   232
730   232
740   232
750   232
760   232
770   232
780   232
790   216
800   216
810   216
820   216
830   216
840   216
850   216
860   216
870   216
880   216
890   216
900   216
910   216
920   216
930   216
940   216
950   216
960   216
970   216
980   216
990   216
1000   216
1010   216
1020   216
1030   216
1040   216
1050   216
1060   216
1070   216
1080   216
1090   216
1100   216
1110   216
1120   216
1130   216
1140   216
1150   216
1160   216
1170   216
1180   216
1190   216
1200   216
1210   216
1220   216
1230   216
1240   216
1250   216
1260   216
1270   216
1280   216
1290   216
1300   216
1310   216
1320   216
1330   216
1340   216
1350   216
1360   216
1370   216
1380   216
1390   216
1400   216
1410   216
1420   216
1430   216
1440   216
1450   216
1460   216
1470   216
1480   216
1490   216
1500   216
1510   216
1520   216
1530   216
1540   216
1550   216
1560   216
1570   216
1580   216
1590   216
1600   216
1610   216
1620   216
1630   216
1640   216
1650   216
1660   216
1670   216
1680   216
1690   216
1700   216
1710   216
1720   216
1730   216
1740   216
1750   216
1760   216
1770   216
1780   216
1790   216
1800   216
1810   216
1820   216
1830   216
1840   216
1850   216
1860   216
1870   216
1880   216
1890   216
1900   216
1910   216
1920   216
1930   216
1940   216
1950   216
1960   216
1970   216
1980   216
1990   216
2000   216
2010   216
2020   216
2030   216
2040   216
2050   216
2060   216
2070   216
2080   216
2090   216
2100   216
2110   216
2120   216
2130   216
2140   216
2150   216
2160   216
2170   216
2180   216
2190   216
2200   216
2210   208
2220   208
2230   208
2240   208
2250   208
2260   208
2270   208
2280   208
2290   208
2300   208
2310   208
2320   208
2330   208
2340   208
2350   208
2360   208
2370   208
2380   208
2390   208
2400   208
2410   208
2420   208
2430   208
2440   208
2450   208
2460   208
2470   208
2480   208
2490   208
2500   208
2510   208
2520   208
2530   208
2540   208
2550   208
2560   208
2570   208
2580   208
2590   208
2600   208
2610   208
2620   208
2630   208
2640   208
2650   208
2660   208
2670   208
2680   208
2690   208
2700   208
2710   208
2720   208
2730   208
2740   208
2750   208
2760   208
2770   208
2780   208
2790   208
2800   208
2810   208
2820   208
2830   208
2840   208
2850   208
2860   208
2870   208
2880   208
2890   208
2900   208
2910   208
2920   208
2930   208
2940   208
2950   208
2960   208
2970   208
2980   208
2990   208
3000   208
3010   208
3020   208
3030   208
3040   208
3050   208
3060   208
3070   208
3080   208
3090   208
3100   208
3110   208
3120   208
3130   208
3140   208
3150   208
3160   208
3170   208
3180   208
3190   208
3200   208
3210   208
3220   208
3230   208
3240   208
3250   208
3260   208
3270   208
3280   208
3290   208
3300   208
3310   208
3320   208
3330   208
3340   208
3350   208
3360   208
3370   208
3380   208
3390   208
3400   208
3410   208
3420   208
3430   208
3440   208
3450   208
3460   208
3470   208
3480   208
3490   208
3500   208
3510   208
3520   208
3530   208
3540   208
3550   208
3560   208
3570   208
3580   208
3590   208
3600   208
3610   208
3620   208
3630   208
3640   208
3650   208
3660   208
3670   208
3680   208
3690   208
3700   208
3710   208
3720   208
3730   208
3740   208
3750   208
3760   208
3770   208
3780   208
3790   208
3800   208
3810   208
3820   208
3830   208
3840   208
3850   208
3860   208
3870   208
3880   208
3890   208
3900   208
3910   208
3920   208
3930   208
3940   208
3950   208
3960   208
3970   208
3980   208
3990   208
4000   208
4010   208
4020   208
4030   208
4040   208
4050   208
4060   208
4070   208
4080   208
4090   208
4100   208
4110   208
4120   208
4130   208
4140   208
4150   208
4160   208
4170   208
4180   208
4190   208
4200   208
4210   208
4220   208
4230   208
4240   208
4250   208
4260   208
4270   208
4280   208
4290   208
4300   208
4310   208
4320   208
4330   208
4340   208
4350   208
4360   208
4370   208
4380   208
4390   208
4400   208
4410   208
4420   208
4430   208
4440   208
4450   208
4460   208
4470   208
4480   208
4490   208
4500   208
4510   208
4520   208
4530   208
4540   208
4550   208
4560   208
4570   208
4580   208
4590   208
4600   208
4610   208
4620   208
4630   208
4640   208
4650   208
4660   208
4670   208
4680   208
4690   208
4700   208
4710   208
4720   208
4730   208
4740   208
4750   208
4760   208
4770   208
4780   208
4790   208
4800   208
4810   208
4820   208
4830   208
4840   208
4850   208
4860   208
4870   208
4880   208
4890   208
4900   208
4910   208
4920   208
4930   208
4940   208
4950   208
4960   208
4970   208
4980   208
4990   208
5000   208
5010   208
5020   208
5030   208
5040   208
5050   208
5060   208
5070   208
5080   208
5090   208
5100   208
5110   208
5120   208
5130   208
5140   208
5150   208
5160   208
5170   208
5180   208
5190   208
5200   208
5210   208
5220   208
5230   208
5240   208
5250   208
5260   208
5270   208
5280   208
5290   208
5300   208
5310   208
5320   208
5330   208
5340   208
5350   208
5360   208
5370   208
5380   208
5390   208
5400   208
5410   208
5420   208
5430   208
5440   208
5450   208
5460   208
5470   208
5480   208
5490   208
5500   208
5510   208
5520   208
5530   208
5540   208
5550   208
5560   208
5570   208
5580   208
5590   208
5600   208
5610   208
5620   208
5630   208
5640   208
5650   208
5660   208
5670   208
5680   208
5690   208
5700   208
5710   208
5720   208
5730   208
5740   208
5750   208
5760   208
5770   208
5780   208
5790   208
5800   208
5810   208
5820   208
5830   208
5840   208
5850   208
5860   208
5870   208
5880   208
5890   208
5900   208
5910   208
5920   208
5930   208
5940   208
5950   208
5960   208
5970   208
5980   208
5990   208
6000   208
6010   208
6020   208
6030   208
6040   208
6050   208
6060   208
6070   208
6080   208
6090   208
6100   208
6110   208
6120   208
6130   208
6140   208
6150   208
6160   208
6170   208
6180   208
6190   208
6200   208
6210   208
6220   208
6230   208
6240   208
6250   208
6260   208
6270   208
6280   208
6290   208
6300   208
6310   208
6320   208
6330   208
6340   208
6350   208
6360   208
6370   208
6380   208
6390   208
6400   208
6410   208
6420   208
6430   208
6440   208
6450   208
6460   208
6470   208
6480   208
6490   208
6500   208
6510   208
6520   208
6530   208
6540   208
6550   208
6560   208
6570   208
6580   208
6590   208
6600   208
6610   208
6620   208
6630   208
6640   208
6650   208
6660   208
6670   208
6680   208
6690   208
6700   208
6710   208
6720   208
6730   208
6740   208
6750   208
6760   208
6770   208
6780   208
6790   208
6800   208
6810   208
6820   208
6830   208
6840   208
6850   208
6860   208
6870   208
6880   208
6890   176
6900   176
6910   176
6920   176
6930   176
6940   176
6950   176
6960   176
6970   176
6980   176
6990   176
7000   176
7010   176
7020   176
7030   176
7040   176
7050   176
7060   176
7070   176
7080   176
7090   176
7100   176
7110   176
7120   176
7130   176
7140   176
7150   176
7160   176
7170   176
7180   176
7190   176
7200   176
7210   176
7220   176
7230   176
7240   176
7250   176
7260   176
7270   176
7280   176
7290   176
7300   176
7310   176
7320   176
7330   176
7340   176
7350   176
7360   176
7370   176
7380   176
7390   176
7400   176
7410   176
7420   176
7430   176
7440   176
7450   176
7460   176
7470   176
7480   176
7490   176
7500   176
7510   176
7520   176
7530   176
7540   176
7550   176
7560   176
7570   176
7580   176
7590   176
7600   176
7610   176
7620   176
7630   176
7640   176
7650   176
7660   176
7670   176
7680   176
7690   176
7700   176
7710   176
7720   176
7730   176
7740   176
7750   176
7760   176
7770   176
7780   176
7790   176
7800   176
7810   176
7820   176
7830   176
7840   176
7850   176
7860   176
7870   176
7880   176
7890   176
7900   176
7910   176
7920   176
7930   176
7940   176
7950   176
7960   176
7970   176
7980   176
7990   176
8000   176
8010   176
8020   176
8030   176
8040   176
8050   176
8060   176
8070   176
8080   176
8090   176
8100   176
8110   176
8120   176
8130   176
8140   176
8150   176
8160   176
8170   176
8180   176
8190   176
8200   176
8210   176
8220   176
8230   176
8240   176
8250   176
8260   176
8270   176
8280   176
8290   176
8300   176
8310   176
8320   176
8330   176
8340   176
8350   176
8360   176
8370   176
8380   176
8390   176
8400   176
8410   176
8420   176
8430   176
8440   176
8450   176
8460   176
8470   176
8480   176
8490   176
8500   176
8510   176
8520   176
8530   176
8540   176
8550   176
8560   176
8570   176
8580   176
8590   176
8600   176
8610   176
8620   176
8630   176
8640   176
8650   176
8660   176
8670   176
8680   176
8690   176
8700   176
8710   176
8720   176
8730   176
8740   176
8750   176
8760   176
8770   176
8780   176
8790   176
8800   176
8810   176
8820   176
8830   176
8840   176
8850   176
8860   176
8870   176
8880   176
8890   176
8900   176
8910   176
8920   176
8930   176
8940   176
8950   176
8960   176
8970   176
8980   176
8990   176
9000   176
9010   176
9020   176
9030   176
9040   176
9050   176
9060   176
9070   176
9080   176
9090   176
9100   176
9110   176
9120   176
9130   176
9140   176
9150   176
9160   176
9170   176
9180   176
9190   176
9200   176
9210   176
9220   176
9230   176
9240   176
9250   176
9260   176
9270   176
9280   176
9290   176
9300   176
9310   176
9320   176
9330   176
9340   176
9350   176
9360   176
9370   176
9380   176
9390   176
9400   176
9410   176
9420   176
9430   176
9440   176
9450   176
9460   176
9470   176
9480   176
9490   176
9500   176
9510   176
9520   176
9530   176
9540   176
9550   176
9560   176
9570   176
9580   176
9590   176
9600   176
9610   176
9620   176
9630   176
9640   176
9650   176
9660   176
9670   176
9680   176
9690   176
9700   176
9710   176
9720   176
9730   176
9740   176
9750   176
9760   176
9770   176
9780   176
9790   176
9800   176
9810   176
9820   176
9830   176
9840   176
9850   176
9860   176
9870   176
9880   176
9890   176
9900   176
9910   176
9920   176
9930   176
9940   176
9950   176
9960   176
9970   176
9980   176
9990   176
10000   176
10010   176
10020   176
10030   176
10040   176
10050   176
10060   176
10070   176
10080   176
10090   176
10100   176
10110   176
10120   176
10130   176
10140   176
10150   176
10160   176
10170   176
10180   176
10190   176
10200   176
10210   176
10220   176
10230   176
10240   176
10250   176
10260   176
10270   176
10280   176
10290   176
10300   176
10310   176
10320   176
10330   176
10340   176
10350   176
10360   176
10370   176
10380   176
10390   176
10400   176
10410   176
10420   176
10430   176
10440   176
10450   176
10460   176
10470   176
10480   176
10490   176
10500   176
10510   176
10520   176
10530   176
10540   176
10550   176
10560   176
10570   176
10580   176
10590   176
10600   176
10610   176
10620   176
10630   176
10640   176
10650   176
10660   176
10670   176
10680   176
10690   176
10700   176
10710   176
10720   176
10730   176
10740   176
10750   176
10760   176
10770   176
10780   176
10790   176
10800   176
10810   176
10820   176
10830   176
10840   176
10850   176
10860   176
10870   176
10880   176
10890   176
10900   176
10910   176
10920   176
10930   176
10940   176
10950   176
10960   176
10970   176
10980   176
10990   176
11000   176
11010   176
11020   176
11030   176
11040   176
11050   176
11060   176
11070   176
11080   176
11090   176
11100   176
11110   176
11120   176
11130   176
11140   176
11150   176
11160   176
11170   176
11180   176
11190   176
11200   176
11210   176
11220   176
11230   176
11240   176
11250   176
11260   176
11270   176
11280   176
11290   176
11300   176
11310   176
11320   176
11330   176
11340   176
11350   176
11360   176
11370   176
11380   176
11390   176
11400   176
11410   176
11420   176
11430   176
11440   176
11450   176
11460   176
11470   176
11480   176
11490   176
11500   176
11510   176
11520   176
11530   176
11540   176
11550   176
11560   176
11570   176
11580   176
11590   176
11600   176
11610   176
11620   176
11630   176
11640   176
11650   176
11660   176
11670   176
11680   176
11690   176
11700   176
11710   176
11720   176
11730   176
11740   176
11750   176
11760   176
11770   176
11780   176
11790   176
11800   176
11810   176
11820   176
11830   176
11840   176
11850   176
11860   176
11870   176
11880   176
11890   176
11900   176
11910   176
11920   176
11930   176
11940   176
11950   176
11960   176
11970   176
11980   176
11990   176
12000   176
12010   176
12020   176
12030   176
12040   176
12050   176
12060   176
12070   176
12080   176
12090   176
12100   176
12110   176
12120   176
12130   176
12140   176
12150   176
12160   176
12170   176
12180   176
12190   176
12200   176
12210   176
12220   176
12230   176
12240   176
12250   176
12260   176
12270   176
12280   176
12290   176
12300   176
12310   176
12320   176
12330   176
12340   176
12350   176
12360   176
12370   176
12380   176
12390   176
12400   176
12410   176
12420   176
12430   176
12440   176
12450   176
12460   176
12470   176
12480   176
12490   176
12500   176
12510   176
12520   176
12530   176
12540   176
12550   176
12560   176
12570   176
12580   176
12590   176
12600   176
12610   176
12620   176
12630   176
12640   176
12650   176
12660   176
12670   176
12680   176
12690   176
12700   176
12710   176
12720   176
12730   176
12740   176
12750   176
12760   176
12770   176
12780   176
12790   176
12800   176
12810   176
12820   176
12830   176
12840   176
12850   176
12860   176
12870   176
12880   176
12890   176
12900   176
12910   176
12920   176
12930   176
12940   176
12950   176
12960   176
12970   176
12980   176
12990   176
13000   176
13010   176
13020   176
13030   176
13040   176
13050   176
13060   176
13070   176
13080   176
13090   176
13100   176
13110   176
13120   176
13130   176
13140   176
13150   176
13160   176
13170   176
13180   176
13190   176
13200   176
13210   176
13220   176
13230   176
13240   176
13250   176
13260   176
13270   176
13280   176
13290   176
13300   176
13310   176
13320   176
13330   176
13340   176
13350   176
13360   176
13370   176
13380   176
13390   176
13400   176
13410   176
13420   176
13430   176
13440   176
13450   176
13460   176
13470   176
13480   176
13490   176
13500   176
13510   176
13520   176
13530   176
13540   176
13550   176
13560   176
13570   176
13580   176
13590   176
13600   176
13610   176
13620   176
13630   176
13640   176
13650   176
13660   176
13670   176
13680   176
13690   176
13700   176
13710   176
13720   176
13730   176
13740   176
13750   176
13760   176
13770   176
13780   176
13790   176
13800   176
13810   176
13820   176
13830   176
13840   176
13850   176
13860   176
13870   176
13880   176
13890   176
13900   176
13910   176
13920   176
13930   176
13940   176
13950   176
13960   176
13970   176
13980   176
13990   176
14000   176
14010   176
14020   176
14030   176
14040   176
14050   176
14060   176
14070   176
14080   176
14090   176
14100   176
14110   176
14120   176
14130   176
14140   176
14150   176
14160   176
14170   176
14180   176
14190   176
14200   176
14210   176
14220   176
14230   176
14240   176
14250   176
14260   176
14270   176
14280   176
14290   176
14300   176
14310   176
14320   176
14330   176
14340   176
14350   176
14360   176
14370   176
14380   176
14390   176
14400   176
14410   176
14420   176
14430   176
14440   176
14450   176
14460   176
14470   176
14480   176
14490   176
14500   176
14510   176
14520   176
14530   176
14540   176
14550   176
14560   176
14570   176
14580   176
14590   176
14600   176
14610   176
14620   176
14630   176
14640   176
14650   176
14660   176
14670   176
14680   176
14690   176
14700   176
14710   176
14720   176
14730   176
14740   176
14750   176
14760   176
14770   176
14780   176
14790   176
14800   176
14810   176
14820   176
14830   176
14840   176
14850   176
14860   176
14870   176
14880   176
14890   176
14900   176
14910   176
14920   176
14930   176
14940   176
14950   176
14960   176
14970   176
14980   176
14990   176
15000   176
15010   176
15020   176
15030   176
15040   176
15050   176
15060   176
15070   176
15080   176
15090   176
15100   176
15110   176
15120   176
15130   176
15140   176
15150   176
15160   176
15170   176
15180   176
15190   176
15200   176
15210   176
15220   176
15230   176
15240   176
15250   176
15260   176
15270   176
15280   176
15290   176
15300   176
15310   176
15320   176
15330   176
15340   176
15350   176
15360   176
15370   176
15380   176
15390   176
15400   176
15410   176
15420   176
15430   176
15440   176
15450   176
15460   176
15470   176
15480   176
15490   176
15500   176
15510   176
15520   176
15530   176
15540   176
15550   176
15560   176
15570   176
15580   176
15590   176
15600   176
15610   176
15620   176
15630   176
15640   176
15650   176
15660   176
15670   176
15680   176
15690   176
15700   176
15710   176
15720   176
15730   176
15740   176
15750   176
15760   176
15770   176
15780   176
15790   176
15800   176
15810   176
15820   176
15830   176
15840   176
15850   176
15860   176
15870   176
15880   176
15890   176
15900   176
15910   176
15920   176
15930   176
15940   176
15950   176
15960   176
15970   176
15980   176
15990   176
16000   176
16010   176
16020   176
16030   176
16040   176
16050   176
16060   176
16070   176
16080   176
16090   176
16100   176
16110   176
16120   176
16130   176
16140   176
16150   176
16160   176
16170   176
16180   176
16190   176
16200   176
16210   176
16220   176
16230   176
16240   176
16250   176
16260   176
16270   176
16280   176
16290   176
16300   176
16310   176
16320   176
16330   176
16340   176
16350   176
16360   176
16370   176
16380   176
16390   176
16400   176
16410   176
16420   176
16430   176
16440   176
16450   176
16460   176
16470   176
16480   176
16490   176
16500   176
16510   176
16520   176
16530   176
16540   176
16550   176
16560   176
16570   176
16580   176
16590   176
16600   176
16610   176
16620   176
16630   176
16640   176
16650   176
16660   176
16670   176
16680   176
16690   176
16700   176
16710   176
16720   176
16730   176
16740   176
16750   176
16760   176
16770   176
16780   176
16790   176
16800   176
16810   176
16820   176
16830   176
16840   176
16850   176
16860   176
16870   176
16880   176
16890   176
16900   176
16910   176
16920   176
16930   176
16940   176
16950   176
16960   176
16970   176
16980   176
16990   176
17000   176
17010   176
17020   176
17030   176
17040   176
17050   176
17060   176
17070   176
17080   176
17090   176
17100   176
17110   176
17120   176
17130   176
17140   176
17150   176
17160   176
17170   176
17180   176
17190   176
17200   176
17210   176
17220   176
17230   176
17240   176
17250   176
17260   176
17270   176
17280   176
17290   176
17300   176
17310   176
17320   176
17330   176
17340   176
17350   176
17360   176
17370   176
17380   176
17390   176
17400   176
17410   176
17420   176
17430   176
17440   176
17450   176
17460   176
17470   176
17480   176
17490   176
17500   176
17510   176
17520   176
17530   176
17540   176
17550   176
17560   176
17570   176
17580   176
17590   176
17600   176
17610   176
17620   176
17630   176
17640   176
17650   176
17660   176
17670   176
17680   176
17690   176
17700   176
17710   176
17720   176
17730   176
17740   176
17750   176
17760   176
17770   176
17780   176
17790   176
17800   176
17810   176
17820   176
17830   176
17840   176
17850   176
17860   176
17870   176
17880   176
17890   176
17900   176
17910   176
17920   176
17930   176
17940   176
17950   176
17960   176
17970   176
17980   176
17990   176
18000   176
18010   176
18020   176
18030   176
18040   176
18050   176
18060   176
18070   176
18080   176
18090   176
18100   176
18110   176
18120   176
18130   176
18140   176
18150   176
18160   176
18170   176
18180   176
18190   176
18200   176
18210   176
18220   176
18230   176
18240   176
18250   176
18260   176
18270   176
18280   176
18290   176
18300   176
18310   176
18320   176
18330   176
18340   176
18350   176
18360   176
18370   176
18380   176
18390   176
18400   176
18410   176
18420   176
18430   176
18440   176
18450   176
18460   176
18470   176
18480   176
18490   176
18500   176
18510   176
18520   176
18530   176
18540   176
18550   176
18560   176
18570   176
18580   176
18590   176
18600   176
18610   176
18620   176
18630   176
18640   176
18650   176
18660   176
18670   176
18680   176
18690   176
18700   176
18710   176
18720   176
18730   176
18740   176
18750   176
18760   176
18770   176
18780   176
18790   176
18800   176
18810   176
18820   176
18830   176
18840   176
18850   176
18860   176
18870   176
18880   176
18890   176
18900   176
18910   176
18920   176
18930   176
18940   176
18950   176
18960   176
18970   176
18980   176
18990   176
19000   176
19010   176
19020   176
19030   176
19040   176
19050   176
19060   176
19070   176
19080   176
19090   176
19100   176
19110   176
19120   176
19130   176
19140   176
19150   176
19160   176
19170   176
19180   176
19190   176
19200   176
19210   176
19220   176
19230   176
19240   176
19250   176
19260   176
19270   176
19280   176
19290   176
19300   176
19310   176
19320   176
19330   176
19340   176
19350   176
19360   176
19370   176
19380   176
19390   176
19400   176
19410   176
19420   176
19430   176
19440   176
19450   176
19460   176
19470   176
19480   176
19490   176
19500   176
19510   176
19520   176
19530   176
19540   176
19550   176
19560   176
19570   176
19580   176
19590   176
19600   176
19610   176
19620   176
19630   176
19640   176
19650   176
19660   176
19670   176
19680   176
19690   176
19700   176
19710   176
19720   176
19730   176
19740   176
19750   176
19760   176
19770   176
19780   176
19790   176
19800   176
19810   176
19820   176
19830   176
19840   176
19850   176
19860   176
19870   176
19880   176
19890   176
19900   176
19910   176
19920   176
19930   176
19940   176
19950   176
19960   176
19970   176
19980   176
19990   176
20000   176
20010   176
20020   176
20030   176
20040   176
20050   176
20060   176
20070   176
20080   176
20090   176
20100   176
20110   176
20120   176
20130   176
20140   176
20150   176
20160   176
20170   176
20180   176
20190   176
20200   176
20210   176
20220   176
20230   176
20240   176
20250   176
20260   176
20270   176
20280   176
20290   176
20300   176
20310   176
20320   176
20330   176
20340   176
20350   176
20360   176
20370   176
20380   176
20390   176
20400   176
20410   176
20420   176
20430   176
20440   176
20450   176
20460   176
20470   176
20480   176
20490   176
20500   176
20510   176
20520   176
20530   176
20540   176
20550   176
20560   176
20570   176
20580   176
20590   176
20600   176
20610   176
20620   176
20630   176
20640   176
20650   176
20660   176
20670   176
20680   176
20690   176
20700   176
20710   176
20720   176
20730   176
20740   176
20750   176
20760   176
20770   176
20780   176
20790   176
20800   176
20810   176
20820   176
20830   176
20840   176
20850   176
20860   176
20870   176
20880   176
20890   176
20900   176
20910   176
20920   176
20930   176
20940   176
20950   176
20960   176
20970   176
20980   176
20990   176
21000   176
21010   176
21020   176
21030   176
21040   176
21050   176
21060   176
21070   176
21080   176
21090   176
21100   176
21110   176
21120   176
21130   176
21140   176
21150   176
21160   176
21170   176
21180   176
21190   176
21200   176
21210   176
21220   176
21230   176
21240   176
21250   176
21260   176
21270   176
21280   176
21290   176
21300   176
21310   176
21320   176
21330   176
21340   176
21350   176
21360   176
21370   176
21380   176
21390   176
21400   176
21410   176
21420   176
21430   176
21440   176
21450   176
21460   176
21470   176
21480   176
21490   176
21500   176
21510   176
21520   176
21530   176
21540   176
21550   176
21560   176
21570   176
21580   176
21590   176
21600   176
21610   176
21620   176
21630   176
21640   176
21650   176
21660   176
21670   176
21680   176
21690   176
21700   176
21710   176
21720   176
21730   176
21740   176
21750   176
21760   176
21770   176
21780   176
21790   176
21800   176
21810   176
21820   176
21830   176
21840   176
21850   176
21860   176
21870   176
21880   176
21890   176
21900   176
21910   176
21920   176
21930   176
21940   176
21950   176
21960   176
21970   176
21980   176
21990   176
22000   176
22010   176
22020   176
22030   176
22040   176
22050   176
22060   176
22070   176
22080   176
22090   176
22100   176
22110   176
22120   176
22130   176
22140   176
22150   176
22160   176
22170   176
22180   176
22190   176
22200   176
22210   176
22220   176
22230   176
22240   176
22250   176
22260   176
22270   176
22280   176
22290   176
22300   176
22310   176
22320   176
22330   176
22340   176
22350   176
22360   176
22370   176
22380   176
22390   176
22400   176
22410   176
22420   176
22430   176
22440   176
22450   176
22460   176
22470   176
22480   176
22490   176
22500   176
22510   176
22520   176
22530   176
22540   176
22550   176
22560   176
22570   176
22580   176
22590   176
22600   176
22610   176
22620   176
22630   176
22640   176
22650   176
22660   176
22670   176
22680   176
22690   176
22700   176
22710   176
22720   176
22730   176
22740   176
22750   176
22760   176
22770   176
22780   176
22790   176
22800   176
22810   176
22820   176
22830   176
22840   176
22850   176
22860   176
22870   176
22880   176
22890   176
22900   176
22910   176
22920   176
22930   176
22940   176
22950   176
22960   176
22970   176
22980   176
22990   176
23000   176
23010   176
23020   176
23030   176
23040   176
23050   176
23060   176
23070   176
23080   176
23090   176
23100   176
23110   176
23120   176
23130   176
23140   176
23150   176
23160   176
23170   176
23180   176
23190   176
23200   176
23210   176
23220   176
23230   176
23240   176
23250   176
23260   176
23270   176
23280   176
23290   176
23300   176
23310   176
23320   176
23330   176
23340   176
23350   176
23360   176
23370   176
23380   176
23390   176
23400   176
23410   176
23420   176
23430   176
23440   176
23450   176
23460   176
23470   176
23480   176
23490   176
23500   176
23510   176
23520   176
23530   176
23540   176
23550   176
23560   176
23570   176
23580   176
23590   176
23600   176
23610   176
23620   176
23630   176
23640   176
23650   176
23660   176
23670   176
23680   176
23690   176
23700   176
23710   176
23720   176
23730   176
23740   176
23750   176
23760   176
23770   176
23780   176
23790   176
23800   176
23810   176
23820   176
23830   176
23840   176
23850   176
23860   176
23870   176
23880   176
23890   176
23900   176
23910   176
23920   176
23930   176
23940   176
23950   176
23960   176
23970   176
23980   176
23990   176
24000   176
24010   176
24020   176
24030   176
24040   176
24050   176
24060   176
24070   176
24080   176
24090   176
24100   176
24110   176
24120   176
24130   176
24140   176
24150   176
24160   176
24170   176
24180   176
24190   176
24200   176
24210   176
24220   176
24230   176
24240   176
24250   176
24260   176
24270   176
24280   176
24290   176
24300   176
24310   176
24320   176
24330   176
24340   176
24350   176
24360   176
24370   176
24380   176
24390   176
24400   176
24410   176
24420   176
24430   176
24440   176
24450   176
24460   176
24470   176
24480   176
24490   176
24500   176
24510   176
24520   176
24530   176
24540   176
24550   176
24560   176
24570   176
24580   176
24590   176
24600   176
24610   176
24620   176
24630   176
24640   176
24650   176
24660   176
24670   176
24680   176
24690   176
24700   176
24710   176
24720   176
24730   176
24740   176
24750   176
24760   176
24770   176
24780   176
24790   176
24800   176
24810   176
24820   176
24830   176
24840   176
24850   176
24860   176
24870   176
24880   176
24890   176
24900   176
24910   176
24920   176
24930   176
24940   176
24950   176
24960   176
24970   176
24980   176
24990   176
25000   176
25010   176
25020   176
25030   176
25040   176
25050   176
25060   176
25070   176
25080   176
25090   176
25100   176
25110   176
25120   176
25130   176
25140   176
25150   176
25160   176
25170   176
25180   176
25190   176
25200   176
25210   176
25220   176
25230   176
25240   176
25250   176
25260   176
25270   176
25280   176
25290   176
25300   176
25310   176
25320   176
25330   176
25340   176
25350   176
25360   176
25370   176
25380   176
25390   176
25400   176
25410   176
25420   176
25430   176
25440   176
25450   176
25460   176
25470   176
25480   176
25490   176
25500   176
25510   176
25520   176
25530   176
25540   176
25550   176
25560   176
25570   176
25580   176
25590   176
25600   176
25610   176
25620   176
25630   176
25640   176
25650   176
25660   176
25670   176
25680   176
25690   176
25700   176
25710   176
25720   176
25730   176
25740   176
25750   176
25760   176
25770   176
25780   176
25790   176
25800   176
25810   176
25820   176
25830   176
25840   176
25850   176
25860   176
25870   176
25880   176
25890   176
25900   176
25910   176
25920   176
25930   176
25940   176
25950   176
25960   176
25970   176
25980   176
25990   176
26000   176
26010   176
26020   176
26030   176
26040   176
26050   176
26060   176
26070   176
26080   176
26090   176
26100   176
26110   176
26120   176
26130   176
26140   176
26150   176
26160   176
26170   176
26180   176
26190   176
26200   176
26210   176
26220   176
26230   176
26240   176
26250   176
26260   176
26270   176
26280   176
26290   176
26300   176
26310   176
26320   176
26330   176
26340   176
26350   176
26360   176
26370   176
26380   176
26390   176
26400   176
26410   176
26420   176
26430   176
26440   176
26450   176
26460   176
26470   176
26480   176
26490   176
26500   176
26510   176
26520   176
26530   176
26540   176
26550   176
26560   176
26570   176
26580   176
26590   176
26600   176
26610   176
26620   176
26630   176
26640   176
26650   176
26660   176
26670   176
26680   176
26690   176
26700   176
26710   176
26720   176
26730   176
26740   176
26750   176
26760   176
26770   176
26780   176
26790   176
26800   176
26810   176
26820   176
26830   176
26840   176
26850   176
26860   176
26870   176
26880   176
26890   176
26900   176
26910   176
26920   176
26930   176
26940   176
26950   176
26960   176
26970   176
26980   176
26990   176
27000   176
27010   176
27020   176
27030   176
27040   176
27050   176
27060   176
27070   176
27080   176
27090   176
27100   176
27110   176
27120   176
27130   176
27140   176
27150   176
27160   176
27170   176
27180   176
27190   176
27200   176
27210   176
27220   176
27230   176
27240   176
27250   176
27260   176
27270   176
27280   176
27290   176
27300   176
27310   176
27320   176
27330   176
27340   176
27350   176
27360   176
27370   176
27380   176
27390   176
27400   176
27410   176
27420   176
27430   176
27440   176
27450   176
27460   176
27470   176
27480   176
27490   176
27500   176
27510   176
27520   176
27530   176
27540   176
27550   176
27560   176
27570   176
27580   176
27590   176
27600   176
27610   176
27620   176
27630   176
27640   176
27650   176
27660   176
27670   176
27680   176
27690   176
27700   176
27710   176
27720   176
27730   176
27740   176
27750   176
27760   176
27770   176
27780   176
27790   176
27800   176
27810   176
27820   176
27830   176
27840   176
27850   176
27860   176
27870   176
27880   176
27890   176
27900   176
27910   176
27920   176
27930   176
27940   176
27950   176
27960   176
27970   176
27980   176
27990   176
28000   176
28010   176
28020   176
28030   176
28040   176
28050   176
28060   176
28070   176
28080   176
28090   176
28100   176
28110   176
28120   176
28130   176
28140   176
28150   176
28160   176
28170   176
28180   176
28190   176
28200   176
28210   176
28220   176
28230   176
28240   176
28250   176
28260   176
28270   176
28280   176
28290   176
28300   176
28310   176
28320   176
28330   176
28340   176
28350   176
28360   176
28370   176
28380   176
28390   176
28400   176
28410   176
28420   176
28430   176
28440   176
28450   176
28460   176
28470   176
28480   176
28490   176
28500   176
28510   176
28520   176
28530   176
28540   176
28550   176
28560   176
28570   176
28580   176
28590   176
28600   176
28610   176
28620   176
28630   176
28640   176
28650   176
28660   176
28670   176
28680   176
28690   176
28700   176
28710   176
28720   176
28730   176
28740   176
28750   176
28760   176
28770   176
28780   176
28790   176
28800   176
28810   176
28820   176
28830   176
28840   176
28850   176
28860   176
28870   176
28880   176
28890   176
28900   176
28910   176
28920   176
28930   176
28940   176
28950   176
28960   176
28970   176
28980   176
28990   176
29000   176
29010   176
29020   176
29030   176
29040   176
29050   176
29060   176
29070   176
29080   176
29090   176
29100   176
29110   176
29120   176
29130   176
29140   176
29150   176
29160   176
29170   176
29180   176
29190   176
29200   176
29210   176
29220   176
29230   176
29240   176
29250   176
29260   176
29270   176
29280   176
29290   176
29300   176
29310   176
29320   176
29330   176
29340   176
29350   176
29360   176
29370   176
29380   176
29390   176
29400   176
29410   176
29420   176
29430   176
29440   176
29450   176
29460   176
29470   176
29480   176
29490   176
29500   176
29510   176
29520   176
29530   176
29540   176
29550   176
29560   176
29570   176
29580   176
29590   176
29600   176
29610   176
29620   176
29630   176
29640   176
29650   176
29660   176
29670   176
29680   176
29690   176
29700   176
29710   176
29720   176
29730   176
29740   176
29750   176
29760   176
29770   176
29780   176
29790   176
29800   176
29810   176
29820   176
29830   176
29840   176
29850   176
29860   176
29870   176
29880   176
29890   176
29900   176
29910   176
29920   176
29930   176
29940   176
29950   176
29960   176
29970   176
29980   176
29990   176
30000   176
30010   176
30020   176
30030   176
30040   176
30050   176
30060   176
30070   176
30080   176
30090   176
30100   176
30110   176
30120   176
30130   176
30140   176
30150   176
30160   176
30170   176
30180   176
30190   176
30200   176
30210   176
30220   176
30230   176
30240   176
30250   176
30260   176
30270   176
30280   176
30290   176
30300   176
30310   176
30320   176
30330   176
30340   176
30350   176
30360   176
30370   176
30380   176
30390   176
30400   176
30410   176
30420   176
30430   176
30440   176
30450   176
30460   176
30470   176
30480   176
30490   176
30500   176
30510   176
30520   176
30530   176
30540   176
30550   176
30560   176
30570   176
30580   176
30590   176
30600   176
30610   176
30620   176
30630   176
30640   176
30650   176
30660   176
30670   176
30680   176
30690   176
30700   176
30710   176
30720   176
30730   176
30740   176
30750   176
30760   176
30770   176
30780   176
30790   176
30800   176
30810   176
30820   176
30830   176
30840   176
30850   176
30860   176
30870   176
30880   176
30890   176
30900   176
30910   176
30920   176
30930   176
30940   176
30950   176
30960   176
30970   176
30980   176
30990   176
31000   176
31010   176
31020   176
31030   176
31040   176
31050   176
31060   176
31070   176
31080   176
31090   176
31100   176
31110   176
31120   176
31130   176
31140   176
31150   176
31160   176
31170   176
31180   176
31190   176
31200   176
31210   176
31220   176
31230   176
31240   176
31250   176
31260   176
31270   176
31280   176
31290   176
31300   176
31310   176
31320   176
31330   176
31340   176
31350   176
31360   176
31370   176
31380   176
31390   176
31400   176
31410   176
31420   176
31430   176
31440   176
31450   176
31460   176
31470   176
31480   176
31490   176
31500   176
31510   176
31520   176
31530   176
31540   176
31550   176
31560   176
31570   176
31580   176
31590   176
31600   176
31610   176
31620   176
31630   176
31640   176
31650   176
31660   176
31670   176
31680   176
31690   176
31700   176
31710   176
31720   176
31730   176
31740   176
31750   176
31760   176
31770   176
31780   176
31790   176
31800   176
31810   176
31820   176
31830   176
31840   176
31850   176
31860   176
31870   176
31880   176
31890   176
31900   176
31910   176
31920   176
31930   176
31940   176
31950   176
31960   176
31970   176
31980   176
31990   176
32000   176
32010   176
32020   176
32030   176
32040   176
32050   176
32060   176
32070   176
32080   176
32090   176
32100   176
32110   176
32120   176
32130   176
32140   176
32150   176
32160   176
32170   176
32180   176
32190   176
32200   176
32210   176
32220   176
32230   176
32240   176
32250   176
32260   176
32270   176
32280   176
32290   176
32300   176
32310   176
32320   176
32330   176
32340   176
32350   176
32360   176
32370   176
32380   176
32390   176
32400   176
32410   176
32420   176
32430   176
32440   176
32450   176
32460   176
32470   176
32480   176
32490   176
32500   176
32510   176
32520   176
32530   176
32540   176
32550   176
32560   176
32570   176
32580   176
32590   176
32600   176
32610   176
32620   176
32630   176
32640   176
32650   176
32660   176
32670   176
32680   176
32690   176
32700   176
32710   176
32720   176
32730   176
32740   176
32750   176
32760   176
32770   176
32780   176
32790   176
32800   176
32810   176
32820   176
32830   176
32840   176
32850   176
32860   176
32870   176
32880   176
32890   176
32900   176
32910   176
32920   176
32930   176
32940   176
32950   176
32960   176
32970   176
32980   176
32990   176
33000   176
33010   176
33020   176
33030   176
33040   176
33050   176
33060   176
33070   176
33080   176
33090   176
33100   176
33110   176
33120   176
33130   176
33140   176
33150   176
33160   176
33170   176
33180   176
33190   176
33200   176
33210   176
33220   176
33230   176
33240   176
33250   176
33260   176
33270   176
33280   176
33290   176
33300   176
33310   176
33320   176
33330   176
33340   176
33350   176
33360   176
33370   176
33380   176
33390   176
33400   176
33410   176
33420   176
33430   176
33440   176
33450   176
33460   176
33470   176
33480   176
33490   176
33500   176
33510   176
33520   176
33530   176
33540   176
33550   176
33560   176
33570   176
33580   176
33590   176
33600   176
33610   176
33620   176
33630   176
33640   176
33650   176
33660   176
33670   176
33680   176
33690   176
33700   176
33710   176
33720   176
33730   176
33740   176
33750   176
33760   176
33770   176
33780   176
33790   176
33800   176
33810   176
33820   176
33830   176
33840   176
33850   176
33860   176
33870   176
33880   176
33890   176
33900   176
33910   176
33920   176
33930   176
33940   176
33950   176
33960   176
33970   176
33980   176
33990   176
34000   176
34010   176
34020   176
34030   176
34040   176
34050   176
34060   176
34070   176
34080   176
34090   176
34100   176
34110   176
34120   176
34130   176
34140   176
34150   176
34160   176
34170   176
34180   176
34190   176
34200   176
34210   176
34220   176
34230   176
34240   176
34250   176
34260   176
34270   176
34280   176
34290   176
34300   176
34310   176
34320   176
34330   176
34340   176
34350   176
34360   176
34370   176
34380   176
34390   176
34400   176
34410   176
34420   176
34430   176
34440   176
34450   176
34460   176
34470   176
34480   176
[ [ 0, 0, 1, 0, 1, 0, 0, 0, 0, 1, 1, 1, 0, 0, 0, 0, 0, 0, 1, 1, 0, 1, 1, 0, 
      0, 0, 0, 0, 1, 0, 0, 0, 0, 1, 0, 0, 0, 0, 0, 1, 1, 0, 0, 0, 1, 1, 0, 0, 
      0, 0, 1, 0, 1, 1, 0, 1, 1, 0, 1, 0, 1, 0, 0, 1, 1, 0, 0, 1, 0, 1, 1, 1, 
      1, 1, 1, 0, 0, 0, 1, 0, 0, 0, 0, 1, 0, 1, 1, 0, 0, 0, 1, 0, 0, 1, 0, 1, 
      1, 0, 1, 1, 0, 0, 0, 0, 0, 0, 0, 1, 0, 1, 1, 0, 0, 0, 0, 0, 0, 0, 1, 0, 
      0, 1, 0, 0, 0, 1, 0, 0, 1, 1, 1, 1, 1, 0, 0, 1, 1, 1, 0, 1, 0, 0, 1, 0, 
      1, 1, 0, 1, 0, 0, 0, 0, 0, 0, 0, 0, 1, 1, 0, 0, 1, 0, 0, 1, 0, 1, 0, 0, 
      0, 0, 1, 1, 0, 0, 0, 0, 0, 1, 0, 1, 0, 0, 1 ], 0 ]