10   20330
20   20330
30   20330
40   20330
50   20289
60   20289
70   20289
80   20289
90   20289
100   20289
110   20289
120   20289
130   20289
140   20289
150   20289
160   20289
170   20289
180   20289
190   20289
200   20289
210   20289
220   20289
230   20289
240   20289
250   20289
260   20289
270   20289
280   20289
290   20289
300   20289
310   20289
320   20289
330   20289
340   20289
350   20289
360   20289
370   20289
380   20289
390   20289
400   20289
410   20289
420   20289
430   20289
440   20289
450   20289
460   20289
470   20289
480   20289
490   20289
500   20289
510   20289
520   20289
530   20289
540   20289
550   20289
560   20289
570   20289
580   20289
590   20289
600   20289
610   20289
620   20289
630   20289
640   20289
650   20289
660   20289
670   20289
680   20289
690   20289
700   20289
710   20289
720   20289
730   20289
740   20289
750   20289
760   20289
770   20289
780   20289
790   20289
800   20289
810   20289
820   20289
830   20289
840   20289
850   20289
860   20289
870   20289
880   20289
890   20289
900   20289
910   20289
920   20289
930   20289
940   20289
950   20289
960   20289
970   20289
980   20289
990   20289
1000   20289
1010   20289
1020   20289
1030   20289
1040   20289
1050   20289
1060   20289
1070   20289
1080   20289
1090   20289
1100   20289
1110   20289
1120   20289
1130   20289
1140   20289
1150   20289
1160   20289
1170   20289
1180   20289
1190   20289
1200   20289
1210   20289
1220   20289
1230   20289
1240   20289
1250   20289
1260   20289
1270   20289
1280   20289
1290   20289
1300   20289
1310   20260
1320   20260
1330   20260
1340   20260
1350   20260
1360   20260
1370   20260
1380   20260
1390   20260
1400   20260
1410   20260
1420   20260
1430   20260
1440   20260
1450   20260
1460   20260
1470   20260
1480   20260
1490   20260
1500   20260
1510   20260
1520   20260
1530   20260
1540   20260
1550   20260
1560   20260
1570   20260
1580   20260
1590   20260
1600   20260
1610   20260
1620   20260
1630   20260
1640   20260
1650   20260
1660   20260
1670   20260
1680   20260
1690   20260
1700   20260
1710   20260
1720   20260
1730   20260
1740   20260
1750   20260
1760   20241
1770   20241
1780   20241
1790   20241
1800   20241
1810   20241
1820   20241
1830   20241
1840   20241
1850   20241
1860   20241
1870   20241
1880   20241
1890   20241
1900   20241
1910   20241
1920   20241
1930   20241
1940   20241
1950   20241
1960   20241
1970   20241
1980   20241
1990   20241
2000   20241
2010   20241
2020   20241
2030   20241
2040   20241
2050   20241
2060   20241
2070   20241
2080   20241
2090   20241
2100   20241
2110   20241
2120   20241
2130   20241
2140   20241
2150   20241
2160   20241
2170   20241
2180   20241
2190   20241
2200   20241
2210   20241
2220   20241
2230   20241
2240   20241
2250   20241
2260   20241
2270   20241
2280   20241
2290   20241
2300   20241
2310   20241
2320   20241
2330   20241
2340   20241
2350   20241
2360   20241
2370   20241
2380   20241
2390   20241
2400   20241
2410   20241
2420   20241
2430   20241
2440   20241
2450   20241
2460   20241
2470   20241
2480   20241
2490   20241
2500   20241
2510   20241
2520   20241
2530   20241
2540   20241
2550   20241
2560   20241
2570   20241
2580   20241
2590   20241
2600   20241
2610   20241
2620   20241
2630   20241
2640   20241
2650   20241
2660   20241
2670   20241
2680   20241
2690   20241
2700   20241
2710   20241
2720   20241
2730   20241
2740   20241
2750   20241
2760   20241
2770   20241
2780   20241
2790   20241
2800   20241
2810   20241
2820   20241
2830   20241
2840   20241
2850   20241
2860   20241
2870   20241
2880   20241
2890   20241
2900   20241
2910   20241
2920   20241
2930   20241
2940   20241
2950   20241
2960   20241
2970   20241
2980   20241
2990   20241
3000   20241
3010   20241
3020   20241
3030   20241
3040   20241
3050   20241
3060   20241
3070   20241
3080   20241
3090   20241
3100   20241
3110   20241
3120   20241
3130   20241
3140   20241
3150   20241
3160   20241
3170   20241
3180   20241
3190   20241
3200   20241
3210   20241
3220   20241
3230   20241
3240   20241
3250   20241
3260   20241
3270   20241
3280   20241
3290   20241
3300   20241
3310   20241
3320   20241
3330   20241
3340   20241
3350   20241
3360   20241
3370   20241
3380   20241
3390   20241
3400   20241
3410   20241
3420   20241
3430   20241
3440   20241
3450   20241
3460   20241
3470   20241
3480   20241
3490   20241
3500   20241
3510   20241
3520   20241
3530   20241
3540   20241
3550   20241
3560   20241
3570   20241
3580   20241
3590   20241
3600   20241
3610   20241
3620   20241
3630   20241
3640   20241
3650   20241
3660   20241
3670   20241
3680   20241
3690   20241
3700   20241
3710   20241
3720   20241
3730   20241
3740   20241
3750   20241
3760   20241
3770   20241
3780   20241
3790   20241
3800   20241
3810   20241
3820   20241
3830   20241
3840   20241
3850   20241
3860   20241
3870   20241
3880   20241
3890   20241
3900   20241
3910   20241
3920   20241
3930   20241
3940   20241
3950   20241
3960   20241
3970   20241
3980   20241
3990   20241
4000   20241
4010   20241
4020   20241
4030   20241
4040   20241
4050   20241
4060   20241
4070   20241
4080   20241
4090   20241
4100   20241
4110   20241
4120   20241
4130   20241
4140   20241
4150   20241
4160   20241
4170   20241
4180   20241
4190   20241
4200   20241
4210   20241
4220   20241
4230   20241
4240   20241
4250   20241
4260   20241
4270   20241
4280   20241
4290   20241
4300   20241
4310   20241
4320   20241
4330   20241
4340   20241
4350   20241
4360   20241
4370   20241
4380   20241
4390   20241
4400   20241
4410   20241
4420   20241
4430   20241
4440   20241
4450   20241
4460   20241
4470   20241
4480   20241
4490   20241
4500   20241
4510   20241
4520   20241
4530   20241
4540   20241
4550   20241
4560   20241
4570   20241
4580   20241
4590   20241
4600   20241
4610   20241
4620   20241
4630   20241
4640   20241
4650   20241
4660   20241
4670   20241
4680   20241
4690   20241
4700   20241
4710   20241
4720   20241
4730   20241
4740   20241
4750   20241
4760   20241
4770   20241
4780   20241
4790   20241
4800   20241
4810   20241
4820   20241
4830   20241
4840   20241
4850   20241
4860   20241
4870   20241
4880   20241
4890   20241
4900   20241
4910   20241
4920   20241
4930   20241
4940   20241
4950   20241
4960   20241
4970   20241
4980   20232
4990   20232
5000   20232
5010   20232
5020   20232
5030   20232
5040   20232
5050   20232
5060   20232
5070   20232
5080   20232
5090   20232
5100   20232
5110   20232
5120   20232
5130   20232
5140   20232
5150   20232
5160   20232
5170   20232
5180   20232
5190   20232
5200   20232
5210   20232
5220   20232
5230   20232
5240   20232
5250   20232
5260   20232
5270   20232
5280   20232
5290   20232
5300   20232
5310   20232
5320   20232
5330   20232
5340   20232
5350   20232
5360   20232
5370   20232
5380   20232
5390   20232
5400   20232
5410   20232
5420   20232
5430   20232
5440   20232
5450   20232
5460   20232
5470   20232
5480   20232
5490   20232
5500   20232
5510   20232
5520   20232
5530   20232
5540   20232
5550   20232
5560   20232
5570   20232
5580   20232
5590   20232
5600   20232
5610   20232
5620   20232
5630   20232
5640   20232
5650   20232
5660   20232
5670   20232
5680   20232
5690   20232
5700   20232
5710   20232
5720   20232
5730   20232
5740   20232
5750   20232
5760   20232
5770   20232
5780   20232
5790   20232
5800   20232
5810   20232
5820   20232
5830   20232
5840   20232
5850   20232
5860   20232
5870   20232
5880   20232
5890   20232
5900   20232
5910   20232
5920   20232
5930   20232
5940   20232
5950   20232
5960   20232
5970   20232
5980   20232
5990   20232
6000   20232
6010   20232
6020   20232
6030   20232
6040   20232
6050   20232
6060   20232
6070   20232
6080   20232
6090   20232
6100   20232
6110   20232
6120   20232
6130   20232
6140   20232
6150   20232
6160   20232
6170   20232
6180   20232
6190   20232
6200   20232
6210   20232
6220   20232
6230   20232
6240   20232
6250   20232
6260   20232
6270   20232
6280   20232
6290   20232
6300   20232
6310   20232
6320   20232
6330   20232
6340   20232
6350   20232
6360   20232
6370   20232
6380   20232
6390   20232
6400   20232
6410   20232
6420   20232
6430   20232
6440   20232
6450   20232
6460   20232
6470   20232
6480   20232
6490   20232
6500   20232
6510   20232
6520   20232
6530   20232
6540   20232
6550   20232
6560   20232
6570   20232
6580   20232
6590   20232
6600   20232
6610   20232
6620   20232
6630   20232
6640   20232
6650   20232
6660   20232
6670   20232
6680   20232
6690   20232
6700   20232
6710   20232
6720   20232
6730   20232
6740   20232
6750   20232
6760   20232
6770   20232
6780   20232
6790   20232
6800   20232
6810   20232
6820   20232
6830   20232
6840   20232
6850   20232
6860   20232
6870   20232
6880   20232
6890   20232
6900   20232
6910   20232
6920   20232
6930   20232
6940   20232
6950   20232
6960   20232
6970   20232
6980   20232
6990   20232
7000   20232
7010   20232
7020   20232
7030   20232
7040   20232
7050   20232
7060   20232
7070   20232
7080   20232
7090   20232
7100   20232
7110   20232
7120   20232
7130   20232
7140   20232
7150   20232
7160   20232
7170   20232
7180   20232
7190   20232
7200   20232
7210   20232
7220   20232
7230   20232
7240   20232
7250   20232
7260   20232
7270   20232
7280   20232
7290   20232
7300   20232
7310   20232
7320   20232
7330   20232
7340   20232
7350   20232
7360   20232
7370   20232
7380   20232
7390   20232
7400   20232
7410   20232
7420   20232
7430   20232
7440   20232
7450   20232
7460   20232
7470   20232
7480   20232
7490   20232
7500   20232
7510   20232
7520   20232
7530   20232
7540   20232
7550   20232
7560   20232
7570   20232
7580   20232
7590   20232
7600   20232
7610   20232
7620   20232
7630   20232
7640   20232
7650   20232
7660   20232
7670   20232
7680   20232
7690   20232
7700   20232
7710   20232
7720   20232
7730   20232
7740   20232
7750   20232
7760   20232
7770   20232
7780   20232
7790   20232
7800   20232
7810   20232
7820   20232
7830   20232
7840   20232
7850   20232
7860   20232
7870   20232
7880   20232
7890   20232
7900   20232
7910   20232
7920   20232
7930   20232
7940   20232
7950   20232
7960   20232
7970   20232
7980   20232
7990   20232
8000   20232
8010   20232
8020   20232
8030   20232
8040   20232
8050   20232
8060   20232
8070   20232
8080   20232
8090   20232
8100   20232
8110   20232
8120   20232
8130   20232
8140   20232
8150   20232
8160   20232
8170   20232
8180   20232
8190   20232
8200   20232
8210   20232
8220   20232
8230   20232
8240   20232
8250   20232
8260   20232
8270   20232
8280   20232
8290   20232
8300   20232
8310   20232
8320   20232
8330   20232
8340   20232
8350   20232
8360   20232
8370   20232
8380   20232
8390   20232
8400   20232
8410   20232
8420   20232
8430   20232
8440   20232
8450   20232
8460   20232
8470   20232
8480   20232
8490   20232
8500   20232
8510   20232
8520   20232
8530   20232
8540   20232
8550   20232
8560   20232
8570   20232
8580   20232
8590   20232
8600   20232
8610   20232
8620   20232
8630   20232
8640   20232
8650   20232
8660   20232
8670   20232
8680   20232
8690   20232
8700   20232
8710   20232
8720   20232
8730   20232
8740   20232
8750   20232
8760   20232
8770   20232
8780   20232
8790   20232
8800   20232
8810   20232
8820   20232
8830   20232
8840   20232
8850   20232
8860   20232
8870   20232
8880   20232
8890   20232
8900   20232
8910   20232
8920   20232
8930   20232
8940   20232
8950   20232
8960   20232
8970   20232
8980   20232
8990   20232
9000   20232
9010   20232
9020   20232
9030   20232
9040   20232
9050   20232
9060   20232
9070   20232
9080   20232
9090   20232
9100   20232
9110   20232
9120   20232
9130   20232
9140   20232
9150   20232
9160   20232
9170   20232
9180   20232
9190   20232
9200   20232
9210   20232
9220   20232
9230   20232
9240   20232
9250   20232
9260   20232
9270   20232
9280   20232
9290   20232
9300   20232
9310   20232
9320   20232
9330   20232
9340   20232
9350   20232
9360   20232
9370   20232
9380   20232
9390   20232
9400   20232
9410   20232
9420   20232
9430   20232
9440   20232
9450   20232
9460   20232
9470   20232
9480   20232
9490   20232
9500   20232
9510   20232
9520   20232
9530   20232
9540   20232
9550   20232
9560   20232
9570   20232
9580   20232
9590   20232
9600   20232
9610   20232
9620   20232
9630   20232
9640   20232
9650   20232
9660   20232
9670   20232
9680   20232
9690   20232
9700   20232
9710   20232
9720   20232
9730   20232
9740   20232
9750   20232
9760   20232
9770   20232
9780   20232
9790   20232
9800   20232
9810   20232
9820   20232
9830   20232
9840   20232
9850   20232
9860   20232
9870   20232
9880   20232
9890   20232
9900   20232
9910   20232
9920   20232
9930   20232
9940   20232
9950   20232
9960   20232
9970   20232
9980   20232
9990   20232
10000   20232
10010   20232
10020   20232
10030   20232
10040   20232
10050   20232
10060   20232
10070   20232
10080   20232
10090   20232
10100   20232
10110   20232
10120   20232
10130   20232
10140   20232
10150   20232
10160   20232
10170   20232
10180   20232
10190   20232
10200   20232
10210   20232
10220   20232
10230   20232
10240   20232
10250   20232
10260   20232
10270   20232
10280   20232
10290   20232
10300   20232
10310   20232
10320   20232
10330   20232
10340   20232
10350   20232
10360   20232
10370   20232
10380   20232
10390   20232
10400   20232
10410   20232
10420   20232
10430   20232
10440   20232
10450   20232
10460   20232
10470   20232
10480   20232
10490   20232
10500   20232
10510   20232
10520   20232
10530   20232
10540   20232
10550   20232
10560   20232
10570   20232
10580   20232
10590   20232
10600   20232
10610   20232
10620   20232
10630   20232
10640   20232
10650   20232
10660   20232
10670   20232
10680   20232
10690   20232
10700   20232
10710   20232
10720   20232
10730   20232
10740   20232
10750   20232
10760   20232
10770   20232
10780   20232
10790   20232
10800   20232
10810   20232
10820   20232
10830   20232
10840   20232
10850   20232
10860   20232
10870   20232
10880   20232
10890   20232
10900   20232
10910   20232
10920   20232
10930   20232
10940   20232
10950   20232
10960   20232
10970   20232
10980   20232
10990   20232
11000   20232
11010   20232
11020   20232
11030   20232
11040   20232
11050   20232
11060   20232
11070   20232
11080   20232
11090   20232
11100   20232
11110   20232
11120   20232
11130   20232
11140   20232
11150   20232
11160   20232
11170   20232
11180   20232
11190   20232
11200   20232
11210   20232
11220   20232
11230   20232
11240   20232
11250   20232
11260   20232
11270   20232
11280   20232
11290   20232
11300   20232
11310   20232
11320   20232
11330   20232
11340   20232
11350   20232
11360   20232
11370   20232
11380   20232
11390   20232
11400   20232
11410   20232
11420   20232
11430   20232
11440   20232
11450   20232
11460   20232
11470   20232
11480   20232
11490   20232
11500   20232
11510   20232
11520   20232
11530   20232
11540   20232
11550   20232
11560   20232
11570   20232
11580   20232
11590   20232
11600   20232
11610   20232
11620   20232
11630   20232
11640   20232
11650   20232
11660   20232
11670   20232
11680   20232
11690   20232
11700   20232
11710   20232
11720   20232
11730   20232
11740   20232
11750   20232
11760   20232
11770   20232
11780   20232
11790   20232
11800   20232
11810   20232
11820   20232
11830   20232
11840   20232
11850   20232
11860   20232
11870   20232
11880   20232
11890   20232
11900   20232
11910   20232
11920   20232
11930   20232
11940   20232
11950   20232
11960   20232
11970   20232
11980   20232
11990   20232
12000   20232
12010   20232
12020   20232
12030   20232
12040   20232
12050   20232
12060   20232
12070   20232
12080   20232
12090   20232
12100   20232
12110   20232
12120   20232
12130   20232
12140   20232
12150   20232
12160   20232
12170   20232
12180   20232
12190   20232
12200   20232
12210   20232
12220   20232
12230   20232
12240   20232
12250   20232
12260   20232
12270   20232
12280   20232
12290   20232
12300   20232
12310   20232
12320   20232
12330   20232
12340   20232
12350   20232
12360   20232
12370   20232
12380   20232
12390   20232
12400   20232
12410   20232
12420   20232
12430   20232
12440   20232
12450   20232
12460   20232
12470   20232
12480   20232
12490   20232
12500   20232
12510   20232
12520   20232
12530   20232
12540   20232
12550   20232
12560   20232
12570   20232
12580   20232
12590   20232
12600   20232
12610   20232
12620   20232
12630   20232
12640   20232
12650   20232
12660   20232
12670   20232
12680   20232
12690   20232
12700   20232
12710   20232
12720   20232
12730   20232
12740   20232
12750   20232
12760   20232
12770   20232
12780   20232
12790   20232
12800   20232
12810   20232
12820   20232
12830   20232
12840   20232
12850   20232
12860   20232
12870   20232
12880   20232
12890   20195
12900   20195
12910   20195
12920   20195
12930   20195
12940   20195
12950   20195
12960   20195
12970   20195
12980   20195
12990   20195
13000   20195
13010   20195
13020   20195
13030   20195
13040   20195
13050   20195
13060   20195
13070   20195
13080   20195
13090   20195
13100   20195
13110   20195
13120   20195
13130   20195
13140   20195
13150   20195
13160   20195
13170   20195
13180   20195
13190   20195
13200   20195
13210   20195
13220   20195
13230   20195
13240   20195
13250   20195
13260   20195
13270   20195
13280   20195
13290   20195
13300   20195
13310   20195
13320   20195
13330   20195
13340   20195
13350   20195
13360   20195
13370   20195
13380   20195
13390   20195
13400   20195
13410   20195
13420   20195
13430   20195
13440   20195
13450   20195
13460   20195
13470   20195
13480   20195
13490   20195
13500   20195
13510   20195
13520   20195
13530   20195
13540   20195
13550   20195
13560   20195
13570   20195
13580   20195
13590   20195
13600   20195
13610   20195
13620   20195
13630   20195
13640   20195
13650   20195
13660   20195
13670   20195
13680   20195
13690   20195
13700   20195
13710   20195
13720   20195
13730   20195
13740   20195
13750   20195
13760   20195
13770   20195
13780   20195
13790   20195
13800   20195
13810   20195
13820   20195
13830   20195
13840   20195
13850   20195
13860   20195
13870   20195
13880   20195
13890   20195
13900   20195
13910   20195
13920   20195
13930   20195
13940   20195
13950   20195
13960   20195
13970   20195
13980   20195
13990   20195
14000   20195
14010   20195
14020   20195
14030   20195
14040   20195
14050   20195
14060   20195
14070   20195
14080   20195
14090   20195
14100   20195
14110   20195
14120   20195
14130   20195
14140   20195
14150   20195
14160   20195
14170   20195
14180   20195
14190   20195
14200   20195
14210   20195
14220   20195
14230   20195
14240   20195
14250   20195
14260   20195
14270   20195
14280   20195
14290   20195
14300   20195
14310   20195
14320   20195
14330   20195
14340   20195
14350   20195
14360   20195
14370   20195
14380   20195
14390   20195
14400   20195
14410   20195
14420   20195
14430   20195
14440   20195
14450   20195
14460   20195
14470   20195
14480   20195
14490   20195
14500   20195
14510   20195
14520   20195
14530   20195
14540   20195
14550   20195
14560   20195
14570   20195
14580   20195
14590   20195
14600   20195
14610   20195
14620   20195
14630   20195
14640   20195
14650   20195
14660   20195
14670   20195
14680   20195
14690   20195
14700   20195
14710   20195
14720   20195
14730   20195
14740   20195
14750   20195
14760   20195
14770   20195
14780   20195
14790   20195
14800   20195
14810   20195
14820   20195
14830   20195
14840   20195
14850   20195
14860   20195
14870   20195
14880   20195
14890   20195
14900   20195
14910   20195
14920   20195
14930   20195
14940   20195
