10   8748
20   8739
30   8705
40   8705
50   8705
60   8705
70   8696
80   8696
90   8696
100   8696
110   8696
120   8696
130   8696
140   8653
150   8653
160   8653
170   8653
180   8653
190   8653
200   8653
210   8653
220   8653
230   8651
240   8651
250   8651
260   8651
270   8651
280   8651
290   8651
300   8651
310   8651
320   8651
330   8651
340   8651
350   8651
360   8651
370   8649
380   8649
390   8649
400   8649
410   8649
420   8649
430   8645
440   8645
450   8629
460   8629
470   8588
480   8588
490   8588
500   8588
510   8537
520   8537
530   8537
540   8537
550   8537
560   8537
570   8537
580   8537
590   8537
600   8537
610   8537
620   8537
630   8537
640   8537
650   8537
660   8537
670   8537
680   8537
690   8537
700   8537
710   8537
720   8537
730   8537
740   8537
750   8537
760   8537
770   8537
780   8537
790   8537
800   8537
810   8537
820   8537
830   8537
840   8537
850   8537
860   8537
870   8537
880   8537
890   8537
900   8537
910   8537
920   8537
930   8537
940   8537
950   8537
960   8537
970   8537
980   8537
990   8537
1000   8537
1010   8537
1020   8537
1030   8537
1040   8537
1050   8537
1060   8537
1070   8537
1080   8537
1090   8537
1100   8537
1110   8537
1120   8537
1130   8537
1140   8537
1150   8537
1160   8537
1170   8537
1180   8537
1190   8537
1200   8537
1210   8537
1220   8537
1230   8537
1240   8537
1250   8537
1260   8537
1270   8537
1280   8537
1290   8537
1300   8537
1310   8537
1320   8537
1330   8537
1340   8537
1350   8537
1360   8537
1370   8537
1380   8537
1390   8537
1400   8537
1410   8537
1420   8537
1430   8537
1440   8537
1450   8537
1460   8537
1470   8537
1480   8537
1490   8537
1500   8537
1510   8537
1520   8537
1530   8537
1540   8537
1550   8537
1560   8537
1570   8537
1580   8537
1590   8537
1600   8537
1610   8537
1620   8537
1630   8537
1640   8537
1650   8537
1660   8537
1670   8537
1680   8537
1690   8537
1700   8537
1710   8537
1720   8537
1730   8537
1740   8537
1750   8537
1760   8537
1770   8537
1780   8537
1790   8537
1800   8537
1810   8537
1820   8537
1830   8537
1840   8537
1850   8537
1860   8537
1870   8537
1880   8537
1890   8537
1900   8537
1910   8537
1920   8537
1930   8537
1940   8537
1950   8537
1960   8537
1970   8537
1980   8537
1990   8537
2000   8537
2010   8537
2020   8537
2030   8537
2040   8537
2050   8537
2060   8537
2070   8537
2080   8537
2090   8537
2100   8537
2110   8537
2120   8537
2130   8537
2140   8537
2150   8537
2160   8537
2170   8537
2180   8537
2190   8537
2200   8537
2210   8537
2220   8537
2230   8537
2240   8537
2250   8537
2260   8537
2270   8537
2280   8537
2290   8537
2300   8537
2310   8537
2320   8537
2330   8537
2340   8537
2350   8537
2360   8537
2370   8537
2380   8537
2390   8537
2400   8537
2410   8537
2420   8537
2430   8537
2440   8537
2450   8537
2460   8537
2470   8537
2480   8537
2490   8537
2500   8537
2510   8537
2520   8537
2530   8537
2540   8537
2550   8537
2560   8537
2570   8537
2580   8537
2590   8537
2600   8537
2610   8537
2620   8537
2630   8537
2640   8537
2650   8537
2660   8537
2670   8537
2680   8537
2690   8537
2700   8537
2710   8537
2720   8537
2730   8537
2740   8537
2750   8537
2760   8537
2770   8537
2780   8537
2790   8537
2800   8537
2810   8537
2820   8537
2830   8537
2840   8537
2850   8537
2860   8537
2870   8537
2880   8537
2890   8537
2900   8537
2910   8537
2920   8537
2930   8537
2940   8537
2950   8537
2960   8537
2970   8537
2980   8537
2990   8537
3000   8537
3010   8537
3020   8537
3030   8537
3040   8537
3050   8537
3060   8537
3070   8537
3080   8537
3090   8537
3100   8537
3110   8537
3120   8537
3130   8537
3140   8537
3150   8537
3160   8537
3170   8537
3180   8537
3190   8537
3200   8537
3210   8537
3220   8537
3230   8537
3240   8537
3250   8537
3260   8537
3270   8537
3280   8537
3290   8537
3300   8537
3310   8537
3320   8537
3330   8537
3340   8537
3350   8537
3360   8537
3370   8537
3380   8537
3390   8537
3400   8537
3410   8537
3420   8537
3430   8537
3440   8537
3450   8537
3460   8537
3470   8537
3480   8537
3490   8537
3500   8537
3510   8537
3520   8537
3530   8537
3540   8537
3550   8537
3560   8537
3570   8537
3580   8537
3590   8537
3600   8537
3610   8537
3620   8537
3630   8537
3640   8537
3650   8537
3660   8537
3670   8537
3680   8537
3690   8537
3700   8537
3710   8537
3720   8537
3730   8537
3740   8537
3750   8537
3760   8537
3770   8537
3780   8537
3790   8537
3800   8537
3810   8537
3820   8537
3830   8537
3840   8537
3850   8537
3860   8537
3870   8537
3880   8537
3890   8537
3900   8537
3910   8537
3920   8537
3930   8537
3940   8537
3950   8537
3960   8537
3970   8537
3980   8537
3990   8537
4000   8537
4010   8537
4020   8537
4030   8537
4040   8537
4050   8537
4060   8537
4070   8537
4080   8537
4090   8537
4100   8537
4110   8537
4120   8537
4130   8537
4140   8537
4150   8537
4160   8537
4170   8537
4180   8537
4190   8537
4200   8537
4210   8537
4220   8537
4230   8537
4240   8537
4250   8537
4260   8537
4270   8537
4280   8537
4290   8537
4300   8537
4310   8537
4320   8537
4330   8537
4340   8537
4350   8537
4360   8537
4370   8537
4380   8537
4390   8537
4400   8537
4410   8537
4420   8537
4430   8537
4440   8537
4450   8537
4460   8537
4470   8537
4480   8537
4490   8537
4500   8537
4510   8537
4520   8537
4530   8537
4540   8537
4550   8537
4560   8537
4570   8537
4580   8537
4590   8537
4600   8537
4610   8537
4620   8537
4630   8537
4640   8537
4650   8537
4660   8537
4670   8537
4680   8537
4690   8537
4700   8537
4710   8537
4720   8537
4730   8537
4740   8537
4750   8537
4760   8537
4770   8537
4780   8537
4790   8537
4800   8537
4810   8537
4820   8537
4830   8537
4840   8537
4850   8537
4860   8537
4870   8537
4880   8532
4890   8532
4900   8532
4910   8532
4920   8532
4930   8532
4940   8532
4950   8532
4960   8532
4970   8532
4980   8532
4990   8532
5000   8532
5010   8532
5020   8532
5030   8532
5040   8532
5050   8532
5060   8532
5070   8532
5080   8532
5090   8532
5100   8532
5110   8532
5120   8532
5130   8532
5140   8532
5150   8532
5160   8532
5170   8532
5180   8532
5190   8532
5200   8532
5210   8532
5220   8532
5230   8532
5240   8532
5250   8532
5260   8532
5270   8532
5280   8532
5290   8532
5300   8532
5310   8532
5320   8532
5330   8532
5340   8532
5350   8532
5360   8532
5370   8532
5380   8532
5390   8532
5400   8532
5410   8532
5420   8532
5430   8532
5440   8532
5450   8532
5460   8532
5470   8512
5480   8512
5490   8512
5500   8512
5510   8512
5520   8512
5530   8512
5540   8512
5550   8512
5560   8512
5570   8512
5580   8512
5590   8512
5600   8512
5610   8512
5620   8512
5630   8512
5640   8512
5650   8512
5660   8512
5670   8512
5680   8512
5690   8512
5700   8512
5710   8512
5720   8512
5730   8512
5740   8512
5750   8512
5760   8512
5770   8512
5780   8512
5790   8512
5800   8512
5810   8512
5820   8512
5830   8512
5840   8512
5850   8512
5860   8512
5870   8512
5880   8512
5890   8512
5900   8512
5910   8512
5920   8512
5930   8512
5940   8512
5950   8512
5960   8512
5970   8512
5980   8512
5990   8512
6000   8512
6010   8512
6020   8512
6030   8512
6040   8512
6050   8512
6060   8512
6070   8512
6080   8512
6090   8512
6100   8512
6110   8512
6120   8512
6130   8512
6140   8512
6150   8512
6160   8512
6170   8512
6180   8512
6190   8512
6200   8512
6210   8512
6220   8512
6230   8512
6240   8512
6250   8512
6260   8512
6270   8512
6280   8512
6290   8512
6300   8512
6310   8512
6320   8512
6330   8512
6340   8512
6350   8512
6360   8512
6370   8512
6380   8512
6390   8512
6400   8512
6410   8512
6420   8512
6430   8512
6440   8512
6450   8512
6460   8512
6470   8512
6480   8512
6490   8512
6500   8512
6510   8512
6520   8512
6530   8512
6540   8512
6550   8512
6560   8512
6570   8512
6580   8512
6590   8512
6600   8512
6610   8512
6620   8512
6630   8512
6640   8512
6650   8512
6660   8512
6670   8512
6680   8512
6690   8512
6700   8512
6710   8512
6720   8512
6730   8512
6740   8512
6750   8512
6760   8512
6770   8512
6780   8512
6790   8512
6800   8512
6810   8512
6820   8512
6830   8512
6840   8512
6850   8512
6860   8512
6870   8512
6880   8512
6890   8512
6900   8512
6910   8512
6920   8512
6930   8512
6940   8512
6950   8512
6960   8512
6970   8512
6980   8512
6990   8512
7000   8512
7010   8512
7020   8512
7030   8512
7040   8512
7050   8512
7060   8512
7070   8512
7080   8512
7090   8512
7100   8512
7110   8512
7120   8512
7130   8512
7140   8512
7150   8512
7160   8512
7170   8512
7180   8512
7190   8512
7200   8512
7210   8512
7220   8512
7230   8512
7240   8512
7250   8512
7260   8512
7270   8512
7280   8512
7290   8512
7300   8512
7310   8512
7320   8512
7330   8512
7340   8512
7350   8512
7360   8512
7370   8512
7380   8512
7390   8512
7400   8512
7410   8512
7420   8512
7430   8512
7440   8512
7450   8512
7460   8512
7470   8512
7480   8512
7490   8512
7500   8512
7510   8512
7520   8512
7530   8512
7540   8512
7550   8512
7560   8512
7570   8512
7580   8512
7590   8512
7600   8512
7610   8512
7620   8512
7630   8512
7640   8512
7650   8512
7660   8512
7670   8512
7680   8512
7690   8512
7700   8512
7710   8512
7720   8512
7730   8512
7740   8512
7750   8512
7760   8512
7770   8512
7780   8512
7790   8512
7800   8512
7810   8512
7820   8512
7830   8512
7840   8512
7850   8512
7860   8512
7870   8512
7880   8512
7890   8512
7900   8512
7910   8512
7920   8512
7930   8512
7940   8512
7950   8512
7960   8512
7970   8512
7980   8512
7990   8512
8000   8512
8010   8512
8020   8512
8030   8512
8040   8512
8050   8512
8060   8512
8070   8512
8080   8512
8090   8512
8100   8512
8110   8512
8120   8512
8130   8512
8140   8512
8150   8512
8160   8512
8170   8512
8180   8512
8190   8512
8200   8512
8210   8512
8220   8512
8230   8512
8240   8512
8250   8512
8260   8512
8270   8512
8280   8512
8290   8512
8300   8512
8310   8512
8320   8512
8330   8512
8340   8512
8350   8512
8360   8512
8370   8512
8380   8512
8390   8512
8400   8512
8410   8512
8420   8512
8430   8512
8440   8512
8450   8512
8460   8512
8470   8512
8480   8512
8490   8512
8500   8512
8510   8512
8520   8512
8530   8512
8540   8512
8550   8512
8560   8512
8570   8512
8580   8512
8590   8512
8600   8512
8610   8512
8620   8512
8630   8512
8640   8512
8650   8512
8660   8512
8670   8512
8680   8512
8690   8512
8700   8512
8710   8512
8720   8512
8730   8512
8740   8512
8750   8512
8760   8512
8770   8512
8780   8512
8790   8512
8800   8512
8810   8512
8820   8512
8830   8512
8840   8512
8850   8512
8860   8512
8870   8512
8880   8512
8890   8512
8900   8512
8910   8512
8920   8512
8930   8512
8940   8512
8950   8512
8960   8512
8970   8512
8980   8512
8990   8512
9000   8512
9010   8512
9020   8512
9030   8512
9040   8512
9050   8512
9060   8512
9070   8512
9080   8512
9090   8512
9100   8512
9110   8512
9120   8512
9130   8512
9140   8512
9150   8512
9160   8512
9170   8512
9180   8512
9190   8512
9200   8512
9210   8512
9220   8512
9230   8512
9240   8512
9250   8512
9260   8512
9270   8512
9280   8512
9290   8512
9300   8512
9310   8512
9320   8512
9330   8512
9340   8512
9350   8512
9360   8512
9370   8512
9380   8512
9390   8512
9400   8512
9410   8512
9420   8512
9430   8512
9440   8512
9450   8512
9460   8512
9470   8512
9480   8512
9490   8512
9500   8512
9510   8512
9520   8512
9530   8512
9540   8512
9550   8512
9560   8512
9570   8512
9580   8512
9590   8512
9600   8512
9610   8512
9620   8512
9630   8512
9640   8512
9650   8512
9660   8512
9670   8512
9680   8512
9690   8512
9700   8512
9710   8512
9720   8512
9730   8512
9740   8512
9750   8512
9760   8512
9770   8512
9780   8512
9790   8512
9800   8512
9810   8512
9820   8512
9830   8512
9840   8512
9850   8512
9860   8512
9870   8512
9880   8512
9890   8512
9900   8512
9910   8512
9920   8512
9930   8512
9940   8512
9950   8512
9960   8512
9970   8512
9980   8512
9990   8512
10000   8512
10010   8512
10020   8512
10030   8512
10040   8512
10050   8512
10060   8512
10070   8512
10080   8512
10090   8512
10100   8512
10110   8512
10120   8512
10130   8512
10140   8512
10150   8512
10160   8512
10170   8512
10180   8512
10190   8512
10200   8512
10210   8512
10220   8512
10230   8512
10240   8512
10250   8512
10260   8512
10270   8512
10280   8512
10290   8512
10300   8512
10310   8512
10320   8512
10330   8512
10340   8512
10350   8512
10360   8512
10370   8512
10380   8512
10390   8512
10400   8512
10410   8512
10420   8512
10430   8512
10440   8512
10450   8512
10460   8512
10470   8512
10480   8512
10490   8512
10500   8512
10510   8512
10520   8512
10530   8512
10540   8512
10550   8512
10560   8512
10570   8512
10580   8512
10590   8512
10600   8512
10610   8512
10620   8512
10630   8512
10640   8512
10650   8512
10660   8512
10670   8512
10680   8512
10690   8512
10700   8512
10710   8512
10720   8512
10730   8512
10740   8512
10750   8512
10760   8512
10770   8512
10780   8512
10790   8512
10800   8512
10810   8512
10820   8512
10830   8512
10840   8512
10850   8512
10860   8512
10870   8512
10880   8512
10890   8512
10900   8512
10910   8512
10920   8512
10930   8512
10940   8512
10950   8512
10960   8512
10970   8512
10980   8512
10990   8512
11000   8512
11010   8512
11020   8512
11030   8512
11040   8512
11050   8512
11060   8512
11070   8512
11080   8512
11090   8512
11100   8512
11110   8512
11120   8512
11130   8512
11140   8512
11150   8512
11160   8512
11170   8512
11180   8512
11190   8512
11200   8512
11210   8512
11220   8512
11230   8512
11240   8512
11250   8512
11260   8512
11270   8512
11280   8512
11290   8512
11300   8512
11310   8512
11320   8512
11330   8512
11340   8512
11350   8512
11360   8512
11370   8512
11380   8512
11390   8512
11400   8512
11410   8512
11420   8512
11430   8512
11440   8512
11450   8512
11460   8512
11470   8512
11480   8512
11490   8512
11500   8512
11510   8512
11520   8512
11530   8512
11540   8512
11550   8512
11560   8512
11570   8512
11580   8512
11590   8512
11600   8512
11610   8512
11620   8512
11630   8512
11640   8512
11650   8512
11660   8512
11670   8512
11680   8512
11690   8512
11700   8512
11710   8512
11720   8512
11730   8512
11740   8512
11750   8512
11760   8512
11770   8512
11780   8512
11790   8512
11800   8512
11810   8512
11820   8512
11830   8512
11840   8512
11850   8512
11860   8512
11870   8512
11880   8512
11890   8512
11900   8512
11910   8512
11920   8512
11930   8512
11940   8512
11950   8512
11960   8512
11970   8512
11980   8512
11990   8512
12000   8512
12010   8512
12020   8512
12030   8512
12040   8512
12050   8512
12060   8512
12070   8512
12080   8512
12090   8512
12100   8512
12110   8512
12120   8512
12130   8512
12140   8512
12150   8512
12160   8512
12170   8512
12180   8512
12190   8512
12200   8512
12210   8512
12220   8512
12230   8512
12240   8512
12250   8512
12260   8512
12270   8512
12280   8512
12290   8512
12300   8512
12310   8512
12320   8512
12330   8512
12340   8512
12350   8512
12360   8512
12370   8512
12380   8512
12390   8512
12400   8512
12410   8512
12420   8512
12430   8512
12440   8512
12450   8512
12460   8512
12470   8512
12480   8512
12490   8512
12500   8512
12510   8512
12520   8512
12530   8512
12540   8512
12550   8512
12560   8512
12570   8512
12580   8512
12590   8512
12600   8512
12610   8512
12620   8512
12630   8512
12640   8512
12650   8512
12660   8512
12670   8512
12680   8512
12690   8512
12700   8512
12710   8512
12720   8512
12730   8512
12740   8512
12750   8512
12760   8512
12770   8512
12780   8512
12790   8512
12800   8512
12810   8512
12820   8512
12830   8512
12840   8512
12850   8512
12860   8512
12870   8512
12880   8512
12890   8512
12900   8512
12910   8512
12920   8512
12930   8512
12940   8512
12950   8512
12960   8512
12970   8512
12980   8512
12990   8512
13000   8481
13010   8481
13020   8481
13030   8481
13040   8481
13050   8481
13060   8481
13070   8481
13080   8481
13090   8481
13100   8481
13110   8481
13120   8481
13130   8481
13140   8481
13150   8481
13160   8481
13170   8481
13180   8481
13190   8481
13200   8481
13210   8481
13220   8481
13230   8481
13240   8481
13250   8481
13260   8481
13270   8481
13280   8481
13290   8481
13300   8481
13310   8481
13320   8481
13330   8481
13340   8481
13350   8481
13360   8481
13370   8481
13380   8481
13390   8481
13400   8481
13410   8481
13420   8481
13430   8481
13440   8481
13450   8481
13460   8481
13470   8481
13480   8481
13490   8481
13500   8481
13510   8481
13520   8481
13530   8481
13540   8481
13550   8481
13560   8481
13570   8481
13580   8481
13590   8481
13600   8481
13610   8481
13620   8481
13630   8481
13640   8481
13650   8481
13660   8481
13670   8481
13680   8481
13690   8481
13700   8481
13710   8481
13720   8481
13730   8481
13740   8481
13750   8481
13760   8481
13770   8481
13780   8481
13790   8481
13800   8481
13810   8481
13820   8481
13830   8481
13840   8481
13850   8481
13860   8481
13870   8481
13880   8481
13890   8481
13900   8481
13910   8481
13920   8481
13930   8481
13940   8481
13950   8481
13960   8481
13970   8481
13980   8481
13990   8481
14000   8481
14010   8481
14020   8481
14030   8481
14040   8481
14050   8481
14060   8481
14070   8481
14080   8481
14090   8481
14100   8481
14110   8481
14120   8481
14130   8481
14140   8481
14150   8481
14160   8481
14170   8481
14180   8481
14190   8481
14200   8481
14210   8481
14220   8481
14230   8481
14240   8481
14250   8481
14260   8481
14270   8481
14280   8481
14290   8481
14300   8481
14310   8481
14320   8481
14330   8481
14340   8481
14350   8481
14360   8481
14370   8481
14380   8481
14390   8481
14400   8481
14410   8481
14420   8481
14430   8481
14440   8481
14450   8481
14460   8481
14470   8481
14480   8481
14490   8481
14500   8481
14510   8481
14520   8481
14530   8481
14540   8481
14550   8481
14560   8481
14570   8481
14580   8481
14590   8481
14600   8481
14610   8481
14620   8481
14630   8481
14640   8481
14650   8481
14660   8481
14670   8481
14680   8481
14690   8481
14700   8481
14710   8481
14720   8481
14730   8481
14740   8481
14750   8481
14760   8481
14770   8481
14780   8481
14790   8481
14800   8481
14810   8481
14820   8481
14830   8481
14840   8481
14850   8481
14860   8481
14870   8481
14880   8481
14890   8481
14900   8481
14910   8481
14920   8481
14930   8481
14940   8481
14950   8481
14960   8481
14970   8481
14980   8481
14990   8481
15000   8481
15010   8481
15020   8481
15030   8481
15040   8481
15050   8481
15060   8481
15070   8481
15080   8481
15090   8481
15100   8481
15110   8481
15120   8481
15130   8481
15140   8481
15150   8481
15160   8481
15170   8481
15180   8481
15190   8481
15200   8481
15210   8481
15220   8481
15230   8481
15240   8481
15250   8481
15260   8481
15270   8481
15280   8481
15290   8481
15300   8481
15310   8481
15320   8481
15330   8481
15340   8481
15350   8481
15360   8481
15370   8481
15380   8481
15390   8481
15400   8481
15410   8481
15420   8481
15430   8481
15440   8481
15450   8481
15460   8481
15470   8481
15480   8481
15490   8481
15500   8481
15510   8481
15520   8481
15530   8481
15540   8481
15550   8481
15560   8481
15570   8481
15580   8481
15590   8481
15600   8481
15610   8481
15620   8481
15630   8481
15640   8481
15650   8481
15660   8481
15670   8481
15680   8481
15690   8481
15700   8481
15710   8481
15720   8481
15730   8481
15740   8481
15750   8481
15760   8481
15770   8481
15780   8481
15790   8481
15800   8481
15810   8481
15820   8481
15830   8481
15840   8481
15850   8481
15860   8481
15870   8481
15880   8481
15890   8481
15900   8481
15910   8481
15920   8481
15930   8481
15940   8481
15950   8481
15960   8481
15970   8481
15980   8481
15990   8481
16000   8481
16010   8481
16020   8481
16030   8481
16040   8481
16050   8481
16060   8481
16070   8481
16080   8481
16090   8481
16100   8481
16110   8481
16120   8481
16130   8481
16140   8481
16150   8481
16160   8481
16170   8481
16180   8481
16190   8481
16200   8481
16210   8481
16220   8481
16230   8481
16240   8481
16250   8481
16260   8481
16270   8481
16280   8481
16290   8481
16300   8481
16310   8481
16320   8481
16330   8481
16340   8481
16350   8481
16360   8481
16370   8481
16380   8481
16390   8481
16400   8481
16410   8481
16420   8481
16430   8481
16440   8481
16450   8481
16460   8481
16470   8481
16480   8481
16490   8481
16500   8481
16510   8481
16520   8481
16530   8481
16540   8481
16550   8481
16560   8481
16570   8481
16580   8481
16590   8481
16600   8481
16610   8481
16620   8481
16630   8481
16640   8481
16650   8481
16660   8481
16670   8481
16680   8481
16690   8481
16700   8481
16710   8481
16720   8481
16730   8481
16740   8481
16750   8481
16760   8481
16770   8481
16780   8481
16790   8481
16800   8481
16810   8481
16820   8481
16830   8481
16840   8481
16850   8481
16860   8481
16870   8481
16880   8481
16890   8481
16900   8481
16910   8481
16920   8481
16930   8481
16940   8481
16950   8481
16960   8481
16970   8481
16980   8481
16990   8481
17000   8481
17010   8481
17020   8481
17030   8481
17040   8481
17050   8481
17060   8481
17070   8481
17080   8481
17090   8481
17100   8481
17110   8481
17120   8481
17130   8481
17140   8481
17150   8481
17160   8481
17170   8481
17180   8481
17190   8481
17200   8481
17210   8481
17220   8481
17230   8481
17240   8481
17250   8481
17260   8481
17270   8481
17280   8481
17290   8481
17300   8481
17310   8481
17320   8481
17330   8481
17340   8481
17350   8481
17360   8481
17370   8481
17380   8481
17390   8481
17400   8481
17410   8481
17420   8481
17430   8481
17440   8481
17450   8481
17460   8481
17470   8481
17480   8481
17490   8481
17500   8481
17510   8481
17520   8481
17530   8481
17540   8481
17550   8481
17560   8481
17570   8481
17580   8481
17590   8481
17600   8481
17610   8481
17620   8481
17630   8481
17640   8481
17650   8481
17660   8481
17670   8481
17680   8481
17690   8481
17700   8481
17710   8481
17720   8481
17730   8481
17740   8481
17750   8481
17760   8481
17770   8481
17780   8481
17790   8481
17800   8481
17810   8481
17820   8481
17830   8481
17840   8481
17850   8481
17860   8481
17870   8481
17880   8481
17890   8481
17900   8481
17910   8481
17920   8481
17930   8481
17940   8481
17950   8481
17960   8481
17970   8481
17980   8481
17990   8481
18000   8481
18010   8481
18020   8481
18030   8481
18040   8481
18050   8481
18060   8481
18070   8481
18080   8481
18090   8481
18100   8481
18110   8481
18120   8481
18130   8481
18140   8481
18150   8481
18160   8481
18170   8481
18180   8481
18190   8481
18200   8481
18210   8481
18220   8481
18230   8481
18240   8481
18250   8481
18260   8481
18270   8481
18280   8481
18290   8481
18300   8481
18310   8481
18320   8481
18330   8481
18340   8481
18350   8481
18360   8481
18370   8481
18380   8481
18390   8481
18400   8481
18410   8481
18420   8481
18430   8481
18440   8481
18450   8481
18460   8481
18470   8481
18480   8481
18490   8481
18500   8481
18510   8481
18520   8481
18530   8481
18540   8481
18550   8481
18560   8481
18570   8481
18580   8481
18590   8481
18600   8481
18610   8481
18620   8481
18630   8481
18640   8481
18650   8481
18660   8481
18670   8481
18680   8481
18690   8481
18700   8481
18710   8481
18720   8481
18730   8481
18740   8481
18750   8481
18760   8481
18770   8481
18780   8481
18790   8481
18800   8481
18810   8481
18820   8481
18830   8481
18840   8481
18850   8481
18860   8481
18870   8481
18880   8481
18890   8481
18900   8481
18910   8481
18920   8481
18930   8481
18940   8481
18950   8481
18960   8481
18970   8481
18980   8481
18990   8481
19000   8481
19010   8481
19020   8481
19030   8481
19040   8481
19050   8481
19060   8481
19070   8481
19080   8481
19090   8481
19100   8481
19110   8481
19120   8481
19130   8481
19140   8481
19150   8481
19160   8481
19170   8481
19180   8481
19190   8481
19200   8481
19210   8481
19220   8481
19230   8481
19240   8481
19250   8481
19260   8481
19270   8481
19280   8481
19290   8481
19300   8481
19310   8481
19320   8481
19330   8481
19340   8481
19350   8481
19360   8481
19370   8481
19380   8481
19390   8481
19400   8481
19410   8481
19420   8481
19430   8481
19440   8481
19450   8481
19460   8481
19470   8481
19480   8481
19490   8481
19500   8481
19510   8481
19520   8481
19530   8481
19540   8481
19550   8481
19560   8481
19570   8481
19580   8481
19590   8481
19600   8481
19610   8481
19620   8481
19630   8481
19640   8481
19650   8481
19660   8481
19670   8481
19680   8481
19690   8481
19700   8481
19710   8481
19720   8481
19730   8481
19740   8481
19750   8481
19760   8481
19770   8481
19780   8481
19790   8481
19800   8481
19810   8481
19820   8481
19830   8481
19840   8481
19850   8481
19860   8481
19870   8481
19880   8481
19890   8481
19900   8481
19910   8481
19920   8481
19930   8481
19940   8481
19950   8481
19960   8481
19970   8481
19980   8481
19990   8481
20000   8481
20010   8481
20020   8481
20030   8481
20040   8481
20050   8481
20060   8481
20070   8481
20080   8481
20090   8481
20100   8481
20110   8481
20120   8481
20130   8481
20140   8481
20150   8481
20160   8481
20170   8481
20180   8481
20190   8481
20200   8481
20210   8481
20220   8481
20230   8481
20240   8481
20250   8481
20260   8481
20270   8481
20280   8481
20290   8481
20300   8481
20310   8481
20320   8481
20330   8481
20340   8481
20350   8481
20360   8481
20370   8481
20380   8481
20390   8481
20400   8481
20410   8481
20420   8481
20430   8481
20440   8481
20450   8481
20460   8481
20470   8481
20480   8481
20490   8481
20500   8481
20510   8481
20520   8481
20530   8481
20540   8481
20550   8481
20560   8481
20570   8481
20580   8481
20590   8481
20600   8481
20610   8481
20620   8481
20630   8481
20640   8481
20650   8481
20660   8481
20670   8481
20680   8481
20690   8481
20700   8481
20710   8481
20720   8481
20730   8481
20740   8481
20750   8481
20760   8481
20770   8481
20780   8481
20790   8481
20800   8481
20810   8481
20820   8481
20830   8481
20840   8481
20850   8481
20860   8481
20870   8481
20880   8481
20890   8481
20900   8481
20910   8481
20920   8481
20930   8481
20940   8481
20950   8481
20960   8481
20970   8481
20980   8481
20990   8481
21000   8481
21010   8481
21020   8481
21030   8481
21040   8481
21050   8481
21060   8481
21070   8481
21080   8481
21090   8481
21100   8481
21110   8481
21120   8481
21130   8481
21140   8481
21150   8481
21160   8481
21170   8481
21180   8481
21190   8481
21200   8481
21210   8481
21220   8481
21230   8481
21240   8481
21250   8481
21260   8481
21270   8481
21280   8481
21290   8481
21300   8481
21310   8481
21320   8481
21330   8481
21340   8481
21350   8481
21360   8481
21370   8481
21380   8481
21390   8481
21400   8481
21410   8481
21420   8481
21430   8481
21440   8481
21450   8481
21460   8481
21470   8481
21480   8481
21490   8481
21500   8481
21510   8481
21520   8481
21530   8481
21540   8481
21550   8481
21560   8481
21570   8481
21580   8481
21590   8481
21600   8481
21610   8481
21620   8481
21630   8481
21640   8481
21650   8481
21660   8481
21670   8481
21680   8481
21690   8481
21700   8481
21710   8481
21720   8481
21730   8481
21740   8481
21750   8481
21760   8481
21770   8481
21780   8481
21790   8481
21800   8481
21810   8481
21820   8481
21830   8481
21840   8481
21850   8481
21860   8481
21870   8481
21880   8481
21890   8481
21900   8481
21910   8481
21920   8481
21930   8481
21940   8481
21950   8481
21960   8481
21970   8481
21980   8481
21990   8481
22000   8481
22010   8481
22020   8481
22030   8481
22040   8481
22050   8481
22060   8481
22070   8481
22080   8481
22090   8481
22100   8481
22110   8481
22120   8481
22130   8481
22140   8481
22150   8481
22160   8481
22170   8481
22180   8481
22190   8481
22200   8481
22210   8481
22220   8481
22230   8481
22240   8481
22250   8481
22260   8481
22270   8481
22280   8481
22290   8481
22300   8481
22310   8481
22320   8481
22330   8481
22340   8481
22350   8481
22360   8481
22370   8481
22380   8481
22390   8481
22400   8481
22410   8481
22420   8481
22430   8481
22440   8481
22450   8481
22460   8481
22470   8481
22480   8481
22490   8481
22500   8481
22510   8481
22520   8481
22530   8481
22540   8481
22550   8481
22560   8481
22570   8481
22580   8481
22590   8481
22600   8481
22610   8481
22620   8481
22630   8481
22640   8481
22650   8481
22660   8481
22670   8481
22680   8481
22690   8481
22700   8481
22710   8481
22720   8481
22730   8481
22740   8481
22750   8481
22760   8481
22770   8481
22780   8481
22790   8481
22800   8481
22810   8481
22820   8481
22830   8481
22840   8481
22850   8481
22860   8481
22870   8481
22880   8481
22890   8481
22900   8481
22910   8481
22920   8481
22930   8481
22940   8481
22950   8481
22960   8481
22970   8481
22980   8481
22990   8481
23000   8481
23010   8481
23020   8481
23030   8481
23040   8481
23050   8481
23060   8481
23070   8481
23080   8481
23090   8481
23100   8481
23110   8481
23120   8481
23130   8481
23140   8481
23150   8481
23160   8481
23170   8481
23180   8481
23190   8481
23200   8481
23210   8481
23220   8481
23230   8481
23240   8481
23250   8481
23260   8481
23270   8481
23280   8481
23290   8481
23300   8481
23310   8481
23320   8481
23330   8481
23340   8481
23350   8481
23360   8481
23370   8481
23380   8481
23390   8481
23400   8481
23410   8481
23420   8481
23430   8481
23440   8481
23450   8481
23460   8481
23470   8481
23480   8481
23490   8481
23500   8481
23510   8481
23520   8481
23530   8481
23540   8481
23550   8481
23560   8481
23570   8481
23580   8481
23590   8481
23600   8481
23610   8481
23620   8481
23630   8481
23640   8481
23650   8481
23660   8481
23670   8481
23680   8481
23690   8481
23700   8481
23710   8481
23720   8481
23730   8481
23740   8481
23750   8481
23760   8481
23770   8481
23780   8481
23790   8481
23800   8481
23810   8481
23820   8481
23830   8481
23840   8481
23850   8481
23860   8481
23870   8481
23880   8481
23890   8481
23900   8481
23910   8481
23920   8481
23930   8481
23940   8481
23950   8481
23960   8481
23970   8481
23980   8481
23990   8481
24000   8481
24010   8481
24020   8481
24030   8481
24040   8481
24050   8481
24060   8481
24070   8481
24080   8481
24090   8481
24100   8481
24110   8481
24120   8481
24130   8481
24140   8481
24150   8481
24160   8481
24170   8481
24180   8481
24190   8481
24200   8481
24210   8481
24220   8481
24230   8481
24240   8481
24250   8481
24260   8481
24270   8481
24280   8481
24290   8481
24300   8481
24310   8481
24320   8481
24330   8481
24340   8481
24350   8481
24360   8481
24370   8481
24380   8481
24390   8481
24400   8481
24410   8481
24420   8481
24430   8481
24440   8481
24450   8481
24460   8481
24470   8481
24480   8481
24490   8481
24500   8481
24510   8481
24520   8481
24530   8481
24540   8481
24550   8481
24560   8481
24570   8481
24580   8481
24590   8481
24600   8481
24610   8481
24620   8481
24630   8481
24640   8481
24650   8481
24660   8481
24670   8481
24680   8481
24690   8481
24700   8481
24710   8481
24720   8481
24730   8481
24740   8481
24750   8481
24760   8481
24770   8481
24780   8481
24790   8481
24800   8481
24810   8481
24820   8481
24830   8481
24840   8481
24850   8481
24860   8481
24870   8481
24880   8481
24890   8481
24900   8481
24910   8481
24920   8481
24930   8481
24940   8481
24950   8481
24960   8481
24970   8481
24980   8481
24990   8481
25000   8481
25010   8481
25020   8481
25030   8481
25040   8481
25050   8481
25060   8474
25070   8474
25080   8474
25090   8474
25100   8474
25110   8474
25120   8474
25130   8474
25140   8474
25150   8474
25160   8474
25170   8474
25180   8474
25190   8474
25200   8474
25210   8474
25220   8474
25230   8474
25240   8474
25250   8474
25260   8474
25270   8474
25280   8474
25290   8474
25300   8474
25310   8474
25320   8474
25330   8474
25340   8474
25350   8474
25360   8474
25370   8474
25380   8474
25390   8474
25400   8474
25410   8474
25420   8474
25430   8474
25440   8474
25450   8474
25460   8474
25470   8474
25480   8474
25490   8474
25500   8474
25510   8474
25520   8474
25530   8474
25540   8474
25550   8474
25560   8474
25570   8474
25580   8474
25590   8474
25600   8474
25610   8474
25620   8474
25630   8474
25640   8474
25650   8474
25660   8474
25670   8474
25680   8474
25690   8474
25700   8474
25710   8474
25720   8474
25730   8474
25740   8474
25750   8474
25760   8474
25770   8474
25780   8474
25790   8474
25800   8474
25810   8474
25820   8474
25830   8474
25840   8474
25850   8474
25860   8474
25870   8474
25880   8474
25890   8474
25900   8474
25910   8474
25920   8474
25930   8474
25940   8474
25950   8474
25960   8474
25970   8474
25980   8474
25990   8474
26000   8474
26010   8474
26020   8474
26030   8474
26040   8474
26050   8474
26060   8474
26070   8474
26080   8474
26090   8474
26100   8474
26110   8474
26120   8474
26130   8474
26140   8474
26150   8474
26160   8474
26170   8474
26180   8474
26190   8474
26200   8474
26210   8474
26220   8474
26230   8474
26240   8474
26250   8474
26260   8474
26270   8474
26280   8474
26290   8474
26300   8474
26310   8474
26320   8474
26330   8474
26340   8474
26350   8474
26360   8474
26370   8474
26380   8474
26390   8474
26400   8474
26410   8474
26420   8474
26430   8474
26440   8474
26450   8474
26460   8474
26470   8474
26480   8474
26490   8474
26500   8474
26510   8474
26520   8474
26530   8474
26540   8474
26550   8474
26560   8474
26570   8474
26580   8474
26590   8474
26600   8474
26610   8474
26620   8474
26630   8474
26640   8474
26650   8474
26660   8474
26670   8474
26680   8474
26690   8474
26700   8474
26710   8474
26720   8474
26730   8474
26740   8474
26750   8474
26760   8474
26770   8474
26780   8474
26790   8474
26800   8474
26810   8474
26820   8474
26830   8474
26840   8474
26850   8474
26860   8474
26870   8474
26880   8474
26890   8474
26900   8474
26910   8474
26920   8474
26930   8474
26940   8474
26950   8474
26960   8474
26970   8474
26980   8474
26990   8474
27000   8474
27010   8474
27020   8474
27030   8474
27040   8474
27050   8474
27060   8474
27070   8474
27080   8474
27090   8474
27100   8474
27110   8474
27120   8474
27130   8474
27140   8474
27150   8474
27160   8474
27170   8474
27180   8474
27190   8474
27200   8474
27210   8474
27220   8474
27230   8474
27240   8474
27250   8474
27260   8474
27270   8474
27280   8474
27290   8474
27300   8474
27310   8474
27320   8474
27330   8474
27340   8474
27350   8474
27360   8474
27370   8474
27380   8474
27390   8474
27400   8474
27410   8474
27420   8474
27430   8474
27440   8474
27450   8474
27460   8474
27470   8474
27480   8474
27490   8474
27500   8474
27510   8474
27520   8474
27530   8474
27540   8474
27550   8474
27560   8474
27570   8474
27580   8474
27590   8474
27600   8474
27610   8474
27620   8474
27630   8474
27640   8474
27650   8474
27660   8474
27670   8474
27680   8474
27690   8474
27700   8474
27710   8474
27720   8474
27730   8474
27740   8474
27750   8474
27760   8474
27770   8474
27780   8474
27790   8474
27800   8474
27810   8474
27820   8474
27830   8474
27840   8474
27850   8474
27860   8474
27870   8474
27880   8474
27890   8474
27900   8474
27910   8474
27920   8474
27930   8474
27940   8474
27950   8474
27960   8474
27970   8474
27980   8474
27990   8474
28000   8474
28010   8474
28020   8474
28030   8474
28040   8474
28050   8474
28060   8474
28070   8474
28080   8474
28090   8474
28100   8474
28110   8474
28120   8474
28130   8474
28140   8474
28150   8463
28160   8463
28170   8463
28180   8463
28190   8463
28200   8463
28210   8463
28220   8463
28230   8463
28240   8463
28250   8463
28260   8463
28270   8463
28280   8463
28290   8463
28300   8463
28310   8463
28320   8463
28330   8463
28340   8463
28350   8463
28360   8463
28370   8463
28380   8463
28390   8463
28400   8463
28410   8463
28420   8463
28430   8463
28440   8463
28450   8463
28460   8463
28470   8463
28480   8463
28490   8463
28500   8463
28510   8463
28520   8463
28530   8463
28540   8463
28550   8463
28560   8463
28570   8463
28580   8463
28590   8463
28600   8463
28610   8463
28620   8463
28630   8463
28640   8463
28650   8463
28660   8463
28670   8463
28680   8463
28690   8463
28700   8463
28710   8463
28720   8463
28730   8463
28740   8463
28750   8463
28760   8463
28770   8463
28780   8463
28790   8463
28800   8463
28810   8463
28820   8463
28830   8463
28840   8463
28850   8463
28860   8463
28870   8463
28880   8463
28890   8463
28900   8463
28910   8463
28920   8463
28930   8463
28940   8463
28950   8463
28960   8463
28970   8463
28980   8463
28990   8463
29000   8463
29010   8463
29020   8463
29030   8463
29040   8463
29050   8463
29060   8463
29070   8463
29080   8463
29090   8463
29100   8463
29110   8463
29120   8463
29130   8463
29140   8463
29150   8463
29160   8463
29170   8463
29180   8463
29190   8463
29200   8463
29210   8463
29220   8463
29230   8463
29240   8463
29250   8463
29260   8463
29270   8463
29280   8463
29290   8463
29300   8463
29310   8463
29320   8463
29330   8463
29340   8463
29350   8463
29360   8463
29370   8463
29380   8463
29390   8463
29400   8463
29410   8463
29420   8463
29430   8463
29440   8463
29450   8463
29460   8463
29470   8463
29480   8463
29490   8463
29500   8463
29510   8463
29520   8463
29530   8463
29540   8463
29550   8463
29560   8463
29570   8463
29580   8463
29590   8463
29600   8463
29610   8463
29620   8463
29630   8463
29640   8463
29650   8463
29660   8463
29670   8463
29680   8463
29690   8463
29700   8463
29710   8463
29720   8463
29730   8463
29740   8463
29750   8463
29760   8463
29770   8463
29780   8463
29790   8463
29800   8463
29810   8463
29820   8463
29830   8463
29840   8463
29850   8463
29860   8463
29870   8463
29880   8463
29890   8463
29900   8463
29910   8463
29920   8463
29930   8463
29940   8463
29950   8463
29960   8463
29970   8463
29980   8463
29990   8463
30000   8463
30010   8463
30020   8463
30030   8463
30040   8463
30050   8463
30060   8463
30070   8463
30080   8463
30090   8463
30100   8463
30110   8463
30120   8463
30130   8463
30140   8463
30150   8463
30160   8463
30170   8463
30180   8463
30190   8463
30200   8463
30210   8463
30220   8463
30230   8463
30240   8463
30250   8463
30260   8463
30270   8463
30280   8463
30290   8463
30300   8463
30310   8463
30320   8463
30330   8463
30340   8463
30350   8463
30360   8463
30370   8463
30380   8463
30390   8463
30400   8463
30410   8463
30420   8463
30430   8463
30440   8463
30450   8463
30460   8463
30470   8463
30480   8463
30490   8463
30500   8463
30510   8463
30520   8463
30530   8463
30540   8463
30550   8463
30560   8463
30570   8463
30580   8463
30590   8463
30600   8463
30610   8463
30620   8463
30630   8463
30640   8463
30650   8463
30660   8463
30670   8463
30680   8463
30690   8463
30700   8463
30710   8463
30720   8463
30730   8463
30740   8463
30750   8463
30760   8463
30770   8463
30780   8463
30790   8463
30800   8463
30810   8463
30820   8463
30830   8463
30840   8463
30850   8463
30860   8463
30870   8463
30880   8463
30890   8463
30900   8463
30910   8463
30920   8463
30930   8463
30940   8463
30950   8463
30960   8463
30970   8463
30980   8463
30990   8463
31000   8463
31010   8463
31020   8463
31030   8463
31040   8463
31050   8463
31060   8463
31070   8463
31080   8463
31090   8463
31100   8463
31110   8463
31120   8463
31130   8463
31140   8463
31150   8463
31160   8463
31170   8463
31180   8463
31190   8463
31200   8463
31210   8463
31220   8463
31230   8463
31240   8463
31250   8463
31260   8463
31270   8463
31280   8463
31290   8463
31300   8463
31310   8463
31320   8463
31330   8463
31340   8463
31350   8463
31360   8463
31370   8463
31380   8463
31390   8463
31400   8463
31410   8463
31420   8463
31430   8463
31440   8463
31450   8463
31460   8463
31470   8463
31480   8463
31490   8463
31500   8463
31510   8463
31520   8463
31530   8463
31540   8463
31550   8463
31560   8463
31570   8463
31580   8463
31590   8463
31600   8463
31610   8463
31620   8463
31630   8463
31640   8463
31650   8463
31660   8463
31670   8463
31680   8463
31690   8463
31700   8463
31710   8463
31720   8463
31730   8463
31740   8463
31750   8463
31760   8463
31770   8463
31780   8463
31790   8463
31800   8463
31810   8463
31820   8463
31830   8463
31840   8463
31850   8463
31860   8463
31870   8463
31880   8463
31890   8463
31900   8463
31910   8463
31920   8463
31930   8463
31940   8463
31950   8463
31960   8463
31970   8463
31980   8463
31990   8463
32000   8463
32010   8463
32020   8463
32030   8463
32040   8463
32050   8463
32060   8463
32070   8463
32080   8463
32090   8463
32100   8463
32110   8463
32120   8463
32130   8463
32140   8463
32150   8463
32160   8463
32170   8463
32180   8463
32190   8463
32200   8463
32210   8463
32220   8463
32230   8463
32240   8463
32250   8463
32260   8463
32270   8463
32280   8463
32290   8463
32300   8463
32310   8463
32320   8463
32330   8463
32340   8463
32350   8463
32360   8463
32370   8463
32380   8463
32390   8463
32400   8463
32410   8463
32420   8463
32430   8463
32440   8463
32450   8463
32460   8463
32470   8463
32480   8463
32490   8463
32500   8463
32510   8463
32520   8463
32530   8463
32540   8463
32550   8463
32560   8463
32570   8463
32580   8463
32590   8463
32600   8463
32610   8463
32620   8463
32630   8463
32640   8463
32650   8463
32660   8463
32670   8463
32680   8463
32690   8463
32700   8463
32710   8463
32720   8463
32730   8463
32740   8463
32750   8463
32760   8463
32770   8463
32780   8463
32790   8463
32800   8463
32810   8463
32820   8463
32830   8463
32840   8463
32850   8463
32860   8463
32870   8463
32880   8463
32890   8463
32900   8463
32910   8463
32920   8463
32930   8463
32940   8463
32950   8463
32960   8463
32970   8463
32980   8463
32990   8463
33000   8463
33010   8463
33020   8463
33030   8463
33040   8463
33050   8463
33060   8463
33070   8463
33080   8463
33090   8463
33100   8463
33110   8463
33120   8463
33130   8463
33140   8463
33150   8463
33160   8463
33170   8463
33180   8463
33190   8463
33200   8463
33210   8463
33220   8463
33230   8463
33240   8463
33250   8463
33260   8463
33270   8463
33280   8463
33290   8463
33300   8463
33310   8463
33320   8463
33330   8463
33340   8463
33350   8463
33360   8463
33370   8463
33380   8463
33390   8463
33400   8463
33410   8463
33420   8463
33430   8463
33440   8463
33450   8463
33460   8463
33470   8463
33480   8463
33490   8463
33500   8463
33510   8463
33520   8463
33530   8463
33540   8463
33550   8463
33560   8463
33570   8463
33580   8463
33590   8463
33600   8463
33610   8463
33620   8463
33630   8463
33640   8463
33650   8463
33660   8463
33670   8463
33680   8463
33690   8463
33700   8463
33710   8463
33720   8463
33730   8463
33740   8463
33750   8463
33760   8463
33770   8463
33780   8463
33790   8463
33800   8463
33810   8463
33820   8463
33830   8463
33840   8463
33850   8463
33860   8463
33870   8463
33880   8463
33890   8463
33900   8463
33910   8463
33920   8463
33930   8463
33940   8463
33950   8463
33960   8463
33970   8463
33980   8463
33990   8463
34000   8463
34010   8463
34020   8463
34030   8463
34040   8463
34050   8463
34060   8463
34070   8463
34080   8463
34090   8463
34100   8463
34110   8463
34120   8463
34130   8463
34140   8463
34150   8463
34160   8463
34170   8463
34180   8463
34190   8463
34200   8463
34210   8463
34220   8463
34230   8463
34240   8463
34250   8463
34260   8463
34270   8463
34280   8463
34290   8463
34300   8463
34310   8463
34320   8463
34330   8463
34340   8463
34350   8463
34360   8463
34370   8463
34380   8463
34390   8463
34400   8463
34410   8463
34420   8463
34430   8463
34440   8463
34450   8463
34460   8463
34470   8463
34480   8463
34490   8463
34500   8463
34510   8463
34520   8463
34530   8463
34540   8463
34550   8463
34560   8463
34570   8463
34580   8463
34590   8463
34600   8463
34610   8463
34620   8463
34630   8463
34640   8463
34650   8463
34660   8463
34670   8463
34680   8463
34690   8463
34700   8463
34710   8463
34720   8463
34730   8463
34740   8463
34750   8463
34760   8463
34770   8463
34780   8463
34790   8463
34800   8463
34810   8463
34820   8463
34830   8463
34840   8463
34850   8463
34860   8463
34870   8463
34880   8463
34890   8463
34900   8463
34910   8463
34920   8463
34930   8463
34940   8463
34950   8463
34960   8463
34970   8463
34980   8463
34990   8463
35000   8463
35010   8463
35020   8463
35030   8463
35040   8463
35050   8463
35060   8463
35070   8463
35080   8463
35090   8463
35100   8463
35110   8463
35120   8463
35130   8463
35140   8463
35150   8463
35160   8463
35170   8463
35180   8463
35190   8463
35200   8463
35210   8463
35220   8463
35230   8463
35240   8463
35250   8463
35260   8463
35270   8463
35280   8463
35290   8463
35300   8463
35310   8463
35320   8463
35330   8463
35340   8463
35350   8463
35360   8463
35370   8463
35380   8463
35390   8463
35400   8463
35410   8463
35420   8463
35430   8463
35440   8463
35450   8463
35460   8463
35470   8463
35480   8463
35490   8463
35500   8463
35510   8463
35520   8463
35530   8463
35540   8463
35550   8463
35560   8463
35570   8463
35580   8463
35590   8463
35600   8463
35610   8463
35620   8463
35630   8463
35640   8463
35650   8463
35660   8463
35670   8463
35680   8463
35690   8463
35700   8463
35710   8463
35720   8463
35730   8463
35740   8463
35750   8463
35760   8463
35770   8463
35780   8463
35790   8463
35800   8463
35810   8463
35820   8463
35830   8463
35840   8463
35850   8463
35860   8463
35870   8463
35880   8463
35890   8463
35900   8463
35910   8463
35920   8463
35930   8463
35940   8463
35950   8463
35960   8463
35970   8463
35980   8463
35990   8463
36000   8463
36010   8463
36020   8463
36030   8463
36040   8463
36050   8463
36060   8463
36070   8463
36080   8463
36090   8463
36100   8463
36110   8463
36120   8463
36130   8463
36140   8463
36150   8463
36160   8463
36170   8463
36180   8463
36190   8463
36200   8463
36210   8463
36220   8463
36230   8463
36240   8463
36250   8463
36260   8463
36270   8463
36280   8463
36290   8463
36300   8463
36310   8463
36320   8463
36330   8463
36340   8463
36350   8463
36360   8463
36370   8463
36380   8463
36390   8463
36400   8463
36410   8463
36420   8463
36430   8463
36440   8463
36450   8463
36460   8463
36470   8463
36480   8463
36490   8463
36500   8463
36510   8463
36520   8463
36530   8463
36540   8463
36550   8463
36560   8463
36570   8463
36580   8463
36590   8463
36600   8463
36610   8463
36620   8463
36630   8463
36640   8463
36650   8463
36660   8463
36670   8463
36680   8463
36690   8463
36700   8463
36710   8463
36720   8463
36730   8463
36740   8463
36750   8463
36760   8463
36770   8463
36780   8463
36790   8463
36800   8463
36810   8463
36820   8463
36830   8463
36840   8463
36850   8463
36860   8463
36870   8463
36880   8463
36890   8463
36900   8463
36910   8463
36920   8463
36930   8463
36940   8463
36950   8463
36960   8463
36970   8463
36980   8463
36990   8463
37000   8463
37010   8463
37020   8463
37030   8463
37040   8463
37050   8463
37060   8463
37070   8463
37080   8463
37090   8463
37100   8463
37110   8463
37120   8463
37130   8463
37140   8463
37150   8463
37160   8463
37170   8463
37180   8463
37190   8463
37200   8463
37210   8463
37220   8463
37230   8463
37240   8463
37250   8463
37260   8463
37270   8463
37280   8463
37290   8463
37300   8463
37310   8463
37320   8463
37330   8463
37340   8463
37350   8463
37360   8463
37370   8463
37380   8463
37390   8463
37400   8463
37410   8463
37420   8463
37430   8463
37440   8463
37450   8463
37460   8463
37470   8463
37480   8463
37490   8463
37500   8463
37510   8463
37520   8463
37530   8463
37540   8463
37550   8463
37560   8463
37570   8463
37580   8463
37590   8463
37600   8463
37610   8463
37620   8463
37630   8463
37640   8463
37650   8463
37660   8463
37670   8463
37680   8463
37690   8463
37700   8463
37710   8463
37720   8463
37730   8463
37740   8463
37750   8463
37760   8463
37770   8463
37780   8463
37790   8463
37800   8463
37810   8463
37820   8463
37830   8463
37840   8463
37850   8463
37860   8463
37870   8463
37880   8463
37890   8463
37900   8463
37910   8463
37920   8463
37930   8463
37940   8463
37950   8463
37960   8463
37970   8463
37980   8463
37990   8463
38000   8463
38010   8463
38020   8463
38030   8463
38040   8463
38050   8463
38060   8463
38070   8463
38080   8463
38090   8463
38100   8463
38110   8463
38120   8463
38130   8463
38140   8463
38150   8463
38160   8463
38170   8463
38180   8463
38190   8463
38200   8463
38210   8463
38220   8463
38230   8463
38240   8463
38250   8463
38260   8463
38270   8463
38280   8463
38290   8463
38300   8463
38310   8463
38320   8463
38330   8463
38340   8463
38350   8463
38360   8463
38370   8463
38380   8463
38390   8463
38400   8463
38410   8463
38420   8463
38430   8463
38440   8463
38450   8463
38460   8463
38470   8463
38480   8463
38490   8463
38500   8463
38510   8463
38520   8463
38530   8463
38540   8463
38550   8463
38560   8463
38570   8463
38580   8463
38590   8463
38600   8463
38610   8463
38620   8463
38630   8463
38640   8463
38650   8463
38660   8463
38670   8463
38680   8463
38690   8463
38700   8463
38710   8463
38720   8463
38730   8463
38740   8463
38750   8463
38760   8463
38770   8463
38780   8463
38790   8463
38800   8463
38810   8463
38820   8463
38830   8463
38840   8463
38850   8463
38860   8463
38870   8463
38880   8463
38890   8463
38900   8463
38910   8463
38920   8463
38930   8463
38940   8463
38950   8463
38960   8463
38970   8463
38980   8463
38990   8463
39000   8463
39010   8463
39020   8463
39030   8463
39040   8463
39050   8463
39060   8463
39070   8463
39080   8463
39090   8463
39100   8463
39110   8463
39120   8463
39130   8463
39140   8463
39150   8463
39160   8463
39170   8463
39180   8463
39190   8463
39200   8463
39210   8463
39220   8463
39230   8463
39240   8463
39250   8463
39260   8463
39270   8463
39280   8463
39290   8463
39300   8463
39310   8463
39320   8463
39330   8463
39340   8463
39350   8463
39360   8463
39370   8463
39380   8463
39390   8463
39400   8463
39410   8463
39420   8463
39430   8463
39440   8463
39450   8463
39460   8463
39470   8463
39480   8463
39490   8463
39500   8463
39510   8463
39520   8463
39530   8463
39540   8463
39550   8463
39560   8463
39570   8463
39580   8463
39590   8463
39600   8463
39610   8463
39620   8463
39630   8463
39640   8463
39650   8463
39660   8463
39670   8463
39680   8463
39690   8463
39700   8463
39710   8463
39720   8463
39730   8463
39740   8463
39750   8463
39760   8463
39770   8463
39780   8463
39790   8463
39800   8463
39810   8463
39820   8463
39830   8463
39840   8463
39850   8463
39860   8463
39870   8463
39880   8463
39890   8463
39900   8463
39910   8463
39920   8463
39930   8463
39940   8463
39950   8463
39960   8463
39970   8463
39980   8463
39990   8463
40000   8463
40010   8463
40020   8463
40030   8463
40040   8463
40050   8463
40060   8463
40070   8463
40080   8463
40090   8463
40100   8463
40110   8463
40120   8463
40130   8463
40140   8463
40150   8463
40160   8463
40170   8463
40180   8463
40190   8463
40200   8463
40210   8463
40220   8463
40230   8463
40240   8463
40250   8463
40260   8463
40270   8463
40280   8463
40290   8463
40300   8463
40310   8463
40320   8463
40330   8463
40340   8463
40350   8463
40360   8463
40370   8463
40380   8463
40390   8463
40400   8463
40410   8463
40420   8463
40430   8463
40440   8463
40450   8463
40460   8463
40470   8463
40480   8463
40490   8463
40500   8463
40510   8463
40520   8463
40530   8463
40540   8463
40550   8463
40560   8463
40570   8463
40580   8463
40590   8463
40600   8463
40610   8463
40620   8463
40630   8463
40640   8463
40650   8463
40660   8463
40670   8463
40680   8463
40690   8463
40700   8463
40710   8463
40720   8463
40730   8463
40740   8463
40750   8463
40760   8463
40770   8463
40780   8463
40790   8463
40800   8463
40810   8463
40820   8463
40830   8463
40840   8463
40850   8463
40860   8463
40870   8463
40880   8463
40890   8463
40900   8463
40910   8463
40920   8463
40930   8463
40940   8463
40950   8463
40960   8463
40970   8463
40980   8463
40990   8463
41000   8463
41010   8463
41020   8463
41030   8463
41040   8463
41050   8463
41060   8463
41070   8463
41080   8463
41090   8463
41100   8463
41110   8463
41120   8463
41130   8463
41140   8463
41150   8463
41160   8463
41170   8463
41180   8463
41190   8463
41200   8463
41210   8463
41220   8463
41230   8463
41240   8463
41250   8463
41260   8463
41270   8463
41280   8463
41290   8463
41300   8463
41310   8463
41320   8463
41330   8463
41340   8463
41350   8463
41360   8463
41370   8463
41380   8463
41390   8463
41400   8463
41410   8463
41420   8463
41430   8463
41440   8463
41450   8463
41460   8463
41470   8463
41480   8463
41490   8463
41500   8463
41510   8463
41520   8463
41530   8463
41540   8463
41550   8463
41560   8463
41570   8463
41580   8463
41590   8463
41600   8463
41610   8463
41620   8463
41630   8463
41640   8463
41650   8463
41660   8463
41670   8463
41680   8463
41690   8463
41700   8463
41710   8463
41720   8463
41730   8463
41740   8463
41750   8463
41760   8463
41770   8463
41780   8463
41790   8463
41800   8463
41810   8463
41820   8463
41830   8463
41840   8463
41850   8463
41860   8463
41870   8463
41880   8463
41890   8463
41900   8463
41910   8463
41920   8463
41930   8463
41940   8463
41950   8463
41960   8463
41970   8463
41980   8463
41990   8463
42000   8463
42010   8463
42020   8463
42030   8463
42040   8463
42050   8463
42060   8463
42070   8463
42080   8463
42090   8463
42100   8463
42110   8463
42120   8463
42130   8463
42140   8463
42150   8463
42160   8463
42170   8463
42180   8463
42190   8463
42200   8463
42210   8463
42220   8463
42230   8463
42240   8463
42250   8463
42260   8463
42270   8463
42280   8463
42290   8463
42300   8463
42310   8463
42320   8463
42330   8463
42340   8463
42350   8463
42360   8463
42370   8463
42380   8463
42390   8463
42400   8463
42410   8463
42420   8463
42430   8463
42440   8463
42450   8463
42460   8463
42470   8463
42480   8463
42490   8463
42500   8463
42510   8463
42520   8463
42530   8463
42540   8463
42550   8463
42560   8463
42570   8463
42580   8463
42590   8463
42600   8463
42610   8463
42620   8463
42630   8463
42640   8463
42650   8463
42660   8463
42670   8463
42680   8463
42690   8463
42700   8463
42710   8463
42720   8463
42730   8463
42740   8463
42750   8463
42760   8463
42770   8463
42780   8463
42790   8463
42800   8463
42810   8463
42820   8463
42830   8463
42840   8463
42850   8463
42860   8463
42870   8463
42880   8463
42890   8463
42900   8463
42910   8463
42920   8463
42930   8463
42940   8463
42950   8463
42960   8463
42970   8463
42980   8463
42990   8463
43000   8463
43010   8463
43020   8463
43030   8463
43040   8463
43050   8463
43060   8463
43070   8463
43080   8463
43090   8463
43100   8463
43110   8463
43120   8463
43130   8463
43140   8463
43150   8463
43160   8463
43170   8463
43180   8463
43190   8463
43200   8463
43210   8463
43220   8463
43230   8463
43240   8463
43250   8463
43260   8463
43270   8463
43280   8463
43290   8463
43300   8463
43310   8463
43320   8463
43330   8463
43340   8463
43350   8463
43360   8463
43370   8463
43380   8463
43390   8463
43400   8463
43410   8463
43420   8463
43430   8463
43440   8463
43450   8463
43460   8463
43470   8463
43480   8463
43490   8463
43500   8463
43510   8463
43520   8463
43530   8463
43540   8463
43550   8463
43560   8463
43570   8463
43580   8463
43590   8463
43600   8463
43610   8463
43620   8463
43630   8463
43640   8463
43650   8463
43660   8463
43670   8463
43680   8463
43690   8463
43700   8463
43710   8463
43720   8463
43730   8463
43740   8463
43750   8463
43760   8463
43770   8463
43780   8463
43790   8463
43800   8463
43810   8463
43820   8463
43830   8463
43840   8463
43850   8463
43860   8463
43870   8463
43880   8463
43890   8463
43900   8463
43910   8463
43920   8463
43930   8463
43940   8463
43950   8463
43960   8463
43970   8463
43980   8463
43990   8463
44000   8463
44010   8463
44020   8463
44030   8463
44040   8463
44050   8463
44060   8463
44070   8463
44080   8463
44090   8463
44100   8463
44110   8463
44120   8463
44130   8463
44140   8463
44150   8463
44160   8463
44170   8463
44180   8463
44190   8463
44200   8463
44210   8463
44220   8463
44230   8463
44240   8463
44250   8463
44260   8463
44270   8463
44280   8463
44290   8463
44300   8463
44310   8463
44320   8463
44330   8463
44340   8463
44350   8463
44360   8463
44370   8463
44380   8463
44390   8463
44400   8463
44410   8463
44420   8463
44430   8463
44440   8463
44450   8463
44460   8463
44470   8463
44480   8463
44490   8463
44500   8463
44510   8463
44520   8463
44530   8463
44540   8463
44550   8463
44560   8463
44570   8463
44580   8463
44590   8463
44600   8463
44610   8463
44620   8463
44630   8463
44640   8463
44650   8463
44660   8463
44670   8463
44680   8463
44690   8463
44700   8463
44710   8463
44720   8463
44730   8463
44740   8463
44750   8463
44760   8463
44770   8463
44780   8463
44790   8463
44800   8463
44810   8463
44820   8463
44830   8463
44840   8463
44850   8463
44860   8463
44870   8463
44880   8463
44890   8463
44900   8463
44910   8463
44920   8463
44930   8463
44940   8463
44950   8463
44960   8463
44970   8463
44980   8463
44990   8463
45000   8463
45010   8463
45020   8463
45030   8463
45040   8463
45050   8463
45060   8463
45070   8463
45080   8463
45090   8463
45100   8463
45110   8463
45120   8463
45130   8463
45140   8463
45150   8463
45160   8463
45170   8463
45180   8463
45190   8463
45200   8463
45210   8463
45220   8463
45230   8463
45240   8463
45250   8463
45260   8463
45270   8463
45280   8463
45290   8463
45300   8463
45310   8463
45320   8463
45330   8463
45340   8463
45350   8463
45360   8463
45370   8463
45380   8463
45390   8463
45400   8463
45410   8463
45420   8463
45430   8463
45440   8463
45450   8463
45460   8463
45470   8463
45480   8463
45490   8463
45500   8463
45510   8463
45520   8463
45530   8463
45540   8463
45550   8463
45560   8463
45570   8463
45580   8463
45590   8463
45600   8463
45610   8463
45620   8463
45630   8463
45640   8463
45650   8463
45660   8463
45670   8463
45680   8463
45690   8463
45700   8463
45710   8463
45720   8463
45730   8463
45740   8463
45750   8463
45760   8463
45770   8463
45780   8463
45790   8463
45800   8463
45810   8463
45820   8463
45830   8463
45840   8463
45850   8463
45860   8463
45870   8463
45880   8463
45890   8463
45900   8463
45910   8463
45920   8463
45930   8463
45940   8463
45950   8463
45960   8463
45970   8463
45980   8463
45990   8463
46000   8463
46010   8463
46020   8463
46030   8463
46040   8463
46050   8463
46060   8463
46070   8463
46080   8463
46090   8463
46100   8463
46110   8463
46120   8463
46130   8463
46140   8463
46150   8463
46160   8463
46170   8463
46180   8463
46190   8463
46200   8463
46210   8463
46220   8463
46230   8463
46240   8463
46250   8463
46260   8463
46270   8463
46280   8463
46290   8463
46300   8463
46310   8463
46320   8463
46330   8463
46340   8463
46350   8463
46360   8463
46370   8463
46380   8463
46390   8463
46400   8463
46410   8463
46420   8463
46430   8463
46440   8463
46450   8463
46460   8463
46470   8463
46480   8463
46490   8463
46500   8463
46510   8463
46520   8463
46530   8463
46540   8463
46550   8463
46560   8463
46570   8463
46580   8463
46590   8463
46600   8463
46610   8463
46620   8463
46630   8463
46640   8463
46650   8463
46660   8463
46670   8463
46680   8463
46690   8463
46700   8463
46710   8463
46720   8463
46730   8463
46740   8463
46750   8463
46760   8463
46770   8463
46780   8463
46790   8463
46800   8463
46810   8463
46820   8463
46830   8463
46840   8463
46850   8463
46860   8463
46870   8463
46880   8463
46890   8463
46900   8463
46910   8463
46920   8463
46930   8463
46940   8463
46950   8463
46960   8463
46970   8463
46980   8463
46990   8463
47000   8463
47010   8463
47020   8463
47030   8463
47040   8463
47050   8463
47060   8463
47070   8463
47080   8463
47090   8463
47100   8463
47110   8463
47120   8463
47130   8463
47140   8463
47150   8463
47160   8463
47170   8463
47180   8463
47190   8463
47200   8463
47210   8463
47220   8463
47230   8463
47240   8463
47250   8463
47260   8463
47270   8463
47280   8463
47290   8463
47300   8463
47310   8463
47320   8463
47330   8463
47340   8463
47350   8463
47360   8463
47370   8463
47380   8463
47390   8463
47400   8463
47410   8463
47420   8463
47430   8463
47440   8463
47450   8463
47460   8463
47470   8463
47480   8463
47490   8463
47500   8463
47510   8463
47520   8463
47530   8463
47540   8463
47550   8463
47560   8463
47570   8463
47580   8463
47590   8463
47600   8463
47610   8463
47620   8463
47630   8463
47640   8463
47650   8463
47660   8463
47670   8463
47680   8463
47690   8463
47700   8463
47710   8463
47720   8463
47730   8463
47740   8463
47750   8463
47760   8463
47770   8463
47780   8463
47790   8463
47800   8463
47810   8463
47820   8463
47830   8463
47840   8463
47850   8463
47860   8463
47870   8463
47880   8463
47890   8463
47900   8463
47910   8463
47920   8463
47930   8463
47940   8463
47950   8463
47960   8463
47970   8463
47980   8463
47990   8463
48000   8463
48010   8463
48020   8463
48030   8463
48040   8463
48050   8463
48060   8463
48070   8463
48080   8463
48090   8463
48100   8463
48110   8463
48120   8463
48130   8463
48140   8463
48150   8463
48160   8463
48170   8463
48180   8463
48190   8463
48200   8463
48210   8463
48220   8463
48230   8463
48240   8463
48250   8463
48260   8463
48270   8463
48280   8463
48290   8463
48300   8463
48310   8463
48320   8463
48330   8463
48340   8463
48350   8463
48360   8463
48370   8463
48380   8463
48390   8463
48400   8463
48410   8463
48420   8463
48430   8463
48440   8463
48450   8463
48460   8463
48470   8463
48480   8463
48490   8463
48500   8463
48510   8463
48520   8463
48530   8463
48540   8463
48550   8463
48560   8463
48570   8463
48580   8463
48590   8463
48600   8463
48610   8463
48620   8463
48630   8463
48640   8463
48650   8463
48660   8463
48670   8463
48680   8463
48690   8463
48700   8463
48710   8463
48720   8463
48730   8463
48740   8463
48750   8463
48760   8463
48770   8463
48780   8463
48790   8463
48800   8463
48810   8463
48820   8463
48830   8463
48840   8463
48850   8463
48860   8463
48870   8463
48880   8463
48890   8463
48900   8463
48910   8463
48920   8463
48930   8463
48940   8463
48950   8463
48960   8463
48970   8463
48980   8463
48990   8463
49000   8463
49010   8463
49020   8463
49030   8463
49040   8463
49050   8463
49060   8463
49070   8463
49080   8463
49090   8463
49100   8463
49110   8463
49120   8463
49130   8463
49140   8463
49150   8463
49160   8463
49170   8463
49180   8463
49190   8463
49200   8463
49210   8463
49220   8463
49230   8463
49240   8463
49250   8463
49260   8463
49270   8463
49280   8463
49290   8463
49300   8463
49310   8463
49320   8463
49330   8463
49340   8463
49350   8463
49360   8463
49370   8463
49380   8463
49390   8463
49400   8463
49410   8463
49420   8463
49430   8463
49440   8463
49450   8463
49460   8463
49470   8463
49480   8463
49490   8463
49500   8463
49510   8463
49520   8463
49530   8463
49540   8463
49550   8463
49560   8463
49570   8463
49580   8463
49590   8463
49600   8463
49610   8463
49620   8463
49630   8463
49640   8463
49650   8463
49660   8463
49670   8463
49680   8463
49690   8463
49700   8463
49710   8463
49720   8463
49730   8463
49740   8463
49750   8463
49760   8463
49770   8463
49780   8463
49790   8463
49800   8463
49810   8463
49820   8463
49830   8463
49840   8463
49850   8463
49860   8463
49870   8463
49880   8463
49890   8463
49900   8463
49910   8463
49920   8463
49930   8463
49940   8463
49950   8463
49960   8463
49970   8463
49980   8463
49990   8463
50000   8463
50010   8463
50020   8463
50030   8463
50040   8463
50050   8463
50060   8463
50070   8463
50080   8463
50090   8463
50100   8463
50110   8463
50120   8463
50130   8463
50140   8463
50150   8463
50160   8463
50170   8463
50180   8463
50190   8463
50200   8463
50210   8463
50220   8463
50230   8463
50240   8463
50250   8463
50260   8463
50270   8463
50280   8463
50290   8463
50300   8463
50310   8463
50320   8463
50330   8463
50340   8463
50350   8463
50360   8463
50370   8463
50380   8463
50390   8463
50400   8463
50410   8463
50420   8463
50430   8463
50440   8463
50450   8463
50460   8463
50470   8463
50480   8463
50490   8463
50500   8463
50510   8463
50520   8463
50530   8463
50540   8463
50550   8463
50560   8463
50570   8463
50580   8463
50590   8463
50600   8463
50610   8463
50620   8463
50630   8463
50640   8463
50650   8463
50660   8463
50670   8463
50680   8463
50690   8463
50700   8463
50710   8463
50720   8463
50730   8463
50740   8463
50750   8463
50760   8463
50770   8463
50780   8463
50790   8463
50800   8463
50810   8463
50820   8463
50830   8463
50840   8463
50850   8463
50860   8463
50870   8463
50880   8463
50890   8463
50900   8463
50910   8463
50920   8463
50930   8463
50940   8463
50950   8463
50960   8463
50970   8463
50980   8463
50990   8463
51000   8463
51010   8463
51020   8463
51030   8463
51040   8463
51050   8463
51060   8463
51070   8463
51080   8463
51090   8463
51100   8463
51110   8463
51120   8463
51130   8463
51140   8463
51150   8463
51160   8463
51170   8463
51180   8463
51190   8463
51200   8463
51210   8463
51220   8463
51230   8463
51240   8463
51250   8463
51260   8463
51270   8463
51280   8463
51290   8463
51300   8463
51310   8463
51320   8463
51330   8463
51340   8463
51350   8463
51360   8463
51370   8463
51380   8463
51390   8463
51400   8463
51410   8463
51420   8463
51430   8463
51440   8463
51450   8463
51460   8463
51470   8463
51480   8463
51490   8463
51500   8463
51510   8463
51520   8463
51530   8463
51540   8463
51550   8463
51560   8463
51570   8463
51580   8463
51590   8463
51600   8463
51610   8463
51620   8463
51630   8463
51640   8463
51650   8463
51660   8463
51670   8463
51680   8463
51690   8463
51700   8463
51710   8463
51720   8463
51730   8463
51740   8463
51750   8463
51760   8463
51770   8463
51780   8463
51790   8463
51800   8463
51810   8463
51820   8463
51830   8463
51840   8463
51850   8463
51860   8463
51870   8463
51880   8463
51890   8463
51900   8463
51910   8463
51920   8463
51930   8463
51940   8463
51950   8463
51960   8463
51970   8463
51980   8463
51990   8463
52000   8463
52010   8463
52020   8463
52030   8463
52040   8463
52050   8463
52060   8463
52070   8463
52080   8463
52090   8463
52100   8463
52110   8463
52120   8463
52130   8463
52140   8463
52150   8463
52160   8463
52170   8463
52180   8463
52190   8463
52200   8463
52210   8463
52220   8463
52230   8463
52240   8463
52250   8463
52260   8463
52270   8463
52280   8463
52290   8463
52300   8463
52310   8463
52320   8463
52330   8463
52340   8463
52350   8463
52360   8463
52370   8463
52380   8463
52390   8463
52400   8463
52410   8463
52420   8463
52430   8463
52440   8463
52450   8463
52460   8463
52470   8463
52480   8463
52490   8463
52500   8463
52510   8463
52520   8463
52530   8463
52540   8463
52550   8463
52560   8463
52570   8463
52580   8463
52590   8463
52600   8463
52610   8463
52620   8463
52630   8463
52640   8463
52650   8463
52660   8463
52670   8463
52680   8463
52690   8463
52700   8463
52710   8463
52720   8463
52730   8463
52740   8463
52750   8463
52760   8463
52770   8463
52780   8463
52790   8463
52800   8463
52810   8463
52820   8463
52830   8463
52840   8463
52850   8463
52860   8463
52870   8463
52880   8463
52890   8463
52900   8463
52910   8463
52920   8463
52930   8463
52940   8463
52950   8463
52960   8463
52970   8463
52980   8463
52990   8463
53000   8463
53010   8463
53020   8463
53030   8463
53040   8463
53050   8463
53060   8463
53070   8463
53080   8463
53090   8463
53100   8463
53110   8463
53120   8463
53130   8463
53140   8463
53150   8463
53160   8463
53170   8463
53180   8463
53190   8463
53200   8463
53210   8463
53220   8463
53230   8463
53240   8463
53250   8463
53260   8463
53270   8463
53280   8463
53290   8463
53300   8463
53310   8463
53320   8463
53330   8463
53340   8463
53350   8463
53360   8463
53370   8463
53380   8463
53390   8463
53400   8463
53410   8463
53420   8463
53430   8463
53440   8463
53450   8463
53460   8463
53470   8463
53480   8463
53490   8463
53500   8463
53510   8463
53520   8463
53530   8463
53540   8463
53550   8463
53560   8463
53570   8463
53580   8463
53590   8463
53600   8463
53610   8463
53620   8463
53630   8463
53640   8463
53650   8463
53660   8463
53670   8463
53680   8463
53690   8463
53700   8463
53710   8463
53720   8463
53730   8463
53740   8463
53750   8463
53760   8463
53770   8463
53780   8463
53790   8463
53800   8463
53810   8463
53820   8463
53830   8463
53840   8463
53850   8463
53860   8463
53870   8463
53880   8463
53890   8463
53900   8463
53910   8463
53920   8463
53930   8463
53940   8463
53950   8463
53960   8463
53970   8463
53980   8463
53990   8463
54000   8463
54010   8463
54020   8463
54030   8463
54040   8463
54050   8463
54060   8463
54070   8463
54080   8463
54090   8463
54100   8463
54110   8463
54120   8463
54130   8463
54140   8463
54150   8463
54160   8463
54170   8463
54180   8463
54190   8463
54200   8463
54210   8463
54220   8463
54230   8463
54240   8463
54250   8463
54260   8463
54270   8463
54280   8463
54290   8463
54300   8463
54310   8463
54320   8463
54330   8463
54340   8463
54350   8463
54360   8463
54370   8463
54380   8463
54390   8463
54400   8463
54410   8463
54420   8463
54430   8463
54440   8463
54450   8463
54460   8463
54470   8463
54480   8463
54490   8463
54500   8463
54510   8463
54520   8463
54530   8463
54540   8463
54550   8463
54560   8463
54570   8463
54580   8463
54590   8463
54600   8463
54610   8463
54620   8463
54630   8463
54640   8463
54650   8463
54660   8463
54670   8463
54680   8463
54690   8463
54700   8463
54710   8463
54720   8463
54730   8463
54740   8463
54750   8463
54760   8463
54770   8463
54780   8463
54790   8463
54800   8463
54810   8463
54820   8463
54830   8463
54840   8463
54850   8463
54860   8463
54870   8463
54880   8463
54890   8463
54900   8463
54910   8463
54920   8463
54930   8463
54940   8463
54950   8463
54960   8463
54970   8463
54980   8463
54990   8463
55000   8463
55010   8463
55020   8463
55030   8463
55040   8463
55050   8463
55060   8463
55070   8463
55080   8463
55090   8463
55100   8463
55110   8463
55120   8463
55130   8463
55140   8463
55150   8463
55160   8463
55170   8463
55180   8463
55190   8463
55200   8463
55210   8463
55220   8463
55230   8463
55240   8463
55250   8463
55260   8463
55270   8463
55280   8463
55290   8463
55300   8463
55310   8463
55320   8463
55330   8463
55340   8463
55350   8463
55360   8463
55370   8463
55380   8463
55390   8463
55400   8463
55410   8463
55420   8463
55430   8463
55440   8463
55450   8463
55460   8463
55470   8463
55480   8463
55490   8463
55500   8463
55510   8463
55520   8463
55530   8463
55540   8463
55550   8463
55560   8463
55570   8463
55580   8463
55590   8463
55600   8463
55610   8463
55620   8463
55630   8463
55640   8463
55650   8463
55660   8463
55670   8463
55680   8463
55690   8463
55700   8463
55710   8463
55720   8463
55730   8463
55740   8463
55750   8463
55760   8463
55770   8463
55780   8463
55790   8463
55800   8463
55810   8463
55820   8463
55830   8463
55840   8463
55850   8463
55860   8463
55870   8463
55880   8463
55890   8463
55900   8463
55910   8463
55920   8463
55930   8463
55940   8463
55950   8463
55960   8463
55970   8463
55980   8463
55990   8463
56000   8463
56010   8463
56020   8463
56030   8463
56040   8463
56050   8463
56060   8463
56070   8463
56080   8463
56090   8463
56100   8463
56110   8463
56120   8463
56130   8463
56140   8463
56150   8463
56160   8463
56170   8463
56180   8463
56190   8463
56200   8463
56210   8463
56220   8463
56230   8463
56240   8463
56250   8463
56260   8463
56270   8463
56280   8463
56290   8463
56300   8463
56310   8463
56320   8463
56330   8463
56340   8463
56350   8463
56360   8463
56370   8463
56380   8463
56390   8463
56400   8463
56410   8463
56420   8463
56430   8463
56440   8463
56450   8463
56460   8463
56470   8463
56480   8463
56490   8463
56500   8463
56510   8463
56520   8463
56530   8463
56540   8463
56550   8463
56560   8463
56570   8463
56580   8463
56590   8463
56600   8463
56610   8463
56620   8463
56630   8463
56640   8463
56650   8463
56660   8463
56670   8463
56680   8463
56690   8463
56700   8463
56710   8463
56720   8463
56730   8463
56740   8463
56750   8463
56760   8463
56770   8463
56780   8463
56790   8463
56800   8463
56810   8463
56820   8463
56830   8463
56840   8463
56850   8463
56860   8463
56870   8463
56880   8463
56890   8463
56900   8463
56910   8463
56920   8463
56930   8463
56940   8463
56950   8463
56960   8463
56970   8463
56980   8463
56990   8463
57000   8463
57010   8463
57020   8463
57030   8463
57040   8463
57050   8463
57060   8463
57070   8463
57080   8463
57090   8463
57100   8463
57110   8463
57120   8463
57130   8463
57140   8463
57150   8463
57160   8463
57170   8463
57180   8463
57190   8463
57200   8463
57210   8463
57220   8463
57230   8463
57240   8463
57250   8463
57260   8463
57270   8463
57280   8463
57290   8463
57300   8463
57310   8463
57320   8463
57330   8463
57340   8463
57350   8463
57360   8463
57370   8463
57380   8463
57390   8463
57400   8463
57410   8463
57420   8463
57430   8463
57440   8463
57450   8463
57460   8463
57470   8463
57480   8463
57490   8463
57500   8463
57510   8463
57520   8463
57530   8463
57540   8463
57550   8463
57560   8463
57570   8463
57580   8463
57590   8463
57600   8463
57610   8463
57620   8463
57630   8463
57640   8463
57650   8463
57660   8463
57670   8463
57680   8463
57690   8463
57700   8463
57710   8463
57720   8463
57730   8463
57740   8463
57750   8463
57760   8463
57770   8463
57780   8463
57790   8463
57800   8463
57810   8463
57820   8463
57830   8463
57840   8463
57850   8463
57860   8463
57870   8463
57880   8463
57890   8463
57900   8463
57910   8463
57920   8463
57930   8463
57940   8463
57950   8463
57960   8463
57970   8463
57980   8463
57990   8463
58000   8463
58010   8463
58020   8463
58030   8463
58040   8463
58050   8463
58060   8463
58070   8463
58080   8463
58090   8463
58100   8463
58110   8463
58120   8463
58130   8463
58140   8463
58150   8463
58160   8463
58170   8463
58180   8463
58190   8463
58200   8463
58210   8463
58220   8463
58230   8463
58240   8463
58250   8463
58260   8463
58270   8463
58280   8463
58290   8463
58300   8463
58310   8463
58320   8463
58330   8463
58340   8463
58350   8463
58360   8463
58370   8463
58380   8463
58390   8463
58400   8463
58410   8463
58420   8463
58430   8463
58440   8463
58450   8463
58460   8463
58470   8463
58480   8463
58490   8463
58500   8463
58510   8463
58520   8463
58530   8463
58540   8463
58550   8463
58560   8463
58570   8463
58580   8463
58590   8463
58600   8463
58610   8463
58620   8463
58630   8463
58640   8463
58650   8463
58660   8463
58670   8463
58680   8463
58690   8463
58700   8463
58710   8463
58720   8463
58730   8463
58740   8463
58750   8463
58760   8463
58770   8463
58780   8463
58790   8463
58800   8463
58810   8463
58820   8463
58830   8463
58840   8463
58850   8463
58860   8463
58870   8463
58880   8463
58890   8463
58900   8463
58910   8463
58920   8463
58930   8463
58940   8463
58950   8463
58960   8463
58970   8463
58980   8463
58990   8463
59000   8463
59010   8463
59020   8463
59030   8463
59040   8463
59050   8463
59060   8463
59070   8463
59080   8463
59090   8463
59100   8463
59110   8463
59120   8463
59130   8463
59140   8463
59150   8463
59160   8463
59170   8463
59180   8463
59190   8463
59200   8463
59210   8463
59220   8463
59230   8463
59240   8463
59250   8463
59260   8463
59270   8463
59280   8463
59290   8463
59300   8463
59310   8463
59320   8463
59330   8463
59340   8463
59350   8463
59360   8463
59370   8463
59380   8463
59390   8463
59400   8463
59410   8463
59420   8463
59430   8463
59440   8463
59450   8463
59460   8463
59470   8463
59480   8463
59490   8463
59500   8463
59510   8463
59520   8463
59530   8463
59540   8463
59550   8463
59560   8463
59570   8463
59580   8463
59590   8463
59600   8463
59610   8463
59620   8463
59630   8463
59640   8463
59650   8463
59660   8463
59670   8463
59680   8463
59690   8463
59700   8463
59710   8463
59720   8463
59730   8463
59740   8463
59750   8463
59760   8463
59770   8463
59780   8463
59790   8463
59800   8463
59810   8463
59820   8463
59830   8463
59840   8463
59850   8463
59860   8463
59870   8463
59880   8463
59890   8463
59900   8463
59910   8463
59920   8463
59930   8463
59940   8463
59950   8463
59960   8463
59970   8463
59980   8463
59990   8463
60000   8463
60010   8463
60020   8463
60030   8463
60040   8463
60050   8463
60060   8463
60070   8463
60080   8463
60090   8463
60100   8463
60110   8463
60120   8463
60130   8463
60140   8463
60150   8463
60160   8463
60170   8463
60180   8463
60190   8463
60200   8463
60210   8463
60220   8463
60230   8463
60240   8463
60250   8463
60260   8463
60270   8463
60280   8463
60290   8463
60300   8463
60310   8463
60320   8463
60330   8463
60340   8463
60350   8463
60360   8463
60370   8463
60380   8463
60390   8463
60400   8463
60410   8463
60420   8463
60430   8463
60440   8463
60450   8463
60460   8463
60470   8463
60480   8463
60490   8463
60500   8463
60510   8463
60520   8463
60530   8463
60540   8463
60550   8463
60560   8463
60570   8463
60580   8463
60590   8463
60600   8463
60610   8463
60620   8463
60630   8463
60640   8463
60650   8463
60660   8463
60670   8463
60680   8463
60690   8463
60700   8463
60710   8463
60720   8463
60730   8463
60740   8463
60750   8463
60760   8463
60770   8463
60780   8463
60790   8463
60800   8463
60810   8463
60820   8463
60830   8463
60840   8463
60850   8463
60860   8463
60870   8463
60880   8463
60890   8463
60900   8463
60910   8463
60920   8463
60930   8463
60940   8463
60950   8463
60960   8463
60970   8463
60980   8463
60990   8463
61000   8463
61010   8463
61020   8463
61030   8463
61040   8463
61050   8463
61060   8463
61070   8463
61080   8463
61090   8463
61100   8463
61110   8463
61120   8463
61130   8463
61140   8463
61150   8463
61160   8463
61170   8463
61180   8463
61190   8463
61200   8463
61210   8463
61220   8463
61230   8463
61240   8463
61250   8463
61260   8463
61270   8463
61280   8463
61290   8463
61300   8463
61310   8463
61320   8463
61330   8463
61340   8463
61350   8463
61360   8463
61370   8463
61380   8463
61390   8463
61400   8463
61410   8463
61420   8463
61430   8463
61440   8463
61450   8463
61460   8463
61470   8463
61480   8463
61490   8463
61500   8463
61510   8463
61520   8463
61530   8463
61540   8463
61550   8463
61560   8463
61570   8463
61580   8463
61590   8463
61600   8463
61610   8463
61620   8463
61630   8463
61640   8463
61650   8463
61660   8463
61670   8463
61680   8463
61690   8463
61700   8463
61710   8463
61720   8463
61730   8463
61740   8463
61750   8463
61760   8463
61770   8463
61780   8463
61790   8463
61800   8463
61810   8463
61820   8463
61830   8463
61840   8463
61850   8463
61860   8463
61870   8463
61880   8463
61890   8463
61900   8463
61910   8463
61920   8463
61930   8463
61940   8463
61950   8463
61960   8463
61970   8463
61980   8463
61990   8463
62000   8463
62010   8463
62020   8463
62030   8463
62040   8463
62050   8463
62060   8463
62070   8463
62080   8463
62090   8463
62100   8463
62110   8463
62120   8463
62130   8463
62140   8463
62150   8463
62160   8463
62170   8463
62180   8463
62190   8463
62200   8463
62210   8463
62220   8463
62230   8463
62240   8463
62250   8463
62260   8463
62270   8463
62280   8463
62290   8463
62300   8463
62310   8463
62320   8463
62330   8463
62340   8463
62350   8463
62360   8463
62370   8463
62380   8463
62390   8463
62400   8463
62410   8463
62420   8463
62430   8463
62440   8463
62450   8463
62460   8463
62470   8463
62480   8463
62490   8463
62500   8463
62510   8463
62520   8463
62530   8463
62540   8463
62550   8463
62560   8463
62570   8463
62580   8463
62590   8463
62600   8463
62610   8463
62620   8463
62630   8463
62640   8463
62650   8463
62660   8463
62670   8463
62680   8463
62690   8463
62700   8463
62710   8463
62720   8463
62730   8463
62740   8463
62750   8463
62760   8463
62770   8463
62780   8463
62790   8463
62800   8463
62810   8463
62820   8463
62830   8463
62840   8463
62850   8463
62860   8463
62870   8463
62880   8463
62890   8463
62900   8463
62910   8463
62920   8463
62930   8463
62940   8463
62950   8463
62960   8463
62970   8463
62980   8463
62990   8463
63000   8463
63010   8463
63020   8463
63030   8463
63040   8463
63050   8463
63060   8463
63070   8463
63080   8463
63090   8463
63100   8463
63110   8463
63120   8463
63130   8463
63140   8463
63150   8463
63160   8463
63170   8463
63180   8463
63190   8463
63200   8463
63210   8463
63220   8463
63230   8463
63240   8463
63250   8463
63260   8463
63270   8463
63280   8463
63290   8463
63300   8463
63310   8463
63320   8463
63330   8463
63340   8463
63350   8463
63360   8463
63370   8463
63380   8463
63390   8463
63400   8463
63410   8463
63420   8463
63430   8463
63440   8463
63450   8463
63460   8463
63470   8463
63480   8463
63490   8463
63500   8463
63510   8463
63520   8463
63530   8463
63540   8463
63550   8463
63560   8463
63570   8463
63580   8463
63590   8463
63600   8463
63610   8463
63620   8463
63630   8463
63640   8463
63650   8463
63660   8463
63670   8463
63680   8463
63690   8463
63700   8463
63710   8463
63720   8463
63730   8463
63740   8463
63750   8463
63760   8463
63770   8463
63780   8463
63790   8463
63800   8463
63810   8463
63820   8463
63830   8463
63840   8463
63850   8463
63860   8463
63870   8463
63880   8463
63890   8463
63900   8463
63910   8463
63920   8463
63930   8463
63940   8463
63950   8463
63960   8463
63970   8463
63980   8463
63990   8463
64000   8463
64010   8463
64020   8463
64030   8463
64040   8463
64050   8463
64060   8463
64070   8463
64080   8463
64090   8463
64100   8463
64110   8463
64120   8463
64130   8463
64140   8463
64150   8463
64160   8463
64170   8463
64180   8463
64190   8463
64200   8463
64210   8463
64220   8463
64230   8463
64240   8463
64250   8463
64260   8463
64270   8463
64280   8463
64290   8463
64300   8463
64310   8463
64320   8463
64330   8463
64340   8463
64350   8463
64360   8463
64370   8463
64380   8463
64390   8463
64400   8463
64410   8463
64420   8463
64430   8463
64440   8463
64450   8463
64460   8463
64470   8463
64480   8463
64490   8463
64500   8463
64510   8463
64520   8463
64530   8463
64540   8463
64550   8463
64560   8463
64570   8463
64580   8463
64590   8463
64600   8463
64610   8463
64620   8463
64630   8463
64640   8463
64650   8463
64660   8463
64670   8463
64680   8463
64690   8463
64700   8463
64710   8463
64720   8463
64730   8463
64740   8463
64750   8463
64760   8463
64770   8463
64780   8463
64790   8463
64800   8463
64810   8463
64820   8463
64830   8463
64840   8463
64850   8463
64860   8463
64870   8463
64880   8463
64890   8463
64900   8463
64910   8463
64920   8463
64930   8463
64940   8463
64950   8463
64960   8463
64970   8463
64980   8463
64990   8463
65000   8463
65010   8463
65020   8463
65030   8463
65040   8463
65050   8463
65060   8463
65070   8463
65080   8463
65090   8463
65100   8463
65110   8463
65120   8463
65130   8463
65140   8463
65150   8463
65160   8463
65170   8463
65180   8463
65190   8463
65200   8463
65210   8463
65220   8463
65230   8463
65240   8463
65250   8463
65260   8463
65270   8463
65280   8463
65290   8463
65300   8463
65310   8463
65320   8463
65330   8463
65340   8463
65350   8463
65360   8463
65370   8463
65380   8463
65390   8463
65400   8463
65410   8463
65420   8463
65430   8463
65440   8463
65450   8463
65460   8463
65470   8463
65480   8463
65490   8463
65500   8463
65510   8463
65520   8463
65530   8463
65540   8463
65550   8463
65560   8463
65570   8463
65580   8463
65590   8463
65600   8463
65610   8463
65620   8463
65630   8463
65640   8463
65650   8463
65660   8463
65670   8463
65680   8463
65690   8463
65700   8463
65710   8463
65720   8463
65730   8463
65740   8463
65750   8463
65760   8463
65770   8463
65780   8463
65790   8463
65800   8463
65810   8463
65820   8463
65830   8463
65840   8463
65850   8463
65860   8463
65870   8463
65880   8463
65890   8463
65900   8463
65910   8463
65920   8463
65930   8463
65940   8463
65950   8463
65960   8463
65970   8463
65980   8463
65990   8463
66000   8463
66010   8463
66020   8463
66030   8463
66040   8463
66050   8463
66060   8463
66070   8463
66080   8463
66090   8463
66100   8463
66110   8463
66120   8463
66130   8463
66140   8463
66150   8463
66160   8463
66170   8463
66180   8463
66190   8463
66200   8463
66210   8463
66220   8463
66230   8463
66240   8463
66250   8463
66260   8463
66270   8463
66280   8463
66290   8463
66300   8463
66310   8463
66320   8463
66330   8463
66340   8463
66350   8463
66360   8463
66370   8463
66380   8463
66390   8463
66400   8463
66410   8463
66420   8463
66430   8463
66440   8463
66450   8463
66460   8463
66470   8463
66480   8463
66490   8463
66500   8463
66510   8463
66520   8463
66530   8463
66540   8463
66550   8463
66560   8463
66570   8463
66580   8463
66590   8463
66600   8463
66610   8463
66620   8463
66630   8463
66640   8463
66650   8463
66660   8463
66670   8463
66680   8463
66690   8463
66700   8463
66710   8463
66720   8463
66730   8463
66740   8463
66750   8463
66760   8463
66770   8463
66780   8463
66790   8463
66800   8463
66810   8463
66820   8463
66830   8463
66840   8463
66850   8463
66860   8463
66870   8463
66880   8463
66890   8463
66900   8463
66910   8463
66920   8463
66930   8463
66940   8463
66950   8463
66960   8463
66970   8463
66980   8463
66990   8463
67000   8463
67010   8463
67020   8463
67030   8463
67040   8463
67050   8463
67060   8463
67070   8463
67080   8463
67090   8463
67100   8463
67110   8463
67120   8463
67130   8463
67140   8463
67150   8463
67160   8463
67170   8463
67180   8463
67190   8463
67200   8463
67210   8463
67220   8463
67230   8463
67240   8463
67250   8463
67260   8463
67270   8463
67280   8463
67290   8463
67300   8463
67310   8463
67320   8463
67330   8463
67340   8463
67350   8463
67360   8463
67370   8463
67380   8463
67390   8463
67400   8463
67410   8463
67420   8463
67430   8463
67440   8463
67450   8463
67460   8463
67470   8463
67480   8463
67490   8463
67500   8463
67510   8463
67520   8463
67530   8463
67540   8463
67550   8463
67560   8463
67570   8463
67580   8463
67590   8463
67600   8463
67610   8463
67620   8463
67630   8463
67640   8463
67650   8463
67660   8463
67670   8463
67680   8463
67690   8463
67700   8463
67710   8463
67720   8463
67730   8463
67740   8463
67750   8463
67760   8463
67770   8463
67780   8463
67790   8463
67800   8463
67810   8463
67820   8463
67830   8463
67840   8463
67850   8463
67860   8463
67870   8463
67880   8463
67890   8463
67900   8463
67910   8463
67920   8463
67930   8463
67940   8463
67950   8463
67960   8463
67970   8463
67980   8463
67990   8463
68000   8463
68010   8463
68020   8463
68030   8463
68040   8463
68050   8463
68060   8463
68070   8463
68080   8463
68090   8463
68100   8463
68110   8463
68120   8463
68130   8463
68140   8463
68150   8463
68160   8463
68170   8463
68180   8463
68190   8463
68200   8463
68210   8463
68220   8463
68230   8463
68240   8463
68250   8463
68260   8463
68270   8463
68280   8463
68290   8463
68300   8463
68310   8463
68320   8463
68330   8463
68340   8463
68350   8463
68360   8463
68370   8463
68380   8463
68390   8463
68400   8463
68410   8463
68420   8463
68430   8463
68440   8463
68450   8463
68460   8463
68470   8463
68480   8463
68490   8463
68500   8463
68510   8463
68520   8463
68530   8463
68540   8463
68550   8463
68560   8463
68570   8463
68580   8463
68590   8463
68600   8463
68610   8463
68620   8463
68630   8463
68640   8463
68650   8463
68660   8463
68670   8463
68680   8463
68690   8463
68700   8463
68710   8463
68720   8463
68730   8463
68740   8463
68750   8463
68760   8463
68770   8463
68780   8463
68790   8463
68800   8463
68810   8463
68820   8463
68830   8463
68840   8463
68850   8463
68860   8463
68870   8463
68880   8463
68890   8463
68900   8463
68910   8463
68920   8463
68930   8463
68940   8463
68950   8463
68960   8463
68970   8463
68980   8463
68990   8463
69000   8463
69010   8463
69020   8463
69030   8463
69040   8463
69050   8463
69060   8463
69070   8463
69080   8463
69090   8463
69100   8463
69110   8463
69120   8463
69130   8463
69140   8463
69150   8463
69160   8463
69170   8463
69180   8463
69190   8463
69200   8463
69210   8463
69220   8463
69230   8463
69240   8463
69250   8463
69260   8463
69270   8463
69280   8463
69290   8463
69300   8463
69310   8463
69320   8463
69330   8463
69340   8463
69350   8463
69360   8463
69370   8463
69380   8463
69390   8463
69400   8463
69410   8463
69420   8463
69430   8463
69440   8463
69450   8463
69460   8463
69470   8463
69480   8463
69490   8463
69500   8463
69510   8463
69520   8463
69530   8463
69540   8463
69550   8463
69560   8463
69570   8463
69580   8463
69590   8463
69600   8463
69610   8463
69620   8463
69630   8463
69640   8463
69650   8463
69660   8463
69670   8463
69680   8463
69690   8463
69700   8463
69710   8463
69720   8463
69730   8463
69740   8463
69750   8463
69760   8463
69770   8463
69780   8463
69790   8463
69800   8463
69810   8463
69820   8463
69830   8463
69840   8463
69850   8463
69860   8463
69870   8463
69880   8463
69890   8463
69900   8463
69910   8463
69920   8463
69930   8463
69940   8463
69950   8463
69960   8463
69970   8463
69980   8463
69990   8463
70000   8463
70010   8463
70020   8463
70030   8463
70040   8463
70050   8463
70060   8463
70070   8463
70080   8463
70090   8463
70100   8463
70110   8463
70120   8463
70130   8463
70140   8463
70150   8463
70160   8463
70170   8463
70180   8463
70190   8463
70200   8463
70210   8463
70220   8463
70230   8463
70240   8463
70250   8463
70260   8463
70270   8463
70280   8463
70290   8463
70300   8463
70310   8463
70320   8463
70330   8463
70340   8463
70350   8463
70360   8463
70370   8463
70380   8463
70390   8463
70400   8463
70410   8463
70420   8463
70430   8463
70440   8463
70450   8463
70460   8463
70470   8463
70480   8463
70490   8463
70500   8463
70510   8463
70520   8463
70530   8463
70540   8463
70550   8463
70560   8463
70570   8463
70580   8463
70590   8463
70600   8463
70610   8463
70620   8463
70630   8463
70640   8463
70650   8463
70660   8463
70670   8463
70680   8463
70690   8463
70700   8463
70710   8463
70720   8463
70730   8463
70740   8463
70750   8463
70760   8463
70770   8463
70780   8463
70790   8463
70800   8463
70810   8463
70820   8463
70830   8463
70840   8463
70850   8463
70860   8463
70870   8463
70880   8463
70890   8463
70900   8463
70910   8463
70920   8463
70930   8463
70940   8463
70950   8463
70960   8463
70970   8463
70980   8463
70990   8463
71000   8463
71010   8463
71020   8463
71030   8463
71040   8463
71050   8463
71060   8463
71070   8463
71080   8463
71090   8463
71100   8463
71110   8463
71120   8463
71130   8463
71140   8463
71150   8463
71160   8463
71170   8463
71180   8463
71190   8463
71200   8463
71210   8463
71220   8463
71230   8463
71240   8463
71250   8463
71260   8463
71270   8463
71280   8463
71290   8463
71300   8463
71310   8463
71320   8463
71330   8463
71340   8463
71350   8463
71360   8463
71370   8463
71380   8463
71390   8463
71400   8463
71410   8463
71420   8463
71430   8463
71440   8463
71450   8463
71460   8463
71470   8463
71480   8463
71490   8463
71500   8463
71510   8463
71520   8463
71530   8463
71540   8463
71550   8463
71560   8463
71570   8463
71580   8463
71590   8463
71600   8463
71610   8463
71620   8463
71630   8463
71640   8463
71650   8463
71660   8463
71670   8463
71680   8463
71690   8463
71700   8463
71710   8463
71720   8463
71730   8463
71740   8463
71750   8463
71760   8463
71770   8463
71780   8463
71790   8463
71800   8463
71810   8463
71820   8463
71830   8463
71840   8463
71850   8463
71860   8463
71870   8463
71880   8463
71890   8463
71900   8463
71910   8463
71920   8463
71930   8463
71940   8463
71950   8463
71960   8463
71970   8463
71980   8463
71990   8463
72000   8463
72010   8463
72020   8463
72030   8463
72040   8463
72050   8463
72060   8463
72070   8463
72080   8463
72090   8463
72100   8463
72110   8463
72120   8463
72130   8463
72140   8463
72150   8463
72160   8463
72170   8463
72180   8463
72190   8463
72200   8463
72210   8463
72220   8463
72230   8463
72240   8463
72250   8463
72260   8463
72270   8463
72280   8463
72290   8463
72300   8463
72310   8463
72320   8463
72330   8463
72340   8463
72350   8463
72360   8463
72370   8463
72380   8463
72390   8463
72400   8463
72410   8463
72420   8463
72430   8463
72440   8463
72450   8463
72460   8463
72470   8463
72480   8463
72490   8463
72500   8463
72510   8463
72520   8463
72530   8463
72540   8463
72550   8463
72560   8463
72570   8463
72580   8463
72590   8463
72600   8463
72610   8463
72620   8463
72630   8463
72640   8463
72650   8463
72660   8463
72670   8463
72680   8463
72690   8463
72700   8463
72710   8463
72720   8463
72730   8463
72740   8463
72750   8463
72760   8463
72770   8463
72780   8463
72790   8463
72800   8463
72810   8463
72820   8463
72830   8463
72840   8463
72850   8463
72860   8463
72870   8463
72880   8463
72890   8463
72900   8463
72910   8463
72920   8463
72930   8463
72940   8463
72950   8463
72960   8463
72970   8463
72980   8463
72990   8463
73000   8463
73010   8463
73020   8463
73030   8463
73040   8463
73050   8463
73060   8463
73070   8463
73080   8463
73090   8463
73100   8463
73110   8463
73120   8463
73130   8463
73140   8463
73150   8463
73160   8463
73170   8463
73180   8463
73190   8463
73200   8463
73210   8463
73220   8463
73230   8463
73240   8463
73250   8463
73260   8463
73270   8463
73280   8463
73290   8463
73300   8463
73310   8463
73320   8463
73330   8463
73340   8463
73350   8463
73360   8463
73370   8463
73380   8463
73390   8463
73400   8463
73410   8463
73420   8463
73430   8463
73440   8463
73450   8463
73460   8463
73470   8463
73480   8463
73490   8463
73500   8463
73510   8463
73520   8463
73530   8463
73540   8463
73550   8463
73560   8463
73570   8463
73580   8463
73590   8463
73600   8463
73610   8463
73620   8463
73630   8463
73640   8463
73650   8463
73660   8463
73670   8463
