10   8656
20   8656
30   8656
40   8656
50   8656
60   8656
70   8656
80   8656
90   8612
100   8612
110   8612
120   8612
130   8612
140   8612
150   8612
160   8612
170   8612
180   8612
190   8612
200   8588
210   8588
220   8588
230   8537
240   8537
250   8537
260   8537
270   8537
280   8537
290   8537
300   8537
310   8537
320   8537
330   8537
340   8537
350   8537
360   8537
370   8537
380   8537
390   8537
400   8537
410   8537
420   8537
430   8537
440   8537
450   8537
460   8537
470   8537
480   8537
490   8537
500   8537
510   8537
520   8537
530   8537
540   8537
550   8537
560   8537
570   8537
580   8537
590   8537
600   8537
610   8537
620   8537
630   8537
640   8537
650   8537
660   8537
670   8537
680   8537
690   8537
700   8537
710   8537
720   8537
730   8537
740   8537
750   8537
760   8537
770   8537
780   8537
790   8537
800   8507
810   8507
820   8507
830   8507
840   8507
850   8507
860   8507
870   8507
880   8507
890   8507
900   8507
910   8507
920   8507
930   8507
940   8507
950   8507
960   8507
970   8507
980   8507
990   8507
1000   8507
1010   8507
1020   8507
1030   8507
1040   8507
1050   8507
1060   8507
1070   8507
1080   8507
1090   8507
1100   8507
1110   8507
1120   8507
1130   8507
1140   8507
1150   8507
1160   8507
1170   8507
1180   8507
1190   8507
1200   8507
1210   8507
1220   8507
1230   8507
1240   8507
1250   8507
1260   8507
1270   8507
1280   8507
1290   8507
1300   8507
1310   8507
1320   8507
1330   8507
1340   8507
1350   8507
1360   8507
1370   8507
1380   8507
1390   8507
1400   8507
1410   8507
1420   8507
1430   8507
1440   8507
1450   8507
1460   8507
1470   8507
1480   8507
1490   8507
1500   8507
1510   8507
1520   8507
1530   8507
1540   8507
1550   8507
1560   8507
1570   8507
1580   8507
1590   8507
1600   8507
1610   8507
1620   8507
1630   8507
1640   8507
1650   8507
1660   8507
1670   8507
1680   8507
1690   8507
1700   8507
1710   8507
1720   8507
1730   8507
1740   8507
1750   8507
1760   8507
1770   8507
1780   8507
1790   8507
1800   8507
1810   8507
1820   8507
1830   8507
1840   8507
1850   8507
1860   8507
1870   8507
1880   8507
1890   8507
1900   8507
1910   8507
1920   8507
1930   8507
1940   8507
1950   8507
1960   8507
1970   8507
1980   8507
1990   8507
2000   8507
2010   8507
2020   8507
2030   8507
2040   8507
2050   8507
2060   8507
2070   8507
2080   8507
2090   8507
2100   8507
2110   8507
2120   8507
2130   8507
2140   8507
2150   8507
2160   8507
2170   8507
2180   8507
2190   8507
2200   8507
2210   8507
2220   8507
2230   8507
2240   8507
2250   8507
2260   8507
2270   8507
2280   8507
2290   8507
2300   8507
2310   8507
2320   8507
2330   8507
2340   8507
2350   8507
2360   8507
2370   8507
2380   8507
2390   8507
2400   8507
2410   8507
2420   8507
2430   8507
2440   8507
2450   8507
2460   8507
2470   8507
2480   8507
2490   8507
2500   8507
2510   8507
2520   8507
2530   8507
2540   8507
2550   8507
2560   8507
2570   8507
2580   8507
2590   8507
2600   8507
2610   8507
2620   8507
2630   8507
2640   8507
2650   8507
2660   8507
2670   8507
2680   8507
2690   8507
2700   8507
2710   8507
2720   8507
2730   8507
2740   8507
2750   8507
2760   8507
2770   8507
2780   8507
2790   8507
2800   8507
2810   8507
2820   8507
2830   8507
2840   8507
2850   8507
2860   8507
2870   8507
2880   8507
2890   8507
2900   8507
2910   8507
2920   8507
2930   8507
2940   8507
2950   8507
2960   8507
2970   8507
2980   8507
2990   8507
3000   8507
3010   8507
3020   8507
3030   8507
3040   8507
3050   8507
3060   8507
3070   8507
3080   8507
3090   8507
3100   8507
3110   8507
3120   8507
3130   8507
3140   8507
3150   8507
3160   8507
3170   8507
3180   8507
3190   8507
3200   8507
3210   8507
3220   8507
3230   8507
3240   8507
3250   8507
3260   8507
3270   8507
3280   8507
3290   8507
3300   8507
3310   8507
3320   8507
3330   8507
3340   8507
3350   8507
3360   8507
3370   8507
3380   8507
3390   8507
3400   8507
3410   8507
3420   8507
3430   8507
3440   8507
3450   8507
3460   8507
3470   8507
3480   8507
3490   8507
3500   8507
3510   8507
3520   8507
3530   8507
3540   8507
3550   8507
3560   8507
3570   8507
3580   8507
3590   8507
3600   8507
3610   8507
3620   8507
3630   8507
3640   8507
3650   8507
3660   8507
3670   8507
3680   8507
3690   8507
3700   8507
3710   8507
3720   8507
3730   8507
3740   8507
3750   8507
3760   8507
3770   8507
3780   8507
3790   8507
3800   8507
3810   8507
3820   8507
3830   8507
3840   8507
3850   8507
3860   8507
3870   8507
3880   8507
3890   8507
3900   8507
3910   8507
3920   8507
3930   8507
3940   8507
3950   8507
3960   8507
3970   8507
3980   8507
3990   8507
4000   8507
4010   8507
4020   8507
4030   8507
4040   8507
4050   8507
4060   8507
4070   8507
4080   8507
4090   8507
4100   8507
4110   8507
4120   8507
4130   8507
4140   8507
4150   8507
4160   8507
4170   8507
4180   8507
4190   8507
4200   8507
4210   8507
4220   8507
4230   8507
4240   8507
4250   8507
4260   8507
4270   8507
4280   8507
4290   8507
4300   8507
4310   8507
4320   8507
4330   8507
4340   8507
4350   8507
4360   8507
4370   8507
4380   8507
4390   8507
4400   8507
4410   8507
4420   8507
4430   8507
4440   8507
4450   8507
4460   8507
4470   8507
4480   8507
4490   8507
4500   8507
4510   8507
4520   8507
4530   8507
4540   8507
4550   8507
4560   8507
4570   8507
4580   8507
4590   8507
4600   8507
4610   8507
4620   8507
4630   8507
4640   8507
4650   8507
4660   8507
4670   8507
4680   8507
4690   8507
4700   8507
4710   8507
4720   8507
4730   8507
4740   8507
4750   8507
4760   8507
4770   8507
4780   8507
4790   8507
4800   8507
4810   8507
4820   8507
4830   8507
4840   8507
4850   8507
4860   8507
4870   8507
4880   8507
4890   8507
4900   8507
4910   8507
4920   8507
4930   8507
4940   8507
4950   8507
4960   8507
4970   8507
4980   8507
4990   8507
5000   8507
5010   8507
5020   8507
5030   8507
5040   8507
5050   8507
5060   8507
5070   8507
5080   8507
5090   8507
5100   8507
5110   8507
5120   8507
5130   8507
5140   8507
5150   8507
5160   8507
5170   8507
5180   8507
5190   8484
5200   8484
5210   8484
5220   8484
5230   8484
5240   8484
5250   8484
5260   8484
5270   8484
5280   8484
5290   8484
5300   8484
5310   8484
5320   8484
5330   8484
5340   8484
5350   8484
5360   8484
5370   8484
5380   8484
5390   8484
5400   8484
5410   8484
5420   8484
5430   8484
5440   8484
5450   8484
5460   8484
5470   8484
5480   8484
5490   8484
5500   8484
5510   8484
5520   8484
5530   8484
5540   8484
5550   8484
5560   8484
5570   8484
5580   8484
5590   8484
5600   8484
5610   8484
5620   8484
5630   8484
5640   8484
5650   8484
5660   8484
5670   8484
5680   8484
5690   8484
5700   8484
5710   8484
5720   8484
5730   8484
5740   8484
5750   8484
5760   8484
5770   8484
5780   8484
5790   8484
5800   8484
5810   8484
5820   8484
5830   8484
5840   8484
5850   8484
5860   8484
5870   8484
5880   8484
5890   8484
5900   8484
5910   8484
5920   8484
5930   8484
5940   8484
5950   8484
5960   8484
5970   8484
5980   8484
5990   8484
6000   8484
6010   8484
6020   8484
6030   8484
6040   8484
6050   8484
6060   8484
6070   8484
6080   8484
6090   8484
6100   8484
6110   8484
6120   8484
6130   8484
6140   8484
6150   8484
6160   8484
6170   8484
6180   8484
6190   8484
6200   8484
6210   8484
6220   8484
6230   8484
6240   8484
6250   8484
6260   8484
6270   8484
6280   8484
6290   8484
6300   8484
6310   8484
6320   8484
6330   8484
6340   8484
6350   8484
6360   8484
6370   8484
6380   8484
6390   8484
6400   8484
6410   8484
6420   8484
6430   8484
6440   8484
6450   8484
6460   8484
6470   8484
6480   8484
6490   8484
6500   8484
6510   8484
6520   8484
6530   8484
6540   8484
6550   8484
6560   8484
6570   8484
6580   8484
6590   8484
6600   8484
6610   8484
6620   8484
6630   8484
6640   8484
6650   8484
6660   8484
6670   8484
6680   8484
6690   8484
6700   8484
6710   8484
6720   8484
6730   8484
6740   8484
6750   8484
6760   8484
6770   8484
6780   8484
6790   8484
6800   8484
6810   8484
6820   8484
6830   8484
6840   8484
6850   8484
6860   8484
6870   8484
6880   8484
6890   8484
6900   8484
6910   8484
6920   8484
6930   8484
6940   8484
6950   8484
6960   8484
6970   8484
6980   8484
6990   8484
7000   8484
7010   8484
7020   8484
7030   8484
7040   8484
7050   8484
7060   8484
7070   8484
7080   8484
7090   8484
7100   8484
7110   8484
7120   8484
7130   8484
7140   8484
7150   8484
7160   8484
7170   8484
7180   8484
7190   8484
7200   8484
7210   8484
7220   8484
7230   8484
7240   8484
7250   8484
7260   8484
7270   8484
7280   8484
7290   8484
7300   8484
7310   8484
7320   8484
7330   8484
7340   8484
7350   8484
7360   8484
7370   8484
7380   8484
7390   8484
7400   8484
7410   8484
7420   8484
7430   8484
7440   8484
7450   8484
7460   8484
7470   8484
7480   8484
7490   8484
7500   8484
7510   8484
7520   8484
7530   8484
7540   8484
7550   8484
7560   8484
7570   8484
7580   8484
7590   8484
7600   8484
7610   8484
7620   8484
7630   8484
7640   8484
7650   8484
7660   8484
7670   8484
7680   8484
7690   8484
7700   8484
7710   8484
7720   8484
7730   8484
7740   8484
7750   8484
7760   8484
7770   8484
7780   8484
7790   8484
7800   8484
7810   8484
7820   8484
7830   8484
7840   8484
7850   8484
7860   8484
7870   8484
7880   8484
7890   8484
7900   8484
7910   8484
7920   8484
7930   8484
7940   8484
7950   8484
7960   8484
7970   8484
7980   8484
7990   8484
8000   8484
8010   8484
8020   8484
8030   8484
8040   8484
8050   8484
8060   8484
8070   8484
8080   8484
8090   8484
8100   8484
8110   8484
8120   8484
8130   8484
8140   8484
8150   8484
8160   8484
8170   8484
8180   8484
8190   8484
8200   8484
8210   8484
8220   8484
8230   8484
8240   8484
8250   8484
8260   8484
8270   8484
8280   8484
8290   8484
8300   8484
8310   8484
8320   8484
8330   8484
8340   8484
8350   8484
8360   8484
8370   8484
8380   8484
8390   8484
8400   8484
8410   8484
8420   8484
8430   8484
8440   8484
8450   8484
8460   8484
8470   8484
8480   8484
8490   8484
8500   8484
8510   8484
8520   8484
8530   8484
8540   8484
8550   8484
8560   8484
8570   8484
8580   8484
8590   8484
8600   8484
8610   8484
8620   8484
8630   8484
8640   8484
8650   8484
8660   8484
8670   8484
8680   8484
8690   8484
8700   8484
8710   8484
8720   8484
8730   8484
8740   8484
8750   8484
8760   8484
8770   8484
8780   8484
8790   8484
8800   8484
8810   8484
8820   8484
8830   8484
8840   8484
8850   8484
8860   8484
8870   8484
8880   8484
8890   8484
8900   8484
8910   8484
8920   8484
8930   8484
8940   8484
8950   8484
8960   8484
8970   8484
8980   8484
8990   8484
9000   8484
9010   8484
9020   8484
9030   8484
9040   8484
9050   8484
9060   8484
9070   8484
9080   8484
9090   8484
9100   8484
9110   8484
9120   8484
9130   8484
9140   8484
9150   8484
9160   8484
9170   8484
9180   8484
9190   8484
9200   8484
9210   8484
9220   8484
9230   8484
9240   8484
9250   8484
9260   8484
9270   8484
9280   8484
9290   8484
9300   8484
9310   8484
9320   8484
9330   8484
9340   8484
9350   8484
9360   8484
9370   8484
9380   8484
9390   8484
9400   8484
9410   8484
9420   8484
9430   8484
9440   8484
9450   8484
9460   8484
9470   8484
9480   8484
9490   8484
9500   8484
9510   8484
9520   8484
9530   8484
9540   8484
9550   8484
9560   8484
9570   8484
9580   8484
9590   8484
9600   8484
9610   8484
9620   8484
9630   8484
9640   8484
9650   8484
9660   8484
9670   8484
9680   8484
9690   8484
9700   8484
9710   8484
9720   8484
9730   8484
9740   8484
9750   8484
9760   8484
9770   8484
9780   8484
9790   8484
9800   8484
9810   8484
9820   8484
9830   8484
9840   8484
9850   8484
9860   8484
9870   8484
9880   8484
9890   8484
9900   8484
9910   8484
9920   8484
9930   8484
9940   8484
9950   8484
9960   8484
9970   8484
9980   8484
9990   8484
10000   8484
10010   8484
10020   8484
10030   8484
10040   8484
10050   8484
10060   8484
10070   8484
10080   8484
10090   8484
10100   8484
10110   8484
10120   8484
10130   8484
10140   8484
10150   8484
10160   8484
10170   8484
10180   8484
10190   8484
10200   8484
10210   8484
10220   8484
10230   8484
10240   8484
10250   8484
10260   8484
10270   8484
10280   8484
10290   8484
10300   8484
10310   8484
10320   8484
10330   8484
10340   8484
10350   8484
10360   8484
10370   8484
10380   8484
10390   8484
10400   8484
10410   8484
10420   8484
10430   8484
10440   8484
10450   8484
10460   8484
10470   8484
10480   8484
10490   8484
10500   8484
10510   8484
10520   8484
10530   8484
10540   8484
10550   8484
10560   8484
10570   8484
10580   8484
10590   8484
10600   8484
10610   8484
10620   8484
10630   8484
10640   8484
10650   8484
10660   8484
10670   8484
10680   8484
10690   8484
10700   8484
10710   8484
10720   8484
10730   8484
10740   8484
10750   8484
10760   8484
10770   8484
10780   8484
10790   8484
10800   8484
10810   8484
10820   8484
10830   8484
10840   8484
10850   8484
10860   8484
10870   8484
10880   8484
10890   8484
10900   8484
10910   8484
10920   8484
10930   8484
10940   8484
10950   8484
10960   8484
10970   8484
10980   8484
10990   8484
11000   8484
11010   8484
11020   8484
11030   8484
11040   8484
11050   8484
11060   8484
11070   8484
11080   8484
11090   8484
11100   8484
11110   8484
11120   8484
11130   8484
11140   8484
11150   8484
11160   8484
11170   8484
11180   8484
11190   8484
11200   8484
11210   8484
11220   8484
11230   8484
11240   8484
11250   8484
11260   8484
11270   8484
11280   8484
11290   8484
11300   8484
11310   8484
11320   8484
11330   8484
11340   8484
11350   8484
11360   8484
11370   8484
11380   8464
11390   8464
11400   8464
11410   8464
11420   8464
11430   8464
11440   8464
11450   8464
11460   8464
11470   8464
11480   8464
11490   8464
11500   8464
11510   8464
11520   8464
11530   8464
11540   8464
11550   8464
11560   8464
11570   8464
11580   8464
11590   8464
11600   8464
11610   8464
11620   8464
11630   8464
11640   8464
11650   8464
11660   8464
11670   8464
11680   8464
11690   8464
11700   8464
11710   8464
11720   8464
11730   8464
11740   8464
11750   8464
11760   8464
11770   8464
11780   8464
11790   8464
11800   8464
11810   8464
11820   8464
11830   8464
11840   8464
11850   8464
11860   8464
11870   8464
11880   8464
11890   8464
11900   8464
11910   8464
11920   8464
11930   8464
11940   8464
11950   8464
11960   8464
11970   8464
11980   8464
11990   8464
12000   8464
12010   8464
12020   8464
12030   8464
12040   8464
12050   8464
12060   8464
12070   8464
12080   8464
12090   8464
12100   8464
12110   8464
12120   8464
12130   8464
12140   8464
12150   8464
12160   8464
12170   8464
12180   8464
12190   8464
12200   8464
12210   8464
12220   8464
12230   8464
12240   8464
12250   8464
12260   8464
12270   8464
12280   8464
12290   8464
12300   8464
12310   8464
12320   8464
12330   8464
12340   8464
12350   8464
12360   8464
12370   8464
12380   8464
12390   8464
12400   8464
12410   8464
12420   8464
12430   8464
12440   8464
12450   8464
12460   8464
12470   8464
12480   8464
12490   8464
12500   8464
12510   8464
12520   8464
12530   8464
12540   8464
12550   8464
12560   8464
12570   8464
12580   8464
12590   8464
12600   8464
12610   8464
12620   8464
12630   8464
12640   8464
12650   8464
12660   8464
12670   8464
12680   8464
12690   8464
12700   8464
12710   8464
12720   8464
12730   8464
12740   8464
12750   8464
12760   8464
12770   8464
12780   8464
12790   8464
12800   8464
12810   8464
12820   8464
12830   8464
12840   8464
12850   8464
12860   8464
12870   8464
12880   8464
12890   8464
12900   8464
12910   8464
12920   8464
12930   8464
12940   8464
12950   8464
12960   8464
12970   8464
12980   8464
12990   8464
13000   8464
13010   8464
13020   8464
13030   8464
13040   8464
13050   8464
13060   8464
13070   8464
13080   8464
13090   8464
13100   8464
13110   8464
13120   8464
13130   8464
13140   8464
13150   8464
13160   8464
13170   8464
13180   8464
13190   8464
13200   8464
13210   8464
13220   8464
13230   8464
13240   8464
13250   8464
13260   8464
13270   8464
13280   8464
13290   8464
13300   8464
13310   8464
13320   8464
13330   8464
13340   8464
13350   8464
13360   8464
13370   8464
13380   8464
13390   8464
13400   8464
13410   8464
13420   8464
13430   8464
13440   8464
13450   8464
13460   8464
13470   8464
13480   8464
13490   8464
13500   8464
13510   8464
13520   8464
13530   8464
13540   8464
13550   8464
13560   8464
13570   8464
13580   8464
13590   8464
13600   8464
13610   8464
13620   8464
13630   8464
13640   8464
13650   8464
13660   8464
13670   8464
13680   8464
13690   8464
13700   8464
13710   8464
13720   8464
13730   8464
13740   8464
13750   8464
13760   8464
13770   8464
13780   8464
13790   8464
13800   8464
13810   8464
13820   8464
13830   8464
13840   8464
13850   8464
13860   8464
13870   8464
13880   8464
13890   8464
13900   8464
13910   8464
13920   8464
13930   8464
13940   8464
13950   8464
13960   8464
13970   8464
13980   8464
13990   8464
14000   8464
14010   8464
14020   8464
14030   8464
14040   8464
14050   8464
14060   8464
14070   8464
14080   8464
14090   8464
14100   8464
14110   8464
14120   8464
14130   8464
14140   8464
14150   8464
14160   8464
14170   8464
14180   8464
14190   8464
14200   8464
14210   8464
14220   8464
14230   8464
14240   8464
14250   8464
14260   8464
14270   8464
14280   8464
14290   8464
14300   8464
14310   8464
14320   8464
14330   8464
14340   8464
14350   8464
14360   8464
14370   8464
14380   8464
14390   8464
14400   8464
14410   8464
14420   8464
14430   8464
14440   8464
14450   8464
14460   8464
14470   8464
14480   8464
14490   8464
14500   8464
14510   8464
14520   8464
14530   8464
14540   8464
14550   8464
14560   8464
14570   8464
14580   8464
14590   8464
14600   8464
14610   8464
14620   8464
14630   8464
14640   8464
14650   8464
14660   8464
14670   8464
14680   8464
14690   8464
14700   8464
14710   8464
14720   8464
14730   8464
14740   8464
14750   8464
14760   8464
14770   8464
14780   8464
14790   8464
14800   8464
14810   8464
14820   8464
14830   8464
14840   8464
14850   8464
14860   8464
14870   8464
14880   8464
14890   8464
14900   8464
14910   8464
14920   8464
14930   8464
14940   8464
14950   8464
14960   8464
14970   8464
14980   8464
14990   8464
15000   8464
15010   8464
15020   8464
15030   8464
15040   8464
15050   8464
15060   8464
15070   8464
15080   8464
15090   8464
15100   8464
15110   8464
15120   8464
15130   8464
15140   8464
15150   8464
15160   8464
15170   8464
15180   8464
15190   8464
15200   8464
15210   8464
15220   8464
15230   8464
15240   8464
15250   8464
15260   8464
15270   8464
15280   8464
15290   8464
15300   8464
15310   8464
15320   8464
15330   8464
15340   8464
15350   8464
15360   8464
15370   8464
15380   8464
15390   8464
15400   8464
15410   8464
15420   8464
15430   8464
15440   8464
15450   8464
15460   8464
15470   8464
15480   8464
15490   8464
15500   8464
15510   8464
15520   8464
15530   8464
15540   8464
15550   8464
15560   8464
15570   8464
15580   8464
15590   8464
15600   8464
15610   8464
15620   8464
15630   8464
15640   8464
15650   8464
15660   8464
15670   8464
15680   8464
15690   8464
15700   8464
15710   8464
15720   8464
15730   8464
15740   8464
15750   8464
15760   8464
15770   8464
15780   8464
15790   8464
15800   8464
15810   8464
15820   8464
15830   8464
15840   8464
15850   8464
15860   8464
15870   8464
15880   8464
15890   8464
15900   8464
15910   8464
15920   8464
15930   8464
15940   8464
15950   8464
15960   8464
15970   8464
15980   8464
15990   8464
16000   8464
16010   8464
16020   8464
16030   8464
16040   8464
16050   8464
16060   8464
16070   8464
16080   8464
16090   8464
16100   8464
16110   8464
16120   8464
16130   8464
16140   8464
16150   8464
16160   8464
16170   8464
16180   8464
16190   8464
16200   8464
16210   8464
16220   8464
16230   8464
16240   8464
16250   8464
16260   8464
16270   8464
16280   8464
16290   8464
16300   8464
16310   8464
16320   8464
16330   8464
16340   8464
16350   8464
16360   8464
16370   8464
16380   8464
16390   8464
16400   8464
16410   8464
16420   8464
16430   8464
16440   8464
16450   8464
16460   8464
16470   8464
16480   8464
16490   8464
16500   8464
16510   8464
16520   8464
16530   8464
16540   8464
16550   8464
16560   8464
16570   8464
16580   8464
16590   8464
16600   8464
16610   8464
16620   8464
16630   8464
16640   8464
16650   8464
16660   8464
16670   8464
16680   8464
16690   8464
16700   8464
16710   8464
16720   8464
16730   8464
16740   8464
16750   8464
16760   8464
16770   8464
16780   8464
16790   8464
16800   8464
16810   8464
16820   8464
16830   8464
16840   8464
16850   8464
16860   8464
16870   8464
16880   8464
16890   8464
16900   8464
16910   8464
16920   8464
16930   8464
16940   8464
16950   8464
16960   8464
16970   8464
16980   8464
16990   8464
17000   8464
17010   8464
17020   8464
17030   8464
17040   8464
17050   8464
17060   8464
17070   8464
17080   8464
17090   8464
17100   8464
17110   8464
17120   8464
17130   8464
17140   8464
17150   8464
17160   8464
17170   8464
17180   8464
17190   8464
17200   8464
17210   8464
17220   8464
17230   8464
17240   8464
17250   8464
17260   8464
17270   8464
17280   8464
17290   8464
17300   8464
17310   8464
17320   8464
17330   8464
17340   8464
17350   8464
17360   8464
17370   8464
17380   8464
17390   8464
17400   8464
17410   8464
17420   8464
17430   8464
17440   8464
17450   8464
17460   8464
17470   8464
17480   8464
17490   8464
17500   8464
17510   8464
17520   8464
17530   8464
17540   8464
17550   8464
17560   8464
17570   8464
17580   8464
17590   8464
17600   8464
17610   8464
17620   8464
17630   8464
17640   8464
17650   8464
17660   8464
17670   8464
17680   8464
17690   8464
17700   8464
17710   8464
17720   8464
17730   8464
17740   8464
17750   8464
17760   8464
17770   8464
17780   8464
17790   8464
17800   8464
17810   8464
17820   8464
17830   8464
17840   8464
17850   8464
17860   8464
17870   8464
17880   8464
17890   8464
17900   8464
17910   8464
17920   8464
17930   8464
17940   8464
17950   8464
17960   8464
17970   8464
17980   8464
17990   8464
18000   8464
18010   8464
18020   8464
18030   8464
18040   8464
18050   8464
18060   8464
18070   8464
18080   8464
18090   8464
18100   8464
18110   8464
18120   8464
18130   8464
18140   8464
18150   8464
18160   8464
18170   8464
18180   8464
18190   8464
18200   8464
18210   8464
18220   8464
18230   8464
18240   8464
18250   8464
18260   8464
18270   8464
18280   8464
18290   8464
18300   8464
18310   8464
18320   8464
18330   8464
18340   8464
18350   8464
18360   8464
18370   8464
18380   8464
18390   8464
18400   8464
18410   8464
18420   8464
18430   8464
18440   8464
18450   8464
18460   8464
18470   8464
18480   8464
18490   8464
18500   8464
18510   8464
18520   8464
18530   8464
18540   8464
18550   8464
18560   8464
18570   8464
18580   8464
18590   8464
18600   8464
18610   8464
18620   8464
18630   8464
18640   8464
18650   8464
18660   8464
18670   8464
18680   8464
18690   8464
18700   8464
18710   8464
18720   8464
18730   8464
18740   8464
18750   8464
18760   8464
18770   8464
18780   8464
18790   8464
18800   8464
18810   8464
18820   8464
18830   8464
18840   8464
18850   8464
18860   8464
18870   8464
18880   8464
18890   8464
18900   8464
18910   8464
18920   8464
18930   8464
18940   8464
18950   8464
18960   8464
18970   8464
18980   8464
18990   8464
19000   8464
19010   8464
19020   8464
19030   8464
19040   8464
19050   8464
19060   8464
19070   8464
19080   8464
19090   8464
19100   8464
19110   8464
19120   8464
19130   8464
19140   8464
19150   8464
19160   8464
19170   8464
19180   8464
19190   8464
19200   8464
19210   8464
19220   8464
19230   8464
19240   8464
19250   8464
19260   8464
19270   8464
19280   8464
19290   8464
19300   8464
19310   8464
19320   8464
19330   8464
19340   8464
19350   8464
19360   8464
19370   8464
19380   8464
19390   8464
19400   8464
19410   8464
19420   8464
19430   8464
19440   8464
19450   8464
19460   8464
19470   8464
19480   8464
19490   8464
19500   8464
19510   8464
19520   8464
19530   8464
19540   8464
19550   8464
19560   8464
19570   8464
19580   8464
19590   8464
19600   8464
19610   8464
19620   8464
19630   8464
19640   8464
19650   8464
19660   8464
19670   8464
19680   8464
19690   8464
19700   8464
19710   8464
19720   8464
19730   8464
19740   8464
19750   8464
19760   8464
19770   8464
19780   8464
19790   8464
19800   8464
19810   8464
19820   8464
19830   8464
19840   8464
19850   8464
19860   8464
19870   8464
19880   8464
19890   8464
19900   8464
19910   8464
19920   8464
19930   8464
19940   8464
19950   8464
19960   8464
19970   8464
19980   8464
19990   8464
20000   8464
20010   8464
20020   8464
20030   8464
20040   8464
20050   8464
20060   8464
20070   8464
20080   8464
20090   8464
20100   8464
20110   8464
20120   8464
20130   8464
20140   8464
20150   8464
20160   8464
20170   8464
20180   8464
20190   8464
20200   8464
20210   8464
20220   8464
20230   8464
20240   8464
20250   8464
20260   8464
20270   8464
20280   8464
20290   8464
20300   8464
20310   8464
20320   8464
20330   8464
20340   8464
20350   8464
20360   8464
20370   8464
20380   8464
20390   8464
20400   8464
20410   8464
20420   8464
20430   8464
20440   8464
20450   8464
20460   8464
20470   8464
20480   8464
20490   8464
20500   8464
20510   8464
20520   8464
20530   8464
20540   8464
20550   8464
20560   8464
20570   8464
20580   8464
20590   8464
20600   8464
20610   8464
20620   8464
20630   8464
20640   8464
20650   8464
20660   8464
20670   8464
20680   8464
20690   8464
20700   8464
20710   8464
20720   8464
20730   8464
20740   8464
20750   8464
20760   8464
20770   8464
20780   8464
20790   8464
20800   8464
20810   8464
20820   8464
20830   8464
20840   8464
20850   8464
20860   8464
20870   8464
20880   8464
20890   8464
20900   8464
20910   8464
20920   8464
20930   8464
20940   8464
20950   8464
20960   8464
20970   8464
20980   8464
20990   8464
21000   8464
21010   8464
21020   8464
21030   8464
21040   8464
21050   8464
21060   8464
21070   8464
21080   8464
21090   8464
21100   8464
21110   8464
21120   8464
21130   8464
21140   8464
21150   8464
21160   8464
21170   8464
21180   8464
21190   8464
21200   8464
21210   8464
21220   8464
21230   8464
21240   8464
21250   8464
21260   8464
21270   8464
21280   8464
21290   8464
21300   8464
21310   8464
21320   8464
21330   8464
21340   8464
21350   8464
21360   8464
21370   8464
21380   8464
21390   8464
21400   8464
21410   8464
21420   8464
21430   8464
21440   8464
21450   8464
21460   8464
21470   8464
21480   8464
21490   8464
21500   8464
21510   8464
21520   8464
21530   8464
21540   8464
21550   8464
21560   8464
21570   8464
21580   8464
21590   8464
21600   8464
21610   8464
21620   8464
21630   8464
21640   8464
21650   8464
21660   8464
21670   8464
21680   8464
21690   8464
21700   8464
21710   8464
21720   8464
21730   8464
21740   8464
21750   8464
21760   8464
21770   8464
21780   8464
21790   8464
21800   8464
21810   8464
21820   8464
21830   8464
21840   8464
21850   8464
21860   8464
21870   8464
21880   8464
21890   8464
21900   8464
21910   8464
21920   8464
21930   8464
21940   8464
21950   8464
21960   8464
21970   8464
21980   8464
21990   8464
22000   8464
22010   8464
22020   8464
22030   8464
22040   8464
22050   8464
22060   8464
22070   8464
22080   8464
22090   8464
22100   8464
22110   8464
22120   8464
22130   8464
22140   8464
22150   8464
22160   8464
22170   8464
22180   8464
22190   8464
22200   8464
22210   8464
22220   8464
22230   8464
22240   8464
22250   8464
22260   8464
22270   8464
22280   8464
22290   8464
22300   8464
22310   8464
22320   8464
22330   8464
22340   8464
22350   8464
22360   8464
22370   8464
22380   8464
22390   8464
22400   8464
22410   8464
22420   8464
22430   8464
22440   8464
22450   8464
22460   8464
22470   8464
22480   8464
22490   8464
22500   8464
22510   8464
22520   8464
22530   8464
22540   8464
22550   8464
22560   8464
22570   8464
22580   8464
22590   8464
22600   8464
22610   8464
22620   8464
22630   8464
22640   8464
22650   8464
22660   8464
22670   8464
22680   8464
22690   8464
22700   8464
22710   8464
22720   8464
22730   8464
22740   8464
22750   8464
22760   8464
22770   8464
22780   8464
22790   8464
22800   8464
22810   8464
22820   8464
22830   8464
22840   8464
22850   8464
22860   8464
22870   8464
22880   8464
22890   8464
22900   8464
22910   8464
22920   8464
22930   8464
22940   8464
22950   8464
22960   8464
22970   8464
22980   8464
22990   8464
23000   8464
23010   8464
23020   8464
23030   8464
23040   8464
23050   8464
23060   8464
23070   8464
23080   8464
23090   8464
23100   8464
23110   8464
23120   8464
23130   8464
23140   8464
23150   8464
23160   8464
23170   8464
23180   8464
23190   8464
23200   8464
23210   8464
23220   8464
23230   8464
23240   8464
23250   8464
23260   8464
23270   8464
23280   8464
23290   8464
23300   8464
23310   8464
23320   8464
23330   8464
23340   8464
23350   8464
23360   8464
23370   8464
23380   8464
23390   8464
23400   8464
23410   8464
23420   8464
23430   8464
23440   8464
23450   8464
23460   8464
23470   8464
23480   8464
23490   8464
23500   8464
23510   8464
23520   8464
23530   8464
23540   8464
23550   8464
23560   8464
23570   8464
23580   8464
23590   8464
23600   8464
23610   8464
23620   8464
23630   8464
23640   8464
23650   8464
23660   8464
23670   8464
23680   8464
23690   8464
23700   8464
23710   8464
23720   8464
23730   8464
23740   8464
23750   8464
23760   8464
23770   8464
23780   8464
23790   8464
23800   8464
23810   8464
23820   8464
23830   8464
23840   8464
23850   8464
23860   8464
23870   8464
23880   8464
23890   8464
23900   8464
23910   8464
23920   8464
23930   8464
23940   8464
23950   8464
23960   8464
23970   8464
23980   8464
23990   8464
24000   8464
24010   8464
24020   8464
24030   8464
24040   8464
24050   8464
24060   8464
24070   8464
24080   8464
24090   8464
24100   8464
24110   8464
24120   8464
24130   8464
24140   8464
24150   8464
24160   8464
24170   8464
24180   8464
24190   8464
24200   8464
24210   8464
24220   8464
24230   8464
24240   8464
24250   8464
24260   8464
24270   8464
24280   8464
24290   8464
24300   8464
24310   8464
24320   8464
24330   8464
24340   8464
24350   8464
24360   8464
24370   8464
24380   8464
24390   8464
24400   8464
24410   8464
24420   8464
24430   8464
24440   8464
24450   8464
24460   8464
24470   8464
24480   8464
24490   8464
24500   8464
24510   8464
24520   8464
24530   8464
24540   8464
24550   8464
24560   8464
24570   8464
24580   8464
24590   8464
24600   8464
24610   8464
24620   8464
24630   8464
24640   8464
24650   8464
24660   8464
24670   8464
24680   8464
24690   8464
24700   8464
24710   8464
24720   8464
24730   8464
24740   8464
24750   8464
24760   8464
24770   8464
24780   8464
24790   8464
24800   8464
24810   8464
24820   8464
24830   8464
24840   8464
24850   8464
24860   8464
24870   8464
24880   8464
24890   8464
24900   8464
24910   8464
24920   8464
24930   8464
24940   8464
24950   8464
24960   8464
24970   8464
24980   8464
24990   8464
25000   8464
25010   8464
25020   8464
25030   8464
25040   8464
25050   8464
25060   8464
25070   8464
25080   8464
25090   8464
25100   8464
25110   8464
25120   8464
25130   8464
25140   8464
25150   8464
25160   8464
25170   8464
25180   8464
25190   8464
25200   8464
25210   8464
25220   8464
25230   8464
25240   8464
25250   8464
25260   8464
25270   8464
25280   8464
25290   8464
25300   8464
25310   8464
25320   8464
25330   8464
25340   8464
25350   8464
25360   8464
25370   8464
25380   8464
25390   8464
25400   8464
25410   8464
25420   8464
25430   8464
25440   8464
25450   8464
25460   8464
25470   8464
25480   8464
25490   8464
25500   8464
25510   8464
25520   8464
25530   8464
25540   8464
25550   8464
25560   8464
25570   8464
25580   8464
25590   8464
25600   8464
25610   8464
25620   8464
25630   8464
25640   8464
25650   8464
25660   8464
25670   8464
25680   8464
25690   8464
25700   8464
25710   8464
25720   8464
25730   8464
25740   8464
25750   8464
25760   8464
25770   8464
25780   8464
25790   8464
25800   8464
25810   8464
25820   8464
25830   8464
25840   8464
25850   8464
25860   8464
25870   8464
25880   8464
25890   8464
25900   8464
25910   8464
25920   8464
25930   8464
25940   8464
25950   8464
25960   8464
25970   8464
25980   8464
25990   8464
26000   8464
26010   8464
26020   8464
26030   8464
26040   8464
26050   8464
26060   8464
26070   8464
26080   8464
26090   8464
26100   8464
26110   8464
26120   8464
26130   8464
26140   8464
26150   8464
26160   8464
26170   8464
26180   8464
26190   8464
26200   8464
26210   8464
26220   8464
26230   8464
26240   8464
26250   8464
26260   8464
26270   8464
26280   8464
26290   8464
26300   8464
26310   8464
26320   8464
26330   8464
26340   8464
26350   8464
26360   8464
26370   8464
26380   8464
26390   8464
26400   8464
26410   8464
26420   8464
26430   8464
26440   8464
26450   8464
26460   8464
26470   8464
26480   8464
26490   8464
26500   8464
26510   8464
26520   8464
26530   8464
26540   8464
26550   8464
26560   8464
26570   8464
26580   8464
26590   8464
26600   8464
26610   8464
26620   8464
26630   8464
26640   8464
26650   8464
26660   8464
26670   8464
26680   8464
26690   8464
26700   8464
26710   8464
26720   8464
26730   8464
26740   8464
26750   8464
26760   8464
26770   8464
26780   8464
26790   8464
26800   8464
26810   8464
26820   8464
26830   8464
26840   8464
26850   8464
26860   8464
26870   8464
26880   8464
26890   8464
26900   8464
26910   8464
26920   8464
26930   8464
26940   8464
26950   8464
26960   8464
26970   8464
26980   8464
26990   8464
27000   8464
27010   8464
27020   8464
27030   8464
27040   8464
27050   8464
27060   8464
27070   8464
27080   8464
27090   8464
27100   8464
27110   8464
27120   8464
27130   8464
27140   8464
27150   8464
27160   8464
27170   8464
27180   8464
27190   8464
27200   8464
27210   8464
27220   8464
27230   8464
27240   8464
27250   8464
27260   8464
27270   8464
27280   8464
27290   8464
27300   8464
27310   8464
27320   8464
27330   8464
27340   8464
27350   8464
27360   8464
27370   8464
27380   8464
27390   8464
27400   8464
27410   8464
27420   8464
27430   8464
27440   8464
27450   8464
27460   8464
27470   8464
27480   8464
27490   8464
27500   8464
27510   8464
27520   8464
27530   8464
27540   8464
27550   8464
27560   8464
27570   8464
27580   8464
27590   8464
27600   8464
27610   8464
27620   8464
27630   8464
27640   8464
27650   8464
27660   8464
27670   8464
27680   8464
27690   8464
27700   8464
27710   8464
27720   8464
27730   8464
27740   8464
27750   8464
27760   8464
27770   8464
27780   8464
27790   8464
27800   8464
27810   8464
27820   8464
27830   8464
27840   8464
27850   8464
27860   8464
27870   8464
27880   8464
27890   8464
27900   8464
27910   8464
27920   8464
27930   8464
27940   8464
27950   8464
27960   8464
27970   8464
27980   8464
27990   8464
28000   8464
28010   8464
28020   8464
28030   8464
28040   8464
28050   8464
28060   8464
28070   8464
28080   8464
28090   8464
28100   8464
28110   8464
28120   8464
28130   8464
28140   8464
28150   8464
28160   8464
28170   8464
28180   8464
28190   8464
28200   8464
28210   8464
28220   8464
28230   8464
28240   8464
28250   8464
28260   8464
28270   8464
28280   8464
28290   8464
28300   8464
28310   8464
28320   8464
28330   8464
28340   8464
28350   8464
28360   8464
28370   8464
28380   8464
28390   8464
28400   8464
28410   8464
28420   8464
28430   8464
28440   8464
28450   8464
28460   8464
28470   8464
28480   8464
28490   8464
28500   8464
28510   8464
28520   8464
28530   8464
28540   8464
28550   8464
28560   8464
28570   8464
28580   8464
28590   8464
28600   8464
28610   8464
28620   8464
28630   8464
28640   8464
28650   8464
28660   8464
28670   8464
28680   8464
28690   8464
28700   8464
28710   8464
28720   8464
28730   8464
28740   8464
28750   8464
28760   8464
28770   8464
28780   8464
28790   8464
28800   8464
28810   8464
28820   8464
28830   8464
28840   8464
28850   8464
28860   8464
28870   8464
28880   8464
28890   8464
28900   8464
28910   8464
28920   8464
28930   8464
28940   8464
28950   8464
28960   8464
28970   8464
28980   8464
28990   8464
29000   8464
29010   8464
29020   8464
29030   8464
29040   8464
29050   8464
29060   8464
29070   8464
29080   8464
29090   8464
29100   8464
29110   8464
29120   8464
29130   8464
29140   8464
29150   8464
29160   8464
29170   8464
29180   8464
29190   8464
29200   8464
29210   8464
29220   8464
29230   8464
29240   8464
29250   8464
29260   8464
29270   8464
29280   8464
29290   8464
29300   8464
29310   8464
29320   8464
29330   8464
29340   8464
29350   8464
29360   8464
29370   8464
29380   8464
29390   8464
29400   8464
29410   8464
29420   8464
29430   8464
29440   8464
29450   8464
29460   8464
29470   8464
29480   8464
29490   8464
29500   8464
29510   8464
29520   8464
29530   8464
29540   8464
29550   8464
29560   8464
29570   8464
29580   8464
29590   8464
29600   8464
29610   8464
29620   8464
29630   8464
29640   8464
29650   8464
29660   8464
29670   8464
29680   8464
29690   8464
29700   8464
29710   8464
29720   8464
29730   8464
29740   8464
29750   8464
29760   8464
29770   8464
29780   8464
29790   8464
29800   8464
29810   8464
29820   8464
29830   8464
29840   8464
29850   8464
29860   8464
29870   8464
29880   8464
29890   8464
29900   8464
29910   8464
29920   8464
29930   8464
29940   8464
29950   8464
29960   8464
29970   8464
29980   8464
29990   8464
30000   8464
30010   8464
30020   8464
30030   8464
30040   8464
30050   8464
30060   8464
30070   8464
30080   8464
30090   8464
30100   8464
30110   8464
30120   8464
30130   8464
30140   8464
30150   8464
30160   8464
30170   8464
30180   8464
30190   8464
30200   8464
30210   8464
30220   8464
30230   8464
30240   8464
30250   8464
30260   8464
30270   8464
30280   8464
30290   8464
30300   8464
30310   8464
30320   8464
30330   8464
30340   8464
30350   8464
30360   8464
30370   8464
30380   8464
30390   8464
30400   8464
30410   8464
30420   8464
30430   8464
30440   8464
30450   8464
30460   8464
30470   8464
30480   8464
30490   8464
30500   8464
30510   8464
30520   8464
30530   8464
30540   8464
30550   8464
30560   8464
30570   8464
30580   8464
30590   8464
30600   8464
30610   8464
30620   8464
30630   8464
30640   8464
30650   8464
30660   8464
30670   8464
30680   8464
30690   8464
30700   8464
30710   8464
30720   8464
30730   8464
30740   8464
30750   8464
30760   8464
30770   8464
30780   8464
30790   8464
30800   8464
30810   8464
30820   8464
30830   8464
30840   8464
30850   8464
30860   8464
30870   8464
30880   8464
30890   8464
30900   8464
30910   8464
30920   8464
30930   8464
30940   8464
30950   8464
30960   8464
30970   8464
30980   8464
30990   8464
31000   8464
31010   8464
31020   8464
31030   8464
31040   8464
31050   8464
31060   8464
31070   8464
31080   8464
31090   8464
31100   8464
31110   8464
31120   8464
31130   8464
31140   8464
31150   8464
31160   8464
31170   8464
31180   8464
31190   8464
31200   8464
31210   8464
31220   8464
31230   8464
31240   8464
31250   8464
31260   8464
31270   8464
31280   8464
31290   8464
31300   8464
31310   8464
31320   8464
31330   8464
31340   8464
31350   8464
31360   8464
31370   8464
31380   8464
31390   8464
31400   8464
31410   8464
31420   8464
31430   8464
31440   8464
31450   8464
31460   8464
31470   8464
31480   8464
31490   8464
31500   8464
31510   8464
31520   8464
31530   8464
31540   8464
31550   8464
31560   8464
31570   8464
31580   8464
31590   8464
31600   8464
31610   8464
31620   8464
31630   8464
31640   8464
31650   8464
31660   8464
31670   8464
31680   8464
31690   8464
31700   8464
31710   8464
31720   8464
31730   8464
31740   8464
31750   8464
31760   8464
31770   8464
31780   8464
31790   8464
31800   8464
31810   8464
31820   8464
31830   8464
31840   8464
31850   8464
31860   8464
31870   8464
31880   8464
31890   8464
31900   8464
31910   8464
31920   8464
31930   8464
31940   8464
31950   8464
31960   8464
31970   8464
31980   8464
31990   8464
32000   8464
32010   8464
32020   8464
32030   8464
32040   8464
32050   8464
32060   8464
32070   8464
32080   8464
32090   8464
32100   8464
32110   8464
32120   8464
32130   8464
32140   8464
32150   8464
32160   8464
32170   8464
32180   8464
32190   8464
32200   8464
32210   8464
32220   8464
32230   8464
32240   8464
32250   8464
32260   8464
32270   8464
32280   8464
32290   8464
32300   8464
32310   8464
32320   8464
32330   8464
32340   8464
32350   8464
32360   8464
32370   8464
32380   8464
32390   8464
32400   8464
32410   8464
32420   8464
32430   8464
32440   8464
32450   8464
32460   8464
32470   8464
32480   8464
32490   8464
32500   8464
32510   8464
32520   8464
32530   8464
32540   8464
32550   8464
32560   8464
32570   8464
32580   8464
32590   8464
32600   8464
32610   8464
32620   8464
32630   8464
32640   8464
32650   8464
32660   8464
32670   8464
32680   8464
32690   8464
32700   8464
32710   8464
32720   8464
32730   8464
32740   8464
32750   8464
32760   8464
32770   8464
32780   8464
32790   8464
32800   8464
32810   8464
32820   8464
32830   8464
32840   8464
32850   8464
32860   8464
32870   8464
32880   8464
32890   8464
32900   8464
32910   8464
32920   8464
32930   8464
32940   8464
32950   8464
32960   8464
32970   8464
32980   8464
32990   8464
33000   8464
33010   8464
33020   8464
33030   8464
33040   8464
33050   8464
33060   8464
33070   8464
33080   8464
33090   8464
33100   8464
33110   8464
33120   8464
33130   8464
33140   8464
33150   8464
33160   8464
33170   8464
33180   8464
33190   8464
33200   8464
33210   8464
33220   8464
33230   8464
33240   8464
33250   8464
33260   8464
33270   8464
33280   8464
33290   8464
33300   8464
33310   8464
33320   8464
33330   8464
33340   8464
33350   8464
33360   8464
33370   8464
33380   8464
33390   8464
33400   8464
33410   8464
33420   8464
33430   8464
33440   8464
33450   8464
33460   8464
33470   8464
33480   8464
33490   8464
33500   8464
33510   8464
33520   8464
33530   8464
33540   8464
33550   8464
33560   8464
33570   8464
33580   8464
33590   8464
33600   8464
33610   8464
33620   8464
33630   8464
33640   8464
33650   8464
33660   8464
33670   8464
33680   8464
33690   8464
33700   8464
33710   8464
33720   8464
33730   8464
33740   8464
33750   8464
33760   8464
33770   8464
33780   8464
33790   8464
33800   8464
33810   8464
33820   8464
33830   8464
33840   8464
33850   8464
33860   8464
33870   8464
33880   8464
33890   8464
33900   8464
33910   8464
33920   8464
33930   8464
33940   8464
33950   8464
33960   8464
33970   8464
33980   8464
33990   8464
34000   8464
34010   8464
34020   8464
34030   8464
34040   8464
34050   8464
34060   8464
34070   8464
34080   8464
34090   8464
34100   8464
34110   8464
34120   8464
34130   8464
34140   8464
34150   8464
34160   8464
34170   8464
34180   8464
34190   8464
34200   8464
34210   8464
34220   8464
34230   8464
34240   8464
34250   8464
34260   8464
34270   8464
34280   8464
34290   8464
34300   8464
34310   8464
34320   8464
34330   8464
34340   8464
34350   8464
34360   8464
34370   8464
34380   8464
34390   8464
34400   8464
34410   8464
34420   8464
34430   8464
34440   8464
34450   8464
34460   8464
34470   8464
34480   8464
34490   8464
34500   8464
34510   8464
34520   8464
34530   8464
34540   8464
34550   8464
34560   8464
34570   8464
34580   8464
34590   8464
34600   8464
34610   8464
34620   8464
34630   8464
34640   8464
34650   8464
34660   8464
34670   8464
34680   8464
34690   8464
34700   8464
34710   8464
34720   8464
34730   8464
34740   8464
34750   8464
34760   8464
34770   8464
34780   8464
34790   8464
34800   8464
34810   8464
34820   8464
34830   8464
34840   8464
34850   8464
34860   8464
34870   8464
34880   8464
34890   8464
34900   8464
34910   8464
34920   8464
34930   8464
34940   8464
34950   8464
34960   8464
34970   8464
34980   8464
34990   8464
35000   8464
35010   8464
35020   8464
35030   8464
35040   8464
35050   8464
35060   8464
35070   8464
35080   8464
35090   8464
35100   8464
35110   8464
35120   8464
35130   8464
35140   8464
35150   8464
35160   8464
35170   8464
35180   8464
35190   8464
35200   8464
35210   8464
35220   8464
35230   8464
35240   8464
35250   8464
35260   8464
35270   8464
35280   8464
35290   8464
35300   8464
35310   8464
35320   8464
35330   8464
35340   8464
35350   8464
35360   8464
35370   8464
35380   8464
35390   8464
35400   8464
35410   8464
35420   8464
35430   8464
35440   8464
35450   8464
35460   8464
35470   8464
35480   8464
35490   8464
35500   8464
35510   8464
35520   8464
35530   8464
35540   8464
35550   8464
35560   8464
35570   8464
35580   8464
35590   8464
35600   8464
35610   8464
35620   8464
35630   8464
35640   8464
35650   8464
35660   8464
35670   8464
35680   8464
35690   8464
35700   8464
35710   8464
35720   8464
35730   8464
35740   8464
35750   8464
35760   8464
35770   8464
35780   8464
35790   8464
35800   8464
35810   8464
35820   8464
35830   8464
35840   8464
35850   8464
35860   8464
35870   8464
35880   8464
35890   8464
35900   8464
35910   8464
35920   8464
35930   8464
35940   8464
35950   8464
35960   8464
35970   8464
35980   8464
35990   8464
36000   8464
36010   8464
36020   8464
36030   8464
36040   8464
36050   8464
36060   8464
36070   8464
36080   8464
36090   8464
36100   8464
36110   8464
36120   8464
36130   8464
36140   8464
36150   8464
36160   8464
36170   8464
36180   8464
36190   8464
36200   8464
36210   8464
36220   8464
36230   8464
36240   8464
36250   8464
36260   8464
36270   8464
36280   8464
36290   8464
36300   8464
36310   8464
36320   8464
36330   8464
36340   8464
36350   8464
36360   8464
36370   8464
36380   8464
36390   8464
36400   8464
36410   8464
36420   8464
36430   8464
36440   8464
36450   8464
36460   8464
36470   8464
36480   8464
36490   8464
36500   8464
36510   8464
36520   8464
36530   8464
36540   8464
36550   8464
36560   8464
36570   8464
36580   8464
36590   8464
36600   8464
36610   8464
36620   8464
36630   8464
36640   8464
36650   8464
36660   8464
36670   8464
36680   8464
36690   8464
36700   8464
36710   8464
36720   8464
36730   8464
36740   8464
36750   8464
36760   8408
36770   8408
36780   8408
36790   8408
36800   8408
36810   8408
36820   8408
36830   8408
36840   8408
36850   8408
36860   8408
36870   8408
36880   8408
36890   8408
36900   8408
36910   8408
36920   8408
36930   8408
36940   8408
36950   8408
36960   8408
36970   8408
36980   8408
36990   8408
37000   8408
37010   8408
37020   8408
37030   8408
37040   8408
37050   8408
37060   8408
37070   8408
37080   8408
37090   8408
37100   8408
37110   8408
37120   8408
37130   8408
37140   8408
37150   8408
37160   8408
37170   8408
37180   8408
37190   8408
37200   8408
37210   8408
37220   8408
37230   8408
37240   8408
37250   8408
37260   8408
37270   8408
37280   8408
37290   8408
37300   8408
37310   8408
37320   8408
37330   8408
37340   8408
37350   8408
37360   8408
37370   8408
37380   8408
37390   8408
37400   8408
37410   8408
37420   8408
37430   8408
37440   8408
37450   8408
37460   8408
37470   8408
37480   8408
37490   8408
37500   8408
37510   8408
37520   8408
37530   8408
37540   8408
37550   8408
37560   8408
37570   8408
37580   8408
37590   8408
37600   8408
37610   8408
37620   8408
37630   8408
37640   8408
37650   8408
37660   8408
37670   8408
37680   8408
37690   8408
37700   8408
37710   8408
37720   8408
37730   8408
37740   8408
37750   8408
37760   8408
37770   8408
37780   8408
37790   8408
37800   8408
37810   8408
37820   8408
37830   8408
37840   8408
37850   8408
37860   8408
37870   8408
37880   8408
37890   8408
37900   8408
37910   8408
37920   8408
37930   8408
37940   8408
37950   8408
37960   8408
37970   8408
37980   8408
37990   8408
38000   8408
38010   8408
38020   8408
38030   8408
38040   8408
38050   8408
38060   8408
38070   8408
38080   8408
38090   8408
38100   8408
38110   8408
38120   8408
38130   8408
38140   8408
38150   8408
38160   8408
38170   8408
38180   8408
38190   8408
38200   8408
38210   8408
38220   8408
38230   8408
38240   8408
38250   8408
38260   8408
38270   8408
38280   8408
38290   8408
38300   8408
38310   8408
38320   8408
38330   8408
38340   8408
38350   8408
38360   8408
38370   8408
38380   8408
38390   8408
38400   8408
38410   8408
38420   8408
38430   8408
38440   8408
38450   8408
38460   8408
38470   8408
38480   8408
38490   8408
38500   8408
38510   8408
38520   8408
38530   8408
38540   8408
38550   8408
38560   8408
38570   8408
38580   8408
38590   8408
38600   8408
38610   8408
38620   8408
38630   8408
38640   8408
38650   8408
38660   8408
38670   8408
38680   8408
38690   8408
38700   8408
38710   8408
38720   8408
38730   8408
38740   8408
38750   8408
38760   8408
38770   8408
38780   8408
38790   8408
38800   8408
38810   8408
38820   8408
38830   8408
38840   8408
38850   8408
38860   8408
38870   8408
38880   8408
38890   8408
38900   8408
38910   8408
38920   8408
38930   8408
38940   8408
38950   8408
38960   8408
38970   8408
38980   8408
38990   8408
39000   8408
39010   8408
39020   8408
39030   8408
39040   8408
39050   8408
39060   8408
39070   8408
39080   8408
39090   8408
39100   8408
39110   8408
39120   8408
39130   8408
39140   8408
39150   8408
39160   8408
39170   8408
39180   8408
39190   8408
39200   8408
39210   8408
39220   8408
39230   8408
39240   8408
39250   8408
39260   8408
39270   8408
39280   8408
39290   8408
39300   8408
39310   8408
39320   8408
39330   8408
39340   8408
39350   8408
39360   8408
39370   8408
39380   8408
39390   8408
39400   8408
39410   8408
39420   8408
39430   8408
39440   8408
39450   8408
39460   8408
39470   8408
39480   8408
39490   8408
39500   8408
39510   8408
39520   8408
39530   8408
39540   8408
39550   8408
39560   8408
39570   8408
39580   8408
39590   8408
39600   8408
39610   8408
39620   8408
39630   8408
39640   8408
39650   8408
39660   8408
39670   8408
39680   8408
39690   8408
39700   8408
39710   8408
39720   8408
39730   8408
39740   8408
39750   8408
39760   8408
39770   8408
39780   8408
39790   8408
39800   8408
39810   8408
39820   8408
39830   8408
39840   8408
39850   8408
39860   8408
39870   8408
39880   8408
39890   8408
39900   8408
39910   8408
39920   8408
39930   8408
39940   8408
39950   8408
39960   8408
39970   8408
39980   8408
39990   8408
40000   8408
40010   8408
40020   8408
40030   8408
40040   8408
40050   8408
40060   8408
40070   8408
40080   8408
40090   8408
40100   8408
40110   8408
40120   8408
40130   8408
40140   8408
40150   8408
40160   8408
40170   8408
40180   8408
40190   8408
40200   8408
40210   8408
40220   8408
40230   8408
40240   8408
40250   8408
40260   8408
40270   8408
40280   8408
40290   8408
40300   8408
40310   8408
40320   8408
40330   8408
40340   8408
40350   8408
40360   8408
40370   8408
40380   8408
40390   8408
40400   8408
40410   8408
40420   8408
40430   8408
40440   8408
40450   8408
40460   8408
40470   8408
40480   8408
40490   8408
40500   8408
40510   8408
40520   8408
40530   8408
40540   8408
40550   8408
40560   8408
40570   8408
40580   8408
40590   8408
40600   8408
40610   8408
40620   8408
40630   8408
40640   8408
40650   8408
40660   8408
40670   8408
40680   8408
40690   8408
40700   8408
40710   8408
40720   8408
40730   8408
40740   8408
40750   8408
40760   8408
40770   8408
40780   8408
40790   8408
40800   8408
40810   8408
40820   8408
40830   8408
40840   8408
40850   8408
40860   8408
40870   8408
40880   8408
40890   8408
40900   8408
40910   8408
40920   8408
40930   8408
40940   8408
40950   8408
40960   8408
40970   8408
40980   8408
40990   8408
41000   8408
41010   8408
41020   8408
41030   8408
41040   8408
41050   8408
41060   8408
41070   8408
41080   8408
41090   8408
41100   8408
41110   8408
41120   8408
41130   8408
41140   8408
41150   8408
41160   8408
41170   8408
41180   8408
41190   8408
41200   8408
41210   8408
41220   8408
41230   8408
41240   8408
41250   8408
41260   8408
41270   8408
41280   8408
41290   8408
41300   8408
41310   8408
41320   8408
41330   8408
41340   8408
41350   8408
41360   8408
41370   8408
41380   8408
41390   8408
41400   8408
41410   8408
41420   8408
41430   8408
41440   8408
41450   8408
41460   8408
41470   8408
41480   8408
41490   8408
41500   8408
41510   8408
41520   8408
41530   8408
41540   8408
41550   8408
41560   8408
41570   8408
41580   8408
41590   8408
41600   8408
41610   8408
41620   8408
41630   8408
41640   8408
41650   8408
41660   8408
41670   8408
41680   8408
41690   8408
41700   8408
41710   8408
41720   8408
41730   8408
41740   8408
41750   8408
41760   8408
41770   8408
41780   8408
41790   8408
41800   8408
41810   8408
41820   8408
41830   8408
41840   8408
41850   8408
41860   8408
41870   8408
41880   8408
41890   8408
41900   8408
41910   8408
41920   8408
41930   8408
41940   8408
41950   8408
41960   8408
41970   8408
41980   8408
41990   8408
42000   8408
42010   8408
42020   8408
42030   8408
42040   8408
42050   8408
42060   8408
42070   8408
42080   8408
42090   8408
42100   8408
42110   8408
42120   8408
42130   8408
42140   8408
42150   8408
42160   8408
42170   8408
42180   8408
42190   8408
42200   8408
42210   8408
42220   8408
42230   8408
42240   8408
42250   8408
42260   8408
42270   8408
42280   8408
42290   8408
42300   8408
42310   8408
42320   8408
42330   8408
42340   8408
42350   8408
42360   8408
42370   8408
42380   8408
42390   8408
42400   8408
42410   8408
42420   8408
42430   8408
42440   8408
42450   8408
42460   8408
42470   8408
42480   8408
42490   8408
42500   8408
42510   8408
42520   8408
42530   8408
42540   8408
42550   8408
42560   8408
42570   8408
42580   8408
42590   8408
42600   8408
42610   8408
42620   8408
42630   8408
42640   8408
42650   8408
42660   8408
42670   8408
42680   8408
42690   8408
42700   8408
42710   8408
42720   8408
42730   8408
42740   8408
42750   8408
42760   8408
42770   8408
42780   8408
42790   8408
42800   8408
42810   8408
42820   8408
42830   8408
42840   8408
42850   8408
42860   8408
42870   8408
42880   8408
42890   8408
42900   8408
42910   8408
42920   8408
42930   8408
42940   8408
42950   8408
42960   8408
42970   8408
42980   8408
42990   8408
43000   8408
43010   8408
43020   8408
43030   8408
43040   8408
43050   8408
43060   8408
43070   8408
43080   8408
43090   8408
43100   8408
43110   8408
43120   8408
43130   8408
43140   8408
43150   8408
43160   8408
43170   8408
43180   8408
43190   8408
43200   8408
43210   8408
43220   8408
43230   8408
43240   8408
43250   8408
43260   8408
43270   8408
43280   8408
43290   8408
43300   8408
43310   8408
43320   8408
43330   8408
43340   8408
43350   8408
43360   8408
43370   8408
43380   8408
43390   8408
43400   8408
43410   8408
43420   8408
43430   8408
43440   8408
43450   8408
43460   8408
43470   8408
43480   8408
43490   8408
43500   8408
43510   8408
43520   8408
43530   8408
43540   8408
43550   8408
43560   8408
43570   8408
43580   8408
43590   8408
43600   8408
43610   8408
43620   8408
43630   8408
43640   8408
43650   8408
43660   8408
43670   8408
43680   8408
43690   8408
43700   8408
43710   8408
43720   8408
43730   8408
43740   8408
43750   8408
43760   8408
43770   8408
43780   8408
43790   8408
43800   8408
43810   8408
43820   8408
43830   8408
43840   8408
43850   8408
43860   8408
43870   8408
43880   8408
43890   8408
43900   8408
43910   8408
43920   8408
43930   8408
43940   8408
43950   8408
43960   8408
43970   8408
43980   8408
43990   8408
44000   8408
44010   8408
44020   8408
44030   8408
44040   8408
44050   8408
44060   8408
44070   8408
44080   8408
44090   8408
44100   8408
44110   8408
44120   8408
44130   8408
44140   8408
44150   8408
44160   8408
44170   8408
44180   8408
44190   8408
44200   8408
44210   8408
44220   8408
44230   8408
44240   8408
44250   8408
44260   8408
44270   8408
44280   8408
44290   8408
44300   8408
44310   8408
44320   8408
44330   8408
44340   8408
44350   8408
44360   8408
44370   8408
44380   8408
44390   8408
44400   8408
44410   8408
44420   8408
44430   8408
44440   8408
44450   8408
44460   8408
44470   8408
44480   8408
44490   8408
44500   8408
44510   8408
44520   8408
44530   8408
44540   8408
44550   8408
44560   8408
44570   8408
44580   8408
44590   8408
44600   8408
44610   8408
44620   8408
44630   8408
44640   8408
44650   8408
44660   8408
44670   8408
44680   8408
44690   8408
44700   8408
44710   8408
44720   8408
44730   8408
44740   8408
44750   8408
44760   8408
44770   8408
44780   8408
44790   8408
44800   8408
44810   8408
44820   8408
44830   8408
44840   8408
44850   8408
44860   8408
44870   8408
44880   8408
44890   8408
44900   8408
44910   8408
44920   8408
44930   8408
44940   8408
44950   8408
44960   8408
44970   8408
44980   8408
44990   8408
45000   8408
45010   8408
45020   8408
45030   8408
45040   8408
45050   8408
45060   8408
45070   8408
45080   8408
45090   8408
45100   8408
45110   8408
45120   8408
45130   8408
45140   8408
45150   8408
45160   8408
45170   8408
45180   8408
45190   8408
45200   8408
45210   8408
45220   8408
45230   8408
45240   8408
45250   8408
45260   8408
45270   8408
45280   8408
45290   8408
45300   8408
45310   8408
45320   8408
45330   8408
45340   8408
45350   8408
45360   8408
45370   8408
45380   8408
45390   8408
45400   8408
45410   8408
45420   8408
45430   8408
45440   8408
45450   8408
45460   8408
45470   8408
45480   8408
45490   8408
45500   8408
45510   8408
45520   8408
45530   8408
45540   8408
45550   8408
45560   8408
45570   8408
45580   8408
45590   8408
45600   8408
45610   8408
45620   8408
45630   8408
45640   8408
45650   8408
45660   8408
45670   8408
45680   8408
45690   8408
45700   8408
45710   8408
45720   8408
45730   8408
45740   8408
45750   8408
45760   8408
45770   8408
45780   8408
45790   8408
45800   8408
45810   8408
45820   8408
45830   8408
45840   8408
45850   8408
45860   8408
45870   8408
45880   8408
45890   8408
45900   8408
45910   8408
45920   8408
45930   8408
45940   8408
45950   8408
45960   8408
45970   8408
45980   8408
45990   8408
46000   8408
46010   8408
46020   8408
46030   8408
46040   8408
46050   8408
46060   8408
46070   8408
46080   8408
46090   8408
46100   8408
46110   8408
46120   8408
46130   8408
46140   8408
46150   8408
46160   8408
46170   8408
46180   8408
46190   8408
46200   8408
46210   8408
46220   8408
46230   8408
46240   8408
46250   8408
46260   8408
46270   8408
46280   8408
46290   8408
46300   8408
46310   8408
46320   8408
46330   8408
46340   8408
46350   8408
46360   8408
46370   8408
46380   8408
46390   8408
46400   8408
46410   8408
46420   8408
46430   8408
46440   8408
46450   8408
46460   8408
46470   8408
46480   8408
46490   8408
46500   8408
46510   8408
46520   8408
46530   8408
46540   8408
46550   8408
46560   8408
46570   8408
46580   8408
46590   8408
46600   8408
46610   8408
46620   8408
46630   8408
46640   8408
46650   8408
46660   8408
46670   8408
46680   8408
46690   8408
46700   8408
46710   8408
46720   8408
46730   8408
46740   8408
46750   8408
46760   8408
46770   8408
46780   8408
46790   8408
46800   8408
46810   8408
46820   8408
46830   8408
46840   8408
46850   8408
46860   8408
46870   8408
46880   8408
46890   8408
46900   8408
46910   8408
46920   8408
46930   8408
46940   8408
46950   8408
46960   8408
46970   8408
46980   8408
46990   8408
47000   8408
47010   8408
47020   8408
47030   8408
47040   8408
47050   8408
47060   8408
47070   8408
47080   8408
47090   8408
47100   8408
47110   8408
47120   8408
47130   8408
47140   8408
47150   8408
47160   8408
47170   8408
47180   8408
47190   8408
47200   8408
47210   8408
47220   8408
47230   8408
47240   8408
47250   8408
47260   8408
47270   8408
47280   8408
47290   8408
47300   8408
47310   8408
47320   8408
47330   8408
47340   8408
47350   8408
47360   8408
47370   8408
47380   8408
47390   8408
47400   8408
47410   8408
47420   8408
47430   8408
47440   8408
47450   8408
47460   8408
47470   8408
47480   8408
47490   8408
47500   8408
47510   8408
47520   8408
47530   8408
47540   8408
47550   8408
47560   8408
47570   8408
47580   8408
47590   8408
47600   8408
47610   8408
47620   8408
47630   8408
47640   8408
47650   8408
47660   8408
47670   8408
47680   8408
47690   8408
47700   8408
47710   8408
47720   8408
47730   8408
47740   8408
47750   8408
47760   8408
47770   8408
47780   8408
47790   8408
47800   8408
47810   8408
47820   8408
47830   8408
47840   8408
47850   8408
47860   8408
47870   8408
47880   8408
47890   8408
47900   8408
47910   8408
47920   8408
47930   8408
47940   8408
47950   8408
47960   8408
47970   8408
47980   8408
47990   8408
48000   8408
48010   8408
48020   8408
48030   8408
48040   8408
48050   8408
48060   8408
48070   8408
48080   8408
48090   8408
48100   8408
48110   8408
48120   8408
48130   8408
48140   8408
48150   8408
48160   8408
48170   8408
48180   8408
48190   8408
48200   8408
48210   8408
48220   8408
48230   8408
48240   8408
48250   8408
48260   8408
48270   8408
48280   8408
48290   8408
48300   8408
48310   8408
48320   8408
48330   8408
48340   8408
48350   8408
48360   8408
48370   8408
48380   8408
48390   8408
48400   8408
48410   8408
48420   8408
48430   8408
48440   8408
48450   8408
48460   8408
48470   8408
48480   8408
48490   8408
48500   8408
48510   8408
48520   8408
48530   8408
48540   8408
48550   8408
48560   8408
48570   8408
48580   8408
48590   8408
48600   8408
48610   8408
48620   8408
48630   8408
48640   8408
48650   8408
48660   8408
48670   8408
48680   8408
48690   8408
48700   8408
48710   8408
48720   8408
48730   8408
48740   8408
48750   8408
48760   8408
48770   8408
48780   8408
48790   8408
48800   8408
48810   8408
48820   8408
48830   8408
48840   8408
48850   8408
48860   8408
48870   8408
48880   8408
48890   8408
48900   8408
48910   8408
48920   8408
48930   8408
48940   8408
48950   8408
48960   8408
48970   8408
48980   8408
48990   8408
49000   8408
49010   8408
49020   8408
49030   8408
49040   8408
49050   8408
49060   8408
49070   8408
49080   8408
49090   8408
49100   8408
49110   8408
49120   8408
49130   8408
49140   8408
49150   8408
49160   8408
49170   8408
49180   8408
49190   8408
49200   8408
49210   8408
49220   8408
49230   8408
49240   8408
49250   8408
49260   8408
49270   8408
49280   8408
49290   8408
49300   8408
49310   8408
49320   8408
49330   8408
49340   8408
49350   8408
49360   8408
49370   8408
49380   8408
49390   8408
49400   8408
49410   8408
49420   8408
49430   8408
49440   8408
49450   8408
49460   8408
49470   8408
49480   8408
49490   8408
49500   8408
49510   8408
49520   8408
49530   8408
49540   8408
49550   8408
49560   8408
49570   8408
49580   8408
49590   8408
49600   8408
49610   8408
49620   8408
49630   8408
49640   8408
49650   8408
49660   8408
49670   8408
49680   8408
49690   8408
49700   8408
49710   8408
49720   8408
49730   8408
49740   8408
49750   8408
49760   8408
49770   8408
49780   8408
49790   8408
49800   8408
49810   8408
49820   8408
49830   8408
49840   8408
49850   8408
49860   8408
49870   8408
49880   8408
49890   8408
49900   8408
49910   8408
49920   8408
49930   8408
49940   8408
49950   8408
49960   8408
49970   8408
49980   8408
49990   8408
50000   8408
50010   8408
50020   8408
50030   8408
50040   8408
50050   8408
50060   8408
50070   8408
50080   8408
50090   8408
50100   8408
50110   8408
50120   8408
50130   8408
50140   8408
50150   8408
50160   8408
50170   8408
50180   8408
50190   8408
50200   8408
50210   8408
50220   8408
50230   8408
50240   8408
50250   8408
50260   8408
50270   8408
50280   8408
50290   8408
50300   8408
50310   8408
50320   8408
50330   8408
50340   8408
50350   8408
50360   8408
50370   8408
50380   8408
50390   8408
50400   8408
50410   8408
50420   8408
50430   8408
50440   8408
50450   8408
50460   8408
50470   8408
50480   8408
50490   8408
50500   8408
50510   8408
50520   8408
50530   8408
50540   8408
50550   8408
50560   8408
50570   8408
50580   8408
50590   8408
50600   8408
50610   8408
50620   8408
50630   8408
50640   8408
50650   8408
50660   8408
50670   8408
50680   8408
50690   8408
50700   8408
50710   8408
50720   8408
50730   8408
50740   8408
50750   8408
50760   8408
50770   8408
50780   8408
50790   8408
50800   8408
50810   8408
50820   8408
50830   8408
50840   8408
50850   8408
50860   8408
50870   8408
50880   8408
50890   8408
50900   8408
50910   8408
50920   8408
50930   8408
50940   8408
50950   8408
50960   8408
50970   8408
50980   8408
50990   8408
51000   8408
51010   8408
51020   8408
51030   8408
51040   8408
51050   8408
51060   8408
51070   8408
51080   8408
51090   8408
51100   8408
51110   8408
51120   8408
51130   8408
51140   8408
51150   8408
51160   8408
51170   8408
51180   8408
51190   8408
51200   8408
51210   8408
51220   8408
51230   8408
51240   8408
51250   8408
51260   8408
51270   8408
51280   8408
51290   8408
51300   8408
51310   8408
51320   8408
51330   8408
51340   8408
51350   8408
51360   8408
51370   8408
51380   8408
51390   8408
51400   8408
51410   8408
51420   8408
51430   8408
51440   8408
51450   8408
51460   8408
51470   8408
51480   8408
51490   8408
51500   8408
51510   8408
51520   8408
51530   8408
51540   8408
51550   8408
51560   8408
51570   8408
51580   8408
51590   8408
51600   8408
51610   8408
51620   8408
51630   8408
51640   8408
51650   8408
51660   8408
51670   8408
51680   8408
51690   8408
51700   8408
51710   8408
51720   8408
51730   8408
51740   8408
51750   8408
51760   8408
51770   8408
51780   8408
51790   8408
51800   8408
51810   8408
51820   8408
51830   8408
51840   8408
51850   8408
51860   8408
51870   8408
51880   8408
51890   8408
51900   8408
51910   8408
51920   8408
51930   8408
51940   8408
51950   8408
51960   8408
51970   8408
51980   8408
51990   8408
52000   8408
52010   8408
52020   8408
52030   8408
52040   8408
52050   8408
52060   8408
52070   8408
52080   8408
52090   8408
52100   8408
52110   8408
52120   8408
52130   8408
52140   8408
52150   8408
52160   8408
52170   8408
52180   8408
52190   8408
52200   8408
52210   8408
52220   8408
52230   8408
52240   8408
52250   8408
52260   8408
52270   8408
52280   8408
52290   8408
52300   8408
52310   8408
52320   8408
52330   8408
52340   8408
52350   8408
52360   8408
52370   8408
52380   8408
52390   8408
52400   8408
52410   8408
52420   8408
52430   8408
52440   8408
52450   8408
52460   8408
52470   8408
52480   8408
52490   8408
52500   8408
52510   8408
52520   8408
52530   8408
52540   8408
52550   8408
52560   8408
52570   8408
52580   8408
52590   8408
52600   8408
52610   8408
52620   8408
52630   8408
52640   8408
52650   8408
52660   8408
52670   8408
52680   8408
52690   8408
52700   8408
52710   8408
52720   8408
52730   8408
52740   8408
52750   8408
52760   8408
52770   8408
52780   8408
52790   8408
52800   8408
52810   8408
52820   8408
52830   8408
52840   8408
52850   8408
52860   8408
52870   8408
52880   8408
52890   8408
52900   8408
52910   8408
52920   8408
52930   8408
52940   8408
52950   8408
52960   8408
52970   8408
52980   8408
52990   8408
53000   8408
53010   8408
53020   8408
53030   8408
53040   8408
53050   8408
53060   8408
53070   8408
53080   8408
53090   8408
53100   8408
53110   8408
53120   8408
53130   8408
53140   8408
53150   8408
53160   8408
53170   8408
53180   8408
53190   8408
53200   8408
53210   8408
53220   8408
53230   8408
53240   8408
53250   8408
53260   8408
53270   8408
53280   8408
53290   8408
53300   8408
53310   8408
53320   8408
53330   8408
53340   8408
53350   8408
53360   8408
53370   8408
53380   8408
53390   8408
53400   8408
53410   8408
53420   8408
53430   8408
53440   8408
53450   8408
53460   8408
53470   8408
53480   8408
53490   8408
53500   8408
53510   8408
53520   8408
53530   8408
53540   8408
53550   8408
53560   8408
53570   8408
53580   8408
53590   8408
53600   8408
53610   8408
53620   8408
53630   8408
53640   8408
53650   8408
53660   8408
53670   8408
53680   8408
53690   8408
53700   8408
53710   8408
53720   8408
53730   8408
53740   8408
53750   8408
53760   8408
53770   8408
53780   8408
53790   8408
53800   8408
53810   8408
53820   8408
53830   8408
53840   8408
53850   8408
53860   8408
53870   8408
53880   8408
53890   8408
53900   8408
53910   8408
53920   8408
53930   8408
53940   8408
53950   8408
53960   8408
53970   8408
53980   8408
53990   8408
54000   8408
54010   8408
54020   8408
54030   8408
54040   8408
54050   8408
54060   8408
54070   8408
54080   8408
54090   8408
54100   8408
54110   8408
54120   8408
54130   8408
54140   8408
54150   8408
54160   8408
54170   8408
54180   8408
54190   8408
54200   8408
54210   8408
54220   8408
54230   8408
54240   8408
54250   8408
54260   8408
54270   8408
54280   8408
54290   8408
54300   8408
54310   8408
54320   8408
54330   8408
54340   8408
54350   8408
54360   8408
54370   8408
54380   8408
54390   8408
54400   8408
54410   8408
54420   8408
54430   8408
54440   8408
54450   8408
54460   8408
54470   8408
54480   8408
54490   8408
54500   8408
54510   8408
54520   8408
54530   8408
54540   8408
54550   8408
54560   8408
54570   8408
54580   8408
54590   8408
54600   8408
54610   8408
54620   8408
54630   8408
54640   8408
54650   8408
54660   8408
54670   8408
54680   8408
54690   8408
54700   8408
54710   8408
54720   8408
54730   8408
54740   8408
54750   8408
54760   8408
54770   8408
54780   8408
54790   8408
54800   8408
54810   8408
54820   8408
54830   8408
54840   8408
54850   8408
54860   8408
54870   8408
54880   8408
54890   8408
54900   8408
54910   8408
54920   8408
54930   8408
54940   8408
54950   8408
54960   8408
54970   8408
54980   8408
54990   8408
55000   8408
55010   8408
55020   8408
55030   8408
55040   8408
55050   8408
55060   8408
55070   8408
55080   8408
55090   8408
55100   8408
55110   8408
55120   8408
55130   8408
55140   8408
55150   8408
55160   8408
55170   8408
55180   8408
55190   8408
55200   8408
55210   8408
55220   8408
55230   8408
55240   8408
55250   8408
55260   8408
55270   8408
55280   8408
55290   8408
55300   8408
55310   8408
55320   8408
55330   8408
55340   8408
55350   8408
55360   8408
55370   8408
55380   8408
55390   8408
55400   8408
55410   8408
55420   8408
55430   8408
55440   8408
55450   8408
55460   8408
55470   8408
55480   8408
55490   8408
55500   8408
55510   8408
55520   8408
55530   8408
55540   8408
55550   8408
55560   8408
55570   8408
55580   8408
55590   8408
55600   8408
55610   8408
55620   8408
55630   8408
55640   8408
55650   8408
55660   8408
55670   8408
55680   8408
55690   8408
55700   8408
55710   8408
55720   8408
55730   8408
55740   8408
55750   8408
55760   8408
55770   8408
55780   8408
55790   8408
55800   8408
55810   8408
55820   8408
55830   8408
55840   8408
55850   8408
55860   8408
55870   8408
55880   8408
55890   8408
55900   8408
55910   8408
55920   8408
55930   8408
55940   8408
55950   8408
55960   8408
55970   8408
55980   8408
55990   8408
56000   8408
56010   8408
56020   8408
56030   8408
56040   8408
56050   8408
56060   8408
56070   8408
56080   8408
56090   8408
56100   8408
56110   8408
56120   8408
56130   8408
56140   8408
56150   8408
56160   8408
56170   8408
56180   8408
56190   8408
56200   8408
56210   8408
56220   8408
56230   8408
56240   8408
56250   8408
56260   8408
56270   8408
56280   8408
56290   8408
56300   8408
56310   8408
56320   8408
56330   8408
56340   8408
56350   8408
56360   8408
56370   8408
56380   8408
56390   8408
56400   8408
56410   8408
56420   8408
56430   8408
56440   8408
56450   8408
56460   8408
56470   8408
56480   8408
56490   8408
56500   8408
56510   8408
56520   8408
56530   8408
56540   8408
56550   8408
56560   8408
56570   8408
56580   8408
56590   8408
56600   8408
56610   8408
56620   8408
56630   8408
56640   8408
56650   8408
56660   8408
56670   8408
56680   8408
56690   8408
56700   8408
56710   8408
56720   8408
56730   8408
56740   8408
56750   8408
56760   8408
56770   8408
56780   8408
56790   8408
56800   8408
56810   8408
56820   8408
56830   8408
56840   8408
56850   8408
56860   8408
56870   8408
56880   8408
56890   8408
56900   8408
56910   8408
56920   8408
56930   8408
56940   8408
56950   8408
56960   8408
56970   8408
56980   8408
56990   8408
57000   8408
57010   8408
57020   8408
57030   8408
57040   8408
57050   8408
57060   8408
57070   8408
57080   8408
57090   8408
57100   8408
57110   8408
57120   8408
57130   8408
57140   8408
57150   8408
57160   8408
57170   8408
57180   8408
57190   8408
57200   8408
57210   8408
57220   8408
57230   8408
57240   8408
57250   8408
57260   8408
57270   8408
57280   8408
57290   8408
57300   8408
57310   8408
57320   8408
57330   8408
57340   8408
57350   8408
57360   8408
57370   8408
57380   8408
57390   8408
57400   8408
57410   8408
57420   8408
57430   8408
57440   8408
57450   8408
57460   8408
57470   8408
57480   8408
57490   8408
57500   8408
57510   8408
57520   8408
57530   8408
57540   8408
57550   8408
57560   8408
57570   8408
57580   8408
57590   8408
57600   8408
57610   8408
57620   8408
57630   8408
57640   8408
57650   8408
57660   8408
57670   8408
57680   8408
57690   8408
57700   8408
57710   8408
57720   8408
57730   8408
57740   8408
57750   8408
57760   8408
57770   8408
57780   8408
57790   8408
57800   8408
57810   8408
57820   8408
57830   8408
57840   8408
57850   8408
57860   8408
57870   8408
57880   8408
57890   8408
57900   8408
57910   8408
57920   8408
57930   8408
57940   8408
57950   8408
57960   8408
57970   8408
57980   8408
57990   8408
58000   8408
58010   8408
58020   8408
58030   8408
58040   8408
58050   8408
58060   8408
58070   8408
58080   8408
58090   8408
58100   8408
58110   8408
58120   8408
58130   8408
58140   8408
58150   8408
58160   8408
58170   8408
58180   8408
58190   8408
58200   8408
58210   8408
58220   8408
58230   8408
58240   8408
58250   8408
58260   8408
58270   8408
58280   8408
58290   8408
58300   8408
58310   8408
58320   8408
58330   8408
58340   8408
58350   8408
58360   8408
58370   8408
58380   8408
58390   8408
58400   8408
58410   8408
58420   8408
58430   8408
58440   8408
58450   8408
58460   8408
58470   8408
58480   8408
58490   8408
58500   8408
58510   8408
58520   8408
58530   8408
58540   8408
58550   8408
58560   8408
58570   8408
58580   8408
58590   8408
58600   8408
58610   8408
58620   8408
58630   8408
58640   8408
58650   8408
58660   8408
58670   8408
58680   8408
58690   8408
58700   8408
58710   8408
58720   8408
58730   8408
58740   8408
58750   8408
58760   8408
58770   8408
58780   8408
58790   8408
58800   8408
58810   8408
58820   8408
58830   8408
58840   8408
58850   8408
58860   8408
58870   8408
58880   8408
58890   8408
58900   8408
58910   8408
58920   8408
58930   8408
58940   8408
58950   8408
58960   8408
58970   8408
58980   8408
58990   8408
59000   8408
59010   8408
59020   8408
59030   8408
59040   8408
59050   8408
59060   8408
59070   8408
59080   8408
59090   8408
59100   8408
59110   8408
59120   8408
59130   8408
59140   8408
59150   8408
59160   8408
59170   8408
59180   8408
59190   8408
59200   8408
59210   8408
59220   8408
59230   8408
59240   8408
59250   8408
59260   8408
59270   8408
59280   8408
59290   8408
59300   8408
59310   8408
59320   8408
59330   8408
59340   8408
59350   8408
59360   8408
59370   8408
59380   8408
59390   8408
59400   8408
59410   8408
59420   8408
59430   8408
59440   8408
59450   8408
59460   8408
59470   8408
59480   8408
59490   8408
59500   8408
59510   8408
59520   8408
59530   8408
59540   8408
59550   8408
59560   8408
59570   8408
59580   8408
59590   8408
59600   8408
59610   8408
59620   8408
59630   8408
59640   8408
59650   8408
59660   8408
59670   8408
59680   8408
59690   8408
59700   8408
59710   8408
59720   8408
59730   8408
59740   8408
59750   8408
59760   8408
59770   8408
59780   8408
59790   8408
59800   8408
59810   8408
59820   8408
59830   8408
59840   8408
59850   8408
59860   8408
59870   8408
59880   8408
59890   8408
59900   8408
59910   8408
59920   8408
59930   8408
59940   8408
59950   8408
59960   8408
59970   8408
59980   8408
59990   8408
60000   8408
60010   8408
60020   8408
60030   8408
60040   8408
60050   8408
60060   8408
60070   8408
60080   8408
60090   8408
60100   8408
60110   8408
60120   8408
60130   8408
60140   8408
60150   8408
60160   8408
60170   8408
60180   8408
60190   8408
60200   8408
60210   8408
60220   8408
60230   8408
60240   8408
60250   8408
60260   8408
60270   8408
60280   8408
60290   8408
60300   8408
60310   8408
60320   8408
60330   8408
60340   8408
60350   8408
60360   8408
60370   8408
60380   8408
60390   8408
60400   8408
60410   8408
60420   8408
60430   8408
60440   8408
60450   8408
60460   8408
60470   8408
60480   8408
60490   8408
60500   8408
60510   8408
60520   8408
60530   8408
60540   8408
60550   8408
60560   8408
60570   8408
60580   8408
60590   8408
60600   8408
60610   8408
60620   8408
60630   8408
60640   8408
60650   8408
60660   8408
60670   8408
60680   8408
60690   8408
60700   8408
60710   8408
60720   8408
60730   8408
60740   8408
60750   8408
60760   8408
60770   8408
60780   8408
60790   8408
60800   8408
60810   8408
60820   8408
60830   8408
60840   8408
60850   8408
60860   8408
60870   8408
60880   8408
60890   8408
60900   8408
60910   8408
60920   8408
60930   8408
60940   8408
60950   8408
60960   8408
60970   8408
60980   8408
60990   8408
61000   8408
61010   8408
61020   8408
61030   8408
61040   8408
61050   8408
61060   8408
61070   8408
61080   8408
61090   8408
61100   8408
61110   8408
61120   8408
61130   8408
61140   8408
61150   8408
61160   8408
61170   8408
61180   8408
61190   8408
61200   8408
61210   8408
61220   8408
61230   8408
61240   8408
61250   8408
61260   8408
61270   8408
61280   8408
61290   8408
61300   8408
61310   8408
61320   8408
61330   8408
61340   8408
61350   8408
61360   8408
61370   8408
61380   8408
61390   8408
61400   8408
61410   8408
61420   8408
61430   8408
61440   8408
61450   8408
61460   8408
61470   8408
61480   8408
61490   8408
61500   8408
61510   8408
61520   8408
61530   8408
61540   8408
61550   8408
61560   8408
61570   8408
61580   8408
61590   8408
61600   8408
61610   8408
61620   8408
61630   8408
61640   8408
61650   8408
61660   8408
61670   8408
61680   8408
61690   8408
61700   8408
61710   8408
61720   8408
61730   8408
61740   8408
61750   8408
61760   8408
61770   8408
61780   8408
61790   8408
61800   8408
61810   8408
61820   8408
61830   8408
61840   8408
61850   8408
61860   8408
61870   8408
61880   8408
61890   8408
61900   8408
61910   8408
61920   8408
61930   8408
61940   8408
61950   8408
61960   8408
61970   8408
61980   8408
61990   8408
62000   8408
62010   8408
62020   8408
62030   8408
62040   8408
62050   8408
62060   8408
62070   8408
62080   8408
62090   8408
62100   8408
62110   8408
62120   8408
62130   8408
62140   8408
62150   8408
62160   8408
62170   8408
62180   8408
62190   8408
62200   8408
62210   8408
62220   8408
62230   8408
62240   8408
62250   8408
62260   8408
62270   8408
62280   8408
62290   8408
62300   8408
62310   8408
62320   8408
62330   8408
62340   8408
62350   8408
62360   8408
62370   8408
62380   8408
62390   8408
62400   8408
62410   8408
62420   8408
62430   8408
62440   8408
62450   8408
62460   8408
62470   8408
62480   8408
62490   8408
62500   8408
62510   8408
62520   8408
62530   8408
62540   8408
62550   8408
62560   8408
62570   8408
62580   8408
62590   8408
62600   8408
62610   8408
62620   8408
62630   8408
62640   8408
62650   8408
62660   8408
62670   8408
62680   8408
62690   8408
62700   8408
62710   8408
62720   8408
62730   8408
62740   8408
62750   8408
62760   8408
62770   8408
62780   8408
62790   8408
62800   8408
62810   8408
62820   8408
62830   8408
62840   8408
62850   8408
62860   8408
62870   8408
62880   8408
62890   8408
62900   8408
62910   8408
62920   8408
62930   8408
62940   8408
62950   8408
62960   8408
62970   8408
62980   8408
62990   8408
63000   8408
63010   8408
63020   8408
63030   8408
63040   8408
63050   8408
63060   8408
63070   8408
63080   8408
63090   8408
63100   8408
63110   8408
63120   8408
63130   8408
63140   8408
63150   8408
63160   8408
63170   8408
63180   8408
63190   8408
63200   8408
63210   8408
63220   8408
63230   8408
63240   8408
63250   8408
63260   8408
63270   8408
63280   8408
63290   8408
63300   8408
63310   8408
63320   8408
63330   8408
63340   8408
63350   8408
63360   8408
63370   8408
63380   8408
63390   8408
63400   8408
63410   8408
63420   8408
63430   8408
63440   8408
63450   8408
63460   8408
63470   8408
63480   8408
63490   8408
63500   8408
63510   8408
63520   8408
63530   8408
63540   8408
63550   8408
63560   8408
63570   8408
63580   8408
63590   8408
63600   8408
63610   8408
63620   8408
63630   8408
63640   8408
63650   8408
63660   8408
63670   8408
63680   8408
63690   8408
63700   8408
63710   8408
63720   8408
63730   8408
63740   8408
63750   8408
63760   8408
63770   8408
63780   8408
63790   8408
63800   8408
63810   8408
63820   8408
63830   8408
63840   8408
63850   8408
63860   8408
63870   8408
63880   8408
63890   8408
63900   8408
63910   8408
63920   8408
63930   8408
63940   8408
63950   8408
63960   8408
63970   8408
63980   8408
63990   8408
64000   8408
64010   8408
64020   8408
64030   8408
64040   8408
64050   8408
64060   8408
64070   8408
64080   8408
64090   8408
64100   8408
64110   8408
64120   8408
64130   8408
64140   8408
64150   8408
64160   8408
64170   8408
64180   8408
64190   8408
64200   8408
64210   8408
64220   8408
64230   8408
64240   8408
64250   8408
64260   8408
64270   8408
64280   8408
64290   8408
64300   8408
64310   8408
64320   8408
64330   8408
64340   8408
64350   8408
64360   8408
64370   8408
64380   8408
64390   8408
64400   8408
64410   8408
64420   8408
64430   8408
64440   8408
64450   8408
64460   8408
64470   8408
64480   8408
64490   8408
64500   8408
64510   8408
64520   8408
64530   8408
64540   8408
64550   8408
64560   8408
64570   8408
64580   8408
64590   8408
64600   8408
64610   8408
64620   8408
64630   8408
64640   8408
64650   8408
64660   8408
64670   8408
64680   8408
64690   8408
64700   8408
64710   8408
64720   8408
64730   8408
64740   8408
64750   8408
64760   8408
64770   8408
64780   8408
64790   8408
64800   8408
64810   8408
64820   8408
64830   8408
64840   8408
64850   8408
64860   8408
64870   8408
64880   8408
64890   8408
64900   8408
64910   8408
64920   8408
64930   8408
64940   8408
64950   8408
64960   8408
64970   8408
64980   8408
64990   8408
65000   8408
65010   8408
65020   8408
65030   8408
65040   8408
65050   8408
65060   8408
65070   8408
65080   8408
65090   8408
65100   8408
65110   8408
65120   8408
65130   8408
65140   8408
65150   8408
65160   8408
65170   8408
65180   8408
65190   8408
65200   8408
65210   8408
65220   8408
65230   8408
65240   8408
65250   8408
65260   8408
65270   8408
65280   8408
65290   8408
65300   8408
65310   8408
65320   8408
65330   8408
65340   8408
65350   8408
65360   8408
65370   8408
65380   8408
65390   8408
65400   8408
65410   8408
65420   8408
65430   8408
65440   8408
65450   8408
65460   8408
65470   8408
65480   8408
65490   8408
65500   8408
65510   8408
65520   8408
65530   8408
65540   8408
65550   8408
65560   8408
65570   8408
65580   8408
65590   8408
65600   8408
65610   8408
65620   8408
65630   8408
65640   8408
65650   8408
65660   8408
65670   8408
65680   8408
65690   8408
65700   8408
65710   8408
65720   8408
65730   8408
65740   8408
65750   8408
65760   8408
65770   8408
65780   8408
65790   8408
65800   8408
65810   8408
65820   8408
65830   8408
65840   8408
65850   8408
65860   8408
65870   8408
65880   8408
65890   8408
65900   8408
65910   8408
65920   8408
65930   8408
65940   8408
65950   8408
65960   8408
65970   8408
65980   8408
65990   8408
66000   8408
66010   8408
66020   8408
66030   8408
66040   8408
66050   8408
66060   8408
66070   8408
66080   8408
66090   8408
66100   8408
66110   8408
66120   8408
66130   8408
66140   8408
66150   8408
66160   8408
66170   8408
66180   8408
66190   8408
66200   8408
66210   8408
66220   8408
66230   8408
66240   8408
66250   8408
66260   8408
66270   8408
66280   8408
66290   8408
66300   8408
66310   8408
66320   8408
66330   8408
66340   8408
66350   8408
66360   8408
66370   8408
66380   8408
66390   8408
66400   8408
66410   8408
66420   8408
66430   8408
66440   8408
66450   8408
66460   8408
66470   8408
66480   8408
66490   8408
66500   8408
66510   8408
66520   8408
66530   8408
66540   8408
66550   8408
66560   8408
66570   8408
66580   8408
66590   8408
66600   8408
66610   8408
66620   8408
66630   8408
66640   8408
66650   8408
66660   8408
66670   8408
66680   8408
66690   8408
66700   8408
66710   8408
66720   8408
66730   8408
66740   8408
66750   8408
66760   8408
66770   8408
66780   8408
66790   8408
66800   8408
66810   8408
66820   8408
66830   8408
66840   8408
66850   8408
66860   8408
66870   8408
66880   8408
66890   8408
66900   8408
66910   8408
66920   8408
66930   8408
66940   8408
66950   8408
66960   8408
66970   8408
66980   8408
66990   8408
67000   8408
67010   8408
67020   8408
67030   8408
67040   8408
67050   8408
67060   8408
67070   8408
67080   8408
67090   8408
67100   8408
67110   8408
67120   8408
67130   8408
67140   8408
67150   8408
67160   8408
67170   8408
67180   8408
67190   8408
67200   8408
67210   8408
67220   8408
67230   8408
67240   8408
67250   8408
67260   8408
67270   8408
67280   8408
67290   8408
67300   8408
67310   8408
67320   8408
67330   8408
67340   8408
67350   8408
67360   8408
67370   8408
67380   8408
67390   8408
67400   8408
67410   8408
67420   8408
67430   8408
67440   8408
67450   8408
67460   8408
67470   8408
67480   8408
67490   8408
67500   8408
67510   8408
67520   8408
67530   8408
67540   8408
67550   8408
67560   8408
67570   8408
67580   8408
67590   8408
67600   8408
67610   8408
67620   8408
67630   8408
67640   8408
67650   8408
67660   8408
67670   8408
67680   8408
67690   8408
67700   8408
67710   8408
67720   8408
67730   8408
67740   8408
67750   8408
67760   8408
67770   8408
67780   8408
67790   8408
67800   8408
67810   8408
67820   8408
67830   8408
67840   8408
67850   8408
67860   8408
67870   8408
67880   8408
67890   8408
67900   8408
67910   8408
67920   8408
67930   8408
67940   8408
67950   8408
67960   8408
67970   8408
67980   8408
67990   8408
68000   8408
68010   8408
68020   8408
68030   8408
68040   8408
68050   8408
68060   8408
68070   8408
68080   8408
68090   8408
68100   8408
68110   8408
68120   8408
68130   8408
68140   8408
68150   8408
68160   8408
68170   8408
68180   8408
68190   8408
68200   8408
68210   8408
68220   8408
68230   8408
68240   8408
68250   8408
68260   8408
68270   8408
68280   8408
68290   8408
68300   8408
68310   8408
68320   8408
68330   8408
68340   8408
68350   8408
68360   8408
68370   8408
68380   8408
68390   8408
68400   8408
68410   8408
68420   8408
68430   8408
68440   8408
68450   8408
68460   8408
68470   8408
68480   8408
68490   8408
68500   8408
68510   8408
68520   8408
68530   8408
68540   8408
68550   8408
68560   8408
68570   8408
68580   8408
68590   8408
68600   8408
68610   8408
68620   8408
68630   8408
68640   8408
68650   8408
68660   8408
68670   8408
68680   8408
68690   8408
68700   8408
68710   8408
68720   8408
68730   8408
68740   8408
68750   8408
68760   8408
68770   8408
68780   8408
68790   8408
68800   8408
68810   8408
68820   8408
68830   8408
68840   8408
68850   8408
68860   8408
68870   8408
68880   8408
68890   8408
68900   8408
68910   8408
68920   8408
68930   8408
68940   8408
68950   8408
68960   8408
68970   8408
68980   8408
68990   8408
69000   8408
69010   8408
69020   8408
69030   8408
69040   8408
69050   8408
69060   8408
69070   8408
69080   8408
69090   8408
69100   8408
69110   8408
69120   8408
69130   8408
69140   8408
69150   8408
69160   8408
69170   8408
69180   8408
69190   8408
69200   8408
69210   8408
69220   8408
69230   8408
69240   8408
69250   8408
69260   8408
69270   8408
69280   8408
69290   8408
69300   8408
69310   8408
69320   8408
69330   8408
69340   8408
69350   8408
69360   8408
69370   8408
69380   8408
69390   8408
69400   8408
69410   8408
69420   8408
69430   8408
69440   8408
69450   8408
69460   8408
69470   8408
69480   8408
69490   8408
69500   8408
69510   8408
69520   8408
69530   8408
69540   8408
69550   8408
69560   8408
69570   8408
69580   8408
69590   8408
69600   8408
69610   8408
69620   8408
69630   8408
69640   8408
69650   8408
69660   8408
69670   8408
69680   8408
69690   8408
69700   8408
69710   8408
69720   8408
69730   8408
69740   8408
69750   8408
69760   8408
69770   8408
69780   8408
69790   8408
69800   8408
69810   8408
69820   8408
69830   8408
69840   8408
69850   8408
69860   8408
69870   8408
69880   8408
69890   8408
69900   8408
69910   8408
69920   8408
69930   8408
69940   8408
69950   8408
69960   8408
69970   8408
69980   8408
69990   8408
70000   8408
70010   8408
70020   8408
70030   8408
70040   8408
70050   8408
70060   8408
70070   8408
70080   8408
70090   8408
70100   8408
70110   8408
70120   8408
70130   8408
70140   8408
70150   8408
70160   8408
70170   8408
70180   8408
70190   8408
70200   8408
70210   8408
70220   8408
70230   8408
70240   8408
70250   8408
70260   8408
70270   8408
70280   8408
70290   8408
70300   8408
70310   8408
70320   8408
70330   8408
70340   8408
70350   8408
70360   8408
70370   8408
70380   8408
70390   8408
70400   8408
70410   8408
70420   8408
70430   8408
70440   8408
70450   8408
70460   8408
70470   8408
70480   8408
70490   8408
70500   8408
70510   8408
70520   8408
70530   8408
70540   8408
70550   8408
70560   8408
70570   8408
70580   8408
70590   8408
70600   8408
70610   8408
70620   8408
70630   8408
70640   8408
70650   8408
70660   8408
70670   8408
70680   8408
70690   8408
70700   8408
70710   8408
70720   8408
70730   8408
70740   8408
70750   8408
70760   8408
70770   8408
70780   8408
70790   8408
70800   8408
70810   8408
70820   8408
70830   8408
70840   8408
70850   8408
70860   8408
70870   8408
70880   8408
70890   8408
70900   8408
70910   8408
70920   8408
70930   8408
70940   8408
70950   8408
70960   8408
70970   8408
70980   8408
70990   8408
71000   8408
71010   8408
71020   8408
71030   8408
71040   8408
71050   8408
71060   8408
71070   8408
71080   8408
71090   8408
71100   8408
71110   8408
71120   8408
71130   8408
71140   8408
71150   8408
71160   8408
71170   8408
71180   8408
71190   8408
71200   8408
71210   8408
71220   8408
71230   8408
71240   8408
71250   8408
71260   8408
71270   8408
71280   8408
71290   8408
71300   8408
71310   8408
71320   8408
71330   8408
71340   8408
71350   8408
71360   8408
71370   8408
71380   8408
71390   8408
71400   8408
71410   8408
71420   8408
71430   8408
71440   8408
71450   8408
71460   8408
71470   8408
71480   8408
71490   8408
71500   8408
71510   8408
71520   8408
71530   8408
71540   8408
71550   8408
71560   8408
71570   8408
71580   8408
71590   8408
71600   8408
71610   8408
71620   8408
71630   8408
71640   8408
71650   8408
71660   8408
71670   8408
71680   8408
71690   8408
71700   8408
71710   8408
71720   8408
71730   8408
71740   8408
71750   8408
71760   8408
71770   8408
71780   8408
71790   8408
71800   8408
71810   8408
71820   8408
71830   8408
71840   8408
71850   8408
71860   8408
71870   8408
71880   8408
71890   8408
71900   8408
71910   8408
71920   8408
71930   8408
71940   8408
71950   8408
71960   8408
71970   8408
71980   8408
71990   8408
72000   8408
72010   8408
72020   8408
72030   8408
72040   8408
72050   8408
72060   8408
72070   8408
72080   8408
72090   8408
72100   8408
72110   8408
72120   8408
72130   8408
72140   8408
72150   8408
72160   8408
72170   8408
72180   8408
72190   8408
72200   8408
72210   8408
72220   8408
72230   8408
72240   8408
72250   8408
72260   8408
72270   8408
72280   8408
72290   8408
72300   8408
72310   8408
72320   8408
72330   8408
72340   8408
72350   8408
72360   8408
72370   8408
72380   8408
72390   8408
72400   8408
72410   8408
72420   8408
72430   8408
72440   8408
72450   8408
72460   8408
72470   8408
72480   8408
72490   8408
72500   8408
72510   8408
72520   8408
72530   8408
72540   8408
72550   8408
72560   8408
72570   8408
72580   8408
72590   8408
72600   8408
72610   8408
72620   8408
72630   8408
72640   8408
72650   8408
72660   8408
72670   8408
72680   8408
72690   8408
72700   8408
72710   8408
72720   8408
72730   8408
72740   8408
72750   8408
72760   8408
72770   8408
72780   8408
72790   8408
72800   8408
72810   8408
72820   8408
72830   8408
72840   8408
72850   8408
72860   8408
72870   8408
72880   8408
72890   8408
72900   8408
72910   8408
72920   8408
72930   8408
72940   8408
72950   8408
72960   8408
72970   8408
72980   8408
72990   8408
73000   8408
73010   8408
73020   8408
73030   8408
73040   8408
73050   8408
73060   8408
73070   8408
73080   8408
73090   8408
73100   8408
73110   8408
73120   8408
73130   8408
73140   8408
73150   8408
73160   8408
73170   8408
73180   8408
73190   8408
73200   8408
73210   8408
73220   8408
73230   8408
73240   8408
73250   8408
73260   8408
73270   8408
73280   8408
73290   8408
73300   8408
73310   8408
73320   8408
73330   8408
73340   8408
73350   8408
73360   8408
73370   8408
73380   8408
73390   8408
73400   8408
73410   8408
73420   8408
73430   8408
73440   8408
73450   8408
73460   8408
73470   8408
73480   8408
73490   8408
73500   8408
73510   8408
73520   8408
73530   8408
73540   8408
73550   8408
73560   8408
73570   8408
73580   8408
73590   8408
73600   8408
73610   8408
73620   8408
73630   8408
73640   8408
73650   8408
73660   8408
73670   8408
73680   8408
73690   8408
73700   8408
73710   8408
73720   8408
73730   8408
73740   8408
73750   8408
73760   8408
73770   8408
73780   8408
73790   8408
73800   8408
73810   8408
73820   8408
73830   8408
73840   8408
73850   8408
73860   8408
73870   8408
73880   8408
73890   8408
73900   8408
73910   8408
73920   8408
73930   8408
73940   8408
73950   8408
73960   8408
73970   8408
73980   8408
73990   8408
74000   8408
74010   8408
74020   8408
74030   8408
74040   8408
74050   8408
74060   8408
74070   8408
74080   8408
