10   5860
20   5860
30   5860
40   5860
50   5228
60   5228
70   5228
80   5228
90   5228
100   5228
110   5228
120   4844
130   4844
140   4844
150   4844
160   4844
170   4844
180   4844
190   4844
200   4844
210   4844
220   4844
230   4844
240   4844
250   4844
260   4844
270   4844
280   4844
290   4844
300   4844
310   4844
320   4844
330   4844
340   4844
350   4844
360   4844
370   4844
380   4844
390   4844
400   4844
410   4844
420   4844
430   4844
440   4844
450   4844
460   4844
470   4844
480   4844
490   4844
500   4844
510   4844
520   4844
530   4844
540   4844
550   4844
560   4844
570   4844
580   4844
590   4844
600   4844
610   4844
620   4844
630   4844
640   4844
650   4844
660   4844
670   4844
680   4844
690   4844
700   4844
710   4844
720   4844
730   4844
740   4672
750   4672
760   4672
770   4672
780   4672
790   4464
800   4464
810   4464
820   4464
830   4464
840   4464
850   4464
860   4464
870   4464
880   4464
890   4464
900   4464
910   4464
920   4464
930   4464
940   4464
950   4464
960   4464
970   4464
980   4464
990   4464
1000   4464
1010   4464
1020   4464
1030   4464
1040   4464
1050   4464
1060   4464
1070   4464
1080   4464
1090   4464
1100   4464
1110   4464
1120   4464
1130   4464
1140   4464
1150   4464
1160   4464
1170   4464
1180   4464
1190   4464
1200   4464
1210   4464
1220   4464
1230   4464
1240   4464
1250   4464
1260   4464
1270   4464
1280   4464
1290   4464
1300   4464
1310   4464
1320   4464
1330   4464
1340   4464
1350   4464
1360   4464
1370   4464
1380   4464
1390   4464
1400   4464
1410   4464
1420   4464
1430   4464
1440   4464
1450   4464
1460   4464
1470   4464
1480   4464
1490   4464
1500   4464
1510   4464
1520   4464
1530   4464
1540   4464
1550   4464
1560   4464
1570   4464
1580   4464
1590   4464
1600   4464
1610   4464
1620   4464
1630   4464
1640   4464
1650   4464
1660   4464
1670   4464
1680   4464
1690   4464
1700   4464
1710   4464
1720   4464
1730   4464
1740   4464
1750   4464
1760   4464
1770   4464
1780   4464
1790   4464
1800   4464
1810   4464
1820   4464
1830   4464
1840   4464
1850   4464
1860   4464
1870   4464
1880   4464
1890   4464
1900   4464
1910   4464
1920   4464
1930   4464
1940   4464
1950   4464
1960   4464
1970   4464
1980   4464
1990   4464
2000   4464
2010   4464
2020   4464
2030   4464
2040   4464
2050   4464
2060   4464
2070   4464
2080   4464
2090   4464
2100   4464
2110   4464
2120   4464
2130   4464
2140   4464
2150   4464
2160   4464
2170   4464
2180   4464
2190   4464
2200   4464
2210   4464
2220   4464
2230   4464
2240   4464
2250   4464
2260   4464
2270   4464
2280   4464
2290   4464
2300   4464
2310   4464
2320   4464
2330   4464
2340   4464
2350   4464
2360   4464
2370   4464
2380   4464
2390   4464
2400   4464
2410   4464
2420   4464
2430   4464
2440   4464
2450   4464
2460   4464
2470   4464
2480   4464
2490   4464
2500   4464
2510   4464
2520   4464
2530   4464
2540   4464
2550   4464
2560   4464
2570   4464
2580   4464
2590   4464
2600   4464
2610   4464
2620   4464
2630   4464
2640   4464
2650   4464
2660   4464
2670   4464
2680   4464
2690   4464
2700   4464
2710   4464
2720   4464
2730   4464
2740   4464
2750   4464
2760   4464
2770   4464
2780   4464
2790   4464
2800   4464
2810   4464
2820   4464
2830   4464
2840   4464
2850   4464
2860   4464
2870   4464
2880   4464
2890   4464
2900   4464
2910   4464
2920   4464
2930   4464
2940   4464
2950   4464
2960   4464
2970   4464
2980   4464
2990   4464
3000   4464
3010   4464
3020   4464
3030   4464
3040   4464
3050   4464
3060   4464
3070   4464
3080   4464
3090   4464
3100   4464
3110   4464
3120   4464
3130   4464
3140   4464
3150   4464
3160   4464
3170   4464
3180   4464
3190   4464
3200   4464
3210   4464
3220   4464
3230   4464
3240   4464
3250   4464
3260   4464
3270   4464
3280   4464
3290   4464
3300   4464
3310   4464
3320   4464
3330   4464
3340   4464
3350   4464
3360   4464
3370   4464
3380   4464
3390   4464
3400   4464
3410   4464
3420   4464
3430   4464
3440   4464
3450   4464
3460   4464
3470   4464
3480   4464
3490   4464
3500   4464
3510   4464
3520   4464
3530   4464
3540   4464
3550   4464
3560   4464
3570   4464
3580   4464
3590   4464
3600   4464
3610   4464
3620   4464
3630   4464
3640   4464
3650   4464
3660   4464
3670   4464
3680   4464
3690   4464
3700   4464
3710   4464
3720   4464
3730   4464
3740   4464
3750   4464
3760   4464
3770   4464
3780   4464
3790   4464
3800   4464
3810   4464
3820   4464
3830   4464
3840   4464
3850   4464
3860   4464
3870   4464
3880   4464
3890   4464
3900   4464
3910   4464
3920   4464
3930   4464
3940   4464
3950   4464
3960   4464
3970   4464
3980   4464
3990   4464
4000   4464
4010   4464
4020   4464
4030   4464
4040   4464
4050   4464
4060   4464
4070   4464
4080   4464
4090   4464
4100   4464
4110   4464
4120   4464
4130   4464
4140   4464
4150   4464
4160   4464
4170   4464
4180   4464
4190   4464
4200   4464
4210   4464
4220   4464
4230   4464
4240   4464
4250   4464
4260   4464
4270   4464
4280   4464
4290   4464
4300   4464
4310   4464
4320   4464
4330   4464
4340   4464
4350   4464
4360   4464
4370   4464
4380   4464
4390   4464
4400   4464
4410   4464
4420   4464
4430   4464
4440   4464
4450   4464
4460   4464
4470   4464
4480   4464
4490   4464
4500   4464
4510   4464
4520   4464
4530   4464
4540   4464
4550   4464
4560   4464
4570   4464
4580   4464
4590   4464
4600   4464
4610   4464
4620   4464
4630   4464
4640   4464
4650   4464
4660   4464
4670   4464
4680   4464
4690   4464
4700   4464
4710   4464
4720   4464
4730   4464
4740   4464
4750   4464
4760   4464
4770   4464
4780   4464
4790   4464
4800   4464
4810   4464
4820   4464
4830   4464
4840   4464
4850   4464
4860   4464
4870   4464
4880   4464
4890   4464
4900   4464
4910   4464
4920   4464
4930   4464
4940   4464
4950   4464
4960   4464
4970   4464
4980   4464
4990   4464
5000   4464
5010   4464
5020   4464
5030   4464
5040   4464
5050   4464
5060   4464
5070   4464
5080   4464
5090   4464
5100   4464
5110   4464
5120   4464
5130   4464
5140   4464
5150   4464
5160   4464
5170   4464
5180   4464
5190   4464
5200   4464
5210   4464
5220   4464
5230   4464
5240   4464
5250   4464
5260   4464
5270   4464
5280   4464
5290   4464
5300   4464
5310   4464
5320   4464
5330   4464
5340   4464
5350   4464
5360   4464
5370   4464
5380   4464
5390   4464
5400   4464
5410   4464
5420   4464
5430   4464
5440   4464
5450   4464
5460   4464
5470   4464
5480   4464
5490   4464
5500   4464
5510   4464
5520   4464
5530   4464
5540   4464
5550   4464
5560   4464
5570   4464
5580   4464
5590   4464
5600   4464
5610   4464
5620   4464
5630   4464
5640   4464
5650   4464
5660   4464
5670   4464
5680   4464
5690   4464
5700   4464
5710   4464
5720   4464
5730   4464
5740   4464
5750   4464
5760   4464
5770   4464
5780   4464
5790   4464
5800   4464
5810   4464
5820   4464
5830   4464
5840   4464
5850   4464
5860   4464
5870   4464
5880   4464
5890   4464
5900   4464
5910   4464
5920   4464
5930   4464
5940   4464
5950   4464
5960   4464
5970   4464
5980   4464
5990   4464
6000   4464
6010   4464
6020   4464
6030   4464
6040   4464
6050   4464
6060   4464
6070   4464
6080   4464
6090   4464
6100   4464
6110   4464
6120   4464
6130   4464
6140   4464
6150   4464
6160   4464
6170   4464
6180   4464
6190   4464
6200   4464
6210   4464
6220   4464
6230   4464
6240   4464
6250   4464
6260   4464
6270   4464
6280   4464
6290   4464
6300   4464
6310   4464
6320   4464
6330   4464
6340   4464
6350   4464
6360   4464
6370   4464
6380   4464
6390   4464
6400   4464
6410   4464
6420   4464
6430   4464
6440   4464
6450   4464
6460   4464
6470   4464
6480   4464
6490   4464
6500   4464
6510   4464
6520   4464
6530   4464
6540   4464
6550   4464
6560   4464
6570   4464
6580   4464
6590   4464
6600   4464
6610   4464
6620   4464
6630   4464
6640   4464
6650   4464
6660   4464
6670   4464
6680   4464
6690   4464
6700   4464
6710   4464
6720   4464
6730   4464
6740   4464
6750   4464
6760   4464
6770   4464
6780   4464
6790   4464
6800   4464
6810   4464
6820   4464
6830   4464
6840   4464
6850   4464
6860   4464
6870   4464
6880   4464
6890   4464
6900   4464
6910   4464
6920   4464
6930   4464
6940   4464
6950   4464
6960   4464
6970   4464
6980   4464
6990   4464
7000   4464
7010   4464
7020   4464
7030   4464
7040   4464
7050   4464
7060   4464
7070   4464
7080   4464
7090   4464
7100   4464
7110   4464
7120   4464
7130   4464
7140   4464
7150   4464
7160   4464
7170   4464
7180   4464
7190   4464
7200   4464
7210   4464
7220   4464
7230   4464
7240   4464
7250   4464
7260   4464
7270   4464
7280   4464
7290   4464
7300   4464
7310   4464
7320   4464
7330   4464
7340   4464
7350   4464
7360   4464
7370   4464
7380   4464
7390   4464
7400   4464
7410   4464
7420   4464
7430   4464
7440   4464
7450   4464
7460   4464
7470   4464
7480   4464
7490   4464
7500   4464
7510   4464
7520   4464
7530   4464
7540   4464
7550   4464
7560   4464
7570   4464
7580   4464
7590   4464
7600   4464
7610   4464
7620   4464
7630   4464
7640   4464
7650   4464
7660   4464
7670   4464
7680   4464
7690   4464
7700   4464
7710   4464
7720   4464
7730   4464
7740   4464
7750   4464
7760   4464
7770   4464
7780   4464
7790   4464
7800   4464
7810   4464
7820   4464
7830   4464
7840   4464
7850   4464
7860   4464
7870   4464
7880   4464
7890   4464
7900   4464
7910   4464
7920   4464
7930   4464
7940   4464
7950   4464
7960   4464
7970   4464
7980   4464
7990   4464
8000   4464
8010   4464
8020   4464
8030   4464
8040   4464
8050   4464
8060   4464
8070   4464
8080   4464
8090   4464
8100   4464
8110   4464
8120   4464
8130   4464
8140   4464
8150   4464
8160   4464
8170   4464
8180   4464
8190   4464
8200   4464
8210   4464
8220   4464
8230   4464
8240   4464
8250   4464
8260   4464
8270   4464
8280   4464
8290   4464
8300   4464
8310   4464
8320   4464
8330   4464
8340   4464
8350   4464
8360   4464
8370   4464
8380   4464
8390   4464
8400   4464
8410   4464
8420   4464
8430   4464
8440   4464
8450   4464
8460   4464
8470   4464
8480   4464
8490   4464
8500   4464
8510   4464
8520   4464
8530   4464
8540   4464
8550   4464
8560   4464
8570   4464
8580   4464
8590   4464
8600   4464
8610   4464
8620   4464
8630   4464
8640   4464
8650   4464
8660   4464
8670   4464
8680   4464
8690   4464
8700   4464
8710   4464
8720   4464
8730   4464
8740   4464
8750   4464
8760   4464
8770   4464
8780   4464
8790   4464
8800   4464
8810   4464
8820   4464
8830   4464
8840   4464
8850   4464
8860   4464
8870   4464
8880   4464
8890   4464
8900   4464
8910   4464
8920   4464
8930   4464
8940   4464
8950   4464
8960   4464
8970   4464
8980   4464
8990   4464
9000   4464
9010   4464
9020   4464
9030   4464
9040   4464
9050   4464
9060   4464
9070   4464
9080   4464
9090   4464
9100   4464
9110   4464
9120   4464
9130   4464
9140   4464
9150   4464
9160   4464
9170   4464
9180   4464
9190   4464
9200   4464
9210   4464
9220   4464
9230   4464
9240   4464
9250   4464
9260   4464
9270   4464
9280   4464
9290   4464
9300   4464
9310   4464
9320   4464
9330   4464
9340   4464
9350   4464
9360   4464
9370   4464
9380   4464
9390   4464
9400   4464
9410   4464
9420   4464
9430   4464
9440   4464
9450   4464
9460   4464
9470   4464
9480   4464
9490   4464
9500   4464
9510   4464
9520   4464
9530   4464
9540   4464
9550   4464
9560   4464
9570   4464
9580   4464
9590   4464
9600   4464
9610   4464
9620   4464
9630   4464
9640   4464
9650   4464
9660   4464
9670   4464
9680   4464
9690   4464
9700   4464
9710   4464
9720   4464
9730   4464
9740   4464
9750   4464
9760   4464
9770   4464
9780   4464
9790   4464
9800   4464
9810   4464
9820   4464
9830   4464
9840   4464
9850   4464
9860   4464
9870   4464
9880   4464
9890   4464
9900   4464
9910   4464
9920   4464
9930   4464
9940   4464
9950   4464
9960   4464
9970   4464
9980   4464
9990   4464
10000   4464
10010   4464
10020   4464
10030   4464
10040   4464
10050   4464
10060   4464
10070   4464
10080   4464
10090   4464
10100   4464
10110   4464
10120   4464
10130   4464
10140   4464
10150   4464
10160   4464
10170   4464
10180   4464
10190   4464
10200   4464
10210   4464
10220   4464
10230   4464
10240   4464
10250   4464
10260   4464
10270   4464
10280   4464
10290   4464
10300   4464
10310   4464
10320   4464
10330   4464
10340   4464
10350   4464
10360   4464
10370   4464
10380   4464
10390   4464
10400   4464
10410   4464
10420   4464
10430   4464
10440   4464
10450   4464
10460   4464
10470   4464
10480   4464
10490   4464
10500   4464
10510   4464
10520   4464
10530   4464
10540   4464
10550   4464
10560   4464
10570   4464
10580   4464
10590   4464
10600   4464
10610   4464
10620   4464
10630   4464
10640   4464
10650   4464
10660   4464
10670   4464
10680   4464
10690   4464
10700   4464
10710   4464
10720   4464
10730   4464
10740   4464
10750   4464
10760   4464
10770   4464
10780   4464
10790   4464
10800   4464
10810   4464
10820   4464
10830   4464
10840   4464
10850   4464
10860   4464
10870   4464
10880   4464
10890   4464
10900   4464
10910   4464
10920   4464
10930   4464
10940   4464
10950   4464
10960   4464
10970   4464
10980   4464
10990   4464
11000   4464
11010   4464
11020   4464
11030   4464
11040   4464
11050   4464
11060   4464
11070   4464
11080   4464
11090   4464
11100   4464
11110   4464
11120   4464
11130   4464
11140   4464
11150   4464
11160   4464
11170   4464
11180   4464
11190   4464
11200   4464
11210   4464
11220   4464
11230   4464
11240   4464
11250   4464
11260   4464
11270   4464
11280   4464
11290   4464
11300   4464
11310   4464
11320   4464
11330   4464
11340   4464
11350   4464
11360   4464
11370   4464
11380   4464
11390   4464
11400   4464
11410   4464
11420   4464
11430   4464
11440   4464
11450   4464
11460   4464
11470   4464
11480   4464
11490   4464
11500   4464
11510   4464
11520   4464
11530   4464
11540   4464
11550   4464
11560   4464
11570   4464
11580   4464
11590   4464
11600   4464
11610   4464
11620   4464
11630   4464
11640   4464
11650   4464
11660   4464
11670   4464
11680   4464
11690   4464
11700   4464
11710   4464
11720   4464
11730   4464
11740   4464
11750   4464
11760   4464
11770   4464
11780   4464
11790   4464
11800   4464
11810   4464
11820   4464
11830   4464
11840   4464
11850   4464
11860   4464
11870   4464
11880   4464
11890   4464
11900   4464
11910   4464
11920   4464
11930   4464
11940   4464
11950   4464
11960   4464
11970   4464
11980   4464
11990   4464
12000   4464
12010   4464
12020   4464
12030   4464
12040   4464
12050   4464
12060   4464
12070   4464
12080   4464
12090   4464
12100   4464
12110   4464
12120   4464
12130   4464
12140   4464
12150   4464
12160   4464
12170   4464
12180   4464
12190   4464
12200   4464
12210   4464
12220   4464
12230   4464
12240   4464
12250   4464
12260   4464
12270   4464
12280   4464
12290   4464
12300   4464
12310   4464
12320   4464
12330   4464
12340   4464
12350   4464
12360   4464
12370   4464
12380   4464
12390   4464
12400   4464
12410   4464
12420   4464
12430   4464
12440   4464
12450   4464
12460   4464
12470   4464
12480   4464
12490   4464
12500   4464
12510   4464
12520   4464
12530   4464
12540   4464
12550   4464
12560   4464
12570   4464
12580   4464
12590   4464
12600   4464
12610   4464
12620   4464
12630   4464
12640   4464
12650   4464
12660   4464
12670   4464
12680   4464
12690   4464
12700   4464
12710   4464
12720   4464
12730   4464
12740   4464
12750   4464
12760   4464
12770   4464
12780   4464
12790   4464
12800   4464
12810   4464
12820   4464
12830   4464
12840   4464
12850   4464
12860   4464
12870   4464
12880   4464
12890   4464
12900   4464
12910   4464
12920   4464
12930   4464
12940   4464
12950   4464
12960   4464
12970   4464
12980   4464
12990   4464
13000   4464
13010   4464
13020   4464
13030   4464
13040   4464
13050   4464
13060   4464
13070   4464
13080   4464
13090   4464
13100   4464
13110   4464
13120   4464
13130   4464
13140   4464
13150   4464
13160   4464
13170   4464
13180   4464
13190   4464
13200   4464
13210   4464
13220   4464
13230   4464
13240   4464
13250   4464
13260   4464
13270   4464
13280   4464
13290   4464
13300   4464
13310   4464
13320   4464
13330   4464
13340   4464
13350   4464
13360   4464
13370   4464
13380   4464
13390   4464
13400   4464
13410   4464
13420   4464
13430   4464
13440   4464
13450   4464
13460   4464
13470   4464
13480   4464
13490   4464
13500   4464
13510   4464
13520   4464
13530   4464
13540   4464
13550   4464
13560   4464
13570   4464
13580   4464
13590   4464
13600   4464
13610   4464
13620   4464
13630   4464
13640   4464
13650   4464
13660   4464
13670   4464
13680   4464
13690   4464
13700   4464
13710   4464
13720   4464
13730   4464
13740   4464
13750   4464
13760   4464
13770   4464
13780   4464
13790   4464
13800   4464
13810   4464
13820   4464
13830   4464
13840   4464
13850   4464
13860   4464
13870   4464
13880   4464
13890   4464
13900   4464
13910   4464
13920   4464
13930   4464
13940   4464
13950   4464
13960   4464
13970   4464
13980   4464
13990   4464
14000   4464
14010   4464
14020   4464
14030   4464
14040   4464
14050   4464
14060   4464
14070   4464
14080   4464
14090   4464
14100   4464
14110   4464
14120   4464
14130   4464
14140   4464
14150   4464
14160   4464
14170   4464
14180   4464
14190   4464
14200   4464
14210   4464
14220   4464
14230   4464
14240   4464
14250   4464
14260   4464
14270   4464
14280   4464
14290   4464
14300   4464
14310   4464
14320   4464
14330   4464
14340   4464
14350   4464
14360   4464
14370   4464
14380   4464
14390   4464
14400   4464
14410   4464
14420   4464
14430   4464
14440   4464
14450   4464
14460   4464
14470   4464
14480   4464
14490   4464
14500   4464
14510   4464
14520   4464
14530   4464
14540   4464
14550   4464
14560   4464
14570   4464
14580   4464
14590   4464
14600   4464
14610   4464
14620   4464
14630   4464
14640   4464
14650   4464
14660   4464
14670   4464
14680   4464
14690   4464
14700   4464
14710   4464
14720   4464
14730   4464
14740   4464
14750   4464
14760   4464
14770   4464
14780   4464
14790   4464
14800   4464
14810   4464
14820   4464
14830   4464
14840   4464
14850   4464
14860   4464
14870   4464
14880   4464
14890   4464
14900   4464
14910   4464
14920   4464
14930   4464
14940   4464
14950   4464
14960   4464
14970   4464
14980   4464
14990   4464
15000   4464
15010   4464
15020   4464
15030   4464
15040   4464
15050   4464
15060   4464
15070   4464
15080   4464
15090   4464
15100   4464
15110   4464
15120   4464
15130   4464
15140   4464
15150   4464
15160   4464
15170   4464
15180   4464
15190   4464
15200   4464
15210   4464
15220   4464
15230   4464
15240   4464
15250   4464
15260   4464
15270   4464
15280   4464
15290   4464
15300   4464
15310   4464
15320   4464
15330   4464
15340   4464
15350   4464
15360   4464
15370   4464
15380   4464
15390   4464
15400   4464
15410   4464
15420   4464
15430   4464
15440   4464
15450   4464
15460   4464
15470   4464
15480   4464
15490   4464
15500   4464
15510   4464
15520   4464
15530   4464
15540   4464
15550   4464
15560   4464
15570   4464
15580   4464
15590   4464
15600   4464
15610   4464
15620   4464
15630   4464
15640   4464
15650   4464
15660   4464
15670   4464
15680   4464
15690   4464
15700   4464
15710   4464
15720   4464
15730   4464
15740   4464
15750   4464
15760   4464
15770   4464
15780   4464
15790   4464
15800   4464
15810   4464
15820   4464
15830   4464
15840   4464
15850   4464
15860   4464
15870   4464
15880   4464
15890   4464
15900   4464
15910   4464
15920   4464
15930   4464
15940   4464
15950   4464
15960   4464
15970   4464
15980   4464
15990   4464
16000   4464
16010   4464
16020   4464
16030   4464
16040   4464
16050   4464
16060   4464
16070   4464
16080   4464
16090   4464
16100   4464
16110   4464
16120   4464
16130   4464
16140   4464
16150   4464
16160   4464
16170   4464
16180   4464
16190   4464
16200   4464
16210   4464
16220   4464
16230   4464
16240   4464
16250   4464
16260   4464
16270   4464
16280   4464
16290   4464
16300   4464
16310   4464
16320   4464
16330   4464
16340   4464
16350   4464
16360   4464
16370   4464
16380   4464
16390   4464
16400   4464
16410   4464
16420   4464
16430   4464
16440   4464
16450   4464
16460   4464
16470   4464
16480   4464
16490   4464
16500   4464
16510   4464
16520   4464
16530   4464
16540   4464
16550   4464
16560   4464
16570   4464
16580   4464
16590   4464
16600   4464
16610   4464
16620   4464
16630   4464
16640   4464
16650   4464
16660   4464
16670   4464
16680   4464
16690   4464
16700   4464
16710   4464
16720   4464
16730   4464
16740   4464
16750   4464
16760   4464
16770   4464
16780   4464
16790   4464
16800   4464
16810   4464
16820   4464
16830   4464
16840   4464
16850   4464
16860   4464
16870   4464
16880   4464
16890   4464
16900   4464
16910   4464
16920   4464
16930   4464
16940   4464
16950   4464
16960   4464
16970   4464
16980   4464
16990   4464
17000   4464
17010   4464
17020   4464
17030   4464
17040   4464
17050   4464
17060   4464
17070   4464
17080   4464
17090   4464
17100   4464
17110   4464
17120   4464
17130   4464
17140   4464
17150   4464
17160   4464
17170   4464
17180   4464
17190   4464
17200   4464
17210   4464
17220   4464
17230   4464
17240   4464
17250   4464
17260   4464
17270   4464
17280   4464
17290   4464
17300   4464
17310   4464
17320   4464
17330   4464
17340   4464
17350   4464
17360   4464
17370   4464
17380   4464
17390   4464
17400   4464
17410   4464
17420   4464
17430   4464
17440   4464
17450   4464
17460   4464
17470   4464
17480   4464
17490   4464
17500   4464
17510   4464
17520   4464
17530   4464
17540   4464
17550   4464
17560   4464
17570   4464
17580   4464
17590   4464
17600   4464
17610   4464
17620   4464
17630   4464
17640   4464
17650   4464
17660   4464
17670   4464
17680   4464
17690   4464
17700   4464
17710   4464
17720   4464
17730   4464
17740   4464
17750   4464
17760   4464
17770   4464
17780   4464
17790   4464
17800   4464
17810   4464
17820   4464
17830   4464
17840   4464
17850   4464
17860   4464
17870   4464
17880   4464
17890   4464
17900   4464
17910   4464
17920   4464
17930   4464
17940   4464
17950   4464
17960   4464
17970   4464
17980   4464
17990   4464
18000   4464
18010   4464
18020   4464
18030   4464
18040   4464
18050   4464
18060   4464
18070   4464
18080   4464
18090   4464
18100   4464
18110   4464
18120   4464
18130   4464
18140   4464
18150   4464
18160   4464
18170   4464
18180   4464
18190   4464
18200   4464
18210   4464
18220   4464
18230   4464
18240   4464
18250   4464
18260   4464
18270   4464
18280   4464
18290   4464
18300   4464
18310   4464
18320   4464
18330   4464
18340   4464
18350   4464
18360   4464
18370   4464
18380   4464
18390   4464
18400   4464
18410   4464
18420   4464
18430   4464
18440   4464
18450   4464
18460   4464
18470   4140
18480   4140
18490   4140
18500   4140
18510   4140
18520   4140
18530   4140
18540   4140
18550   4140
18560   4140
18570   4140
18580   4140
18590   4140
18600   4140
18610   4140
18620   4140
18630   4140
18640   4140
18650   4140
18660   4140
18670   4140
18680   4140
18690   4140
18700   4140
18710   4140
18720   4140
18730   4140
18740   4140
18750   4140
18760   4140
18770   4140
18780   4140
18790   4140
18800   4140
18810   4140
18820   4140
18830   4140
18840   4140
18850   4140
18860   4140
18870   4140
18880   4140
18890   4140
18900   4140
18910   4140
18920   4140
18930   4140
18940   4140
18950   4140
18960   4140
18970   4140
18980   4140
18990   4140
19000   4140
19010   4140
19020   4140
19030   4140
19040   4140
19050   4140
19060   4140
19070   4140
19080   4140
19090   4140
19100   4140
19110   4140
19120   4140
19130   4140
19140   4140
19150   4140
19160   4140
19170   4140
19180   4140
19190   4140
19200   4140
19210   4140
19220   4140
19230   4140
19240   4140
19250   4140
19260   4140
19270   4140
19280   4140
19290   4140
19300   4140
19310   4140
19320   4140
19330   4140
19340   4140
19350   4140
19360   4140
19370   4140
19380   4140
19390   4140
19400   4140
19410   4140
19420   4140
19430   4140
19440   4140
19450   4140
19460   4140
19470   4140
19480   4140
19490   4140
19500   4140
19510   4140
19520   4140
19530   4140
19540   4140
19550   4140
19560   4140
19570   4140
19580   4140
19590   4140
19600   4140
19610   4140
19620   4140
19630   4140
19640   4140
19650   4140
19660   4140
19670   4140
19680   4140
19690   4140
19700   4140
19710   4140
19720   4140
19730   4140
19740   4140
19750   4140
19760   4140
19770   4140
19780   4140
19790   4140
19800   4140
19810   4140
19820   4140
19830   4140
19840   4140
19850   4140
19860   4140
19870   4140
19880   4140
19890   4140
19900   4140
19910   4140
19920   4140
19930   4140
19940   4140
19950   4140
19960   4140
19970   4140
19980   4140
19990   4140
20000   4140
20010   4140
20020   4140
20030   4140
20040   4140
20050   4140
20060   4140
20070   4140
20080   4140
20090   4140
20100   4140
20110   4140
20120   4140
20130   4140
20140   4140
20150   4140
20160   4140
20170   4140
20180   4140
20190   4140
20200   4140
20210   4140
20220   4140
20230   4140
20240   4140
20250   4140
20260   4140
20270   4140
20280   4140
20290   4140
20300   4140
20310   4140
20320   4140
20330   4140
20340   4140
20350   4140
20360   4140
20370   4140
20380   4140
20390   4140
20400   4140
20410   4140
20420   4140
20430   4140
20440   4140
20450   4140
20460   4140
20470   4140
20480   4140
20490   4140
20500   4140
20510   4140
20520   4140
20530   4140
20540   4140
20550   4140
20560   4140
20570   4140
20580   4140
20590   4140
20600   4140
20610   4140
20620   4140
20630   4140
20640   4140
20650   4140
20660   4140
20670   4140
20680   4140
20690   4140
20700   4140
20710   4140
20720   4140
20730   4140
20740   4140
20750   4140
20760   4140
20770   4140
20780   4140
20790   4140
20800   4140
20810   4140
20820   4140
20830   4140
20840   4140
20850   4140
20860   4140
20870   4140
20880   4140
20890   4140
20900   4140
20910   4140
20920   4140
20930   4140
20940   4140
20950   4140
20960   4140
20970   4140
20980   4140
20990   4140
21000   4140
21010   4140
21020   4140
21030   4140
21040   4140
21050   4140
21060   4140
21070   4140
21080   4140
21090   4140
21100   4140
21110   4140
21120   4140
21130   4140
21140   4140
21150   4140
21160   4140
21170   4140
21180   4140
21190   4140
21200   4140
21210   4140
21220   4140
21230   4140
21240   4140
21250   4140
21260   4140
21270   4140
21280   4140
21290   4140
21300   4140
21310   4140
21320   4140
21330   4140
21340   4140
21350   4140
21360   4140
21370   4140
21380   4140
21390   4140
21400   4140
21410   4140
21420   4140
21430   4140
21440   4140
21450   4140
21460   4140
21470   4140
21480   4140
21490   4140
21500   4140
21510   4140
21520   4140
21530   4140
21540   4140
21550   4140
21560   4140
21570   4140
21580   4140
21590   4140
21600   4140
21610   4140
21620   4140
21630   4140
21640   4140
21650   4140
21660   4140
21670   4140
21680   4140
21690   4140
21700   4140
21710   4140
21720   4140
21730   4140
21740   4140
21750   4140
21760   4140
21770   4140
21780   4140
21790   4140
21800   4140
21810   4140
21820   4140
21830   4140
21840   4140
21850   4140
21860   4140
21870   4140
21880   4140
21890   4140
21900   4140
21910   4140
21920   4140
21930   4140
21940   4140
21950   4140
21960   4140
21970   4140
21980   4140
21990   4140
22000   4140
22010   4140
22020   4140
22030   4140
22040   4140
22050   4140
22060   4140
22070   4140
22080   4140
22090   4140
22100   4140
22110   4140
22120   4140
22130   4140
22140   4140
22150   4140
22160   4140
22170   4140
22180   4140
22190   4140
22200   4140
22210   4140
22220   4140
22230   4140
22240   4140
22250   4140
22260   4140
22270   4140
22280   4140
22290   4140
22300   4140
22310   4140
22320   4140
22330   4140
22340   4140
22350   4140
22360   4140
22370   4140
22380   4140
22390   4140
22400   4140
22410   4140
22420   4140
22430   4140
22440   4140
22450   4140
22460   4140
22470   4140
22480   4140
22490   4140
22500   4140
22510   4140
22520   4140
22530   4140
22540   4140
22550   4140
22560   4140
22570   4140
22580   4140
22590   4140
22600   4140
22610   4140
22620   4140
22630   4140
22640   4140
22650   4140
22660   4140
22670   4140
22680   4140
22690   4140
22700   4140
22710   4140
22720   4140
22730   4140
22740   4140
22750   4140
22760   4140
22770   4140
22780   4140
22790   4140
22800   4140
22810   4140
22820   4140
22830   4140
22840   4140
22850   4140
22860   4140
22870   4140
22880   4140
22890   4140
22900   4140
22910   4140
22920   4140
22930   4140
22940   4140
22950   4140
22960   4140
22970   4140
22980   4140
22990   4140
23000   4140
23010   4140
23020   4140
23030   4140
23040   4140
23050   4140
23060   4140
23070   4140
23080   4140
23090   4140
23100   4140
23110   4140
23120   4140
23130   4140
23140   4140
23150   4140
23160   4140
23170   4140
23180   4140
23190   4140
23200   4140
23210   4140
23220   4140
23230   4140
23240   4140
23250   4140
23260   4140
23270   4140
23280   4140
23290   4140
23300   4140
23310   4140
23320   4140
23330   4140
23340   4140
23350   4140
23360   4140
23370   4140
23380   4140
23390   4140
23400   4140
23410   4140
23420   4140
23430   4140
23440   4140
23450   4140
23460   4140
23470   4140
23480   4140
23490   4140
23500   4140
23510   4140
23520   4140
23530   4140
23540   4140
23550   4140
23560   4140
23570   4140
23580   4140
23590   4140
23600   4140
23610   4140
23620   4140
23630   4140
23640   4140
23650   4140
23660   4140
23670   4140
23680   4140
23690   4140
23700   4140
23710   4140
23720   4140
23730   4140
23740   4140
23750   4140
23760   4140
23770   4140
23780   4140
23790   4140
23800   4140
23810   4140
23820   4140
23830   4140
23840   4140
23850   4140
23860   4140
23870   4140
23880   4140
23890   4140
23900   4140
23910   4140
23920   4140
23930   4140
23940   4140
23950   4140
23960   4140
23970   4140
23980   4140
23990   4140
24000   4140
24010   4140
24020   4140
24030   4140
24040   4140
24050   4140
24060   4140
24070   4140
24080   4140
24090   4140
24100   4140
24110   4140
24120   4140
24130   4140
24140   4140
24150   4140
24160   4140
24170   4140
24180   4140
24190   4140
24200   4140
24210   4140
24220   4140
24230   4140
24240   4140
24250   4140
24260   4140
24270   4140
24280   4140
24290   4140
24300   4140
24310   4140
24320   4140
24330   4140
24340   4140
24350   4140
24360   4140
24370   4140
24380   4140
24390   4140
24400   4140
24410   4140
24420   4140
24430   4140
24440   4140
24450   4140
24460   4140
24470   4140
24480   4140
24490   4140
24500   4140
24510   4140
24520   4140
24530   4140
24540   4140
24550   4140
24560   4140
24570   4140
24580   4140
24590   4140
24600   4140
24610   4140
24620   4140
24630   4140
24640   4140
24650   4140
24660   4140
24670   4140
24680   4140
24690   4140
24700   4140
24710   4140
24720   4140
24730   4140
24740   4140
24750   4140
24760   4140
24770   4140
24780   4140
24790   4140
24800   4140
24810   4140
24820   4140
24830   4140
24840   4140
24850   4140
24860   4140
24870   4140
24880   4140
24890   4140
24900   4140
24910   4140
24920   4140
24930   4140
24940   4140
24950   4140
24960   4140
24970   4140
24980   4140
24990   4140
25000   4140
25010   4140
25020   4140
25030   4140
25040   4140
25050   4140
25060   4140
25070   4140
25080   4140
25090   4140
25100   4140
25110   4140
25120   4140
25130   4140
25140   4140
25150   4140
25160   4140
25170   4140
25180   4140
25190   4140
25200   4140
25210   4140
25220   4140
25230   4140
25240   4140
25250   4140
25260   4140
25270   4140
25280   4140
25290   4140
25300   4140
25310   4140
25320   4140
25330   4140
25340   4140
25350   4140
25360   4140
25370   4140
25380   4140
25390   4140
25400   4140
25410   4140
25420   4140
25430   4140
25440   4140
25450   4140
25460   4140
25470   4140
25480   4140
25490   4140
25500   4140
25510   4140
25520   4140
25530   4140
25540   4140
25550   4140
25560   4140
25570   4140
25580   4140
25590   4140
25600   4140
25610   4140
25620   4140
25630   4140
25640   4140
25650   4140
25660   4140
25670   4140
25680   4140
25690   4140
25700   4140
25710   4140
25720   4140
25730   4140
25740   4140
25750   4140
25760   4140
25770   4140
25780   4140
25790   4140
25800   4140
25810   4140
25820   4140
25830   4140
25840   4140
25850   4140
25860   4140
25870   4140
25880   4140
25890   4140
25900   4140
25910   4140
25920   4140
25930   4140
25940   4140
25950   4140
25960   4140
25970   4140
25980   4140
25990   4140
26000   4140
26010   4140
26020   4140
26030   4140
26040   4140
26050   4140
26060   4140
26070   4140
26080   4140
26090   4140
26100   4140
26110   4140
26120   4140
26130   4140
26140   4140
26150   4140
26160   4140
26170   4140
26180   4140
26190   4140
26200   4140
26210   4140
26220   4140
26230   4140
26240   4140
26250   4140
26260   4140
26270   4140
26280   4140
26290   4140
26300   4140
26310   4140
26320   4140
26330   4140
26340   4140
26350   4140
26360   4140
26370   4140
26380   4140
26390   4140
26400   4140
26410   4140
26420   4140
26430   4140
26440   4140
26450   4140
26460   4140
26470   4140
26480   4140
26490   4140
26500   4140
26510   4140
26520   4140
26530   4140
26540   4140
26550   4140
26560   4140
26570   4140
26580   4140
26590   4140
26600   4140
26610   4140
26620   4140
26630   4140
26640   4140
26650   4140
26660   4140
26670   4140
26680   4140
26690   4140
26700   4140
26710   4140
26720   4140
26730   4140
26740   4140
26750   4140
26760   4140
26770   4140
26780   4140
26790   4140
26800   4140
26810   4140
26820   4140
26830   4140
26840   4140
26850   4140
26860   4140
26870   4140
26880   4140
26890   4140
26900   4140
26910   4140
26920   4140
26930   4140
26940   4140
26950   4140
26960   4140
26970   4140
26980   4140
26990   4140
27000   4140
27010   4140
27020   4140
27030   4140
27040   4140
27050   4140
27060   4140
27070   4140
27080   4140
27090   4140
27100   4140
27110   4140
27120   4140
27130   4140
27140   4140
27150   4140
27160   4140
27170   4140
27180   4140
27190   4140
27200   4140
27210   4140
27220   4140
27230   4140
27240   4140
27250   4140
27260   4140
27270   4140
27280   4140
27290   4140
27300   4140
27310   4140
27320   4140
27330   4140
27340   4140
27350   4140
27360   4140
27370   4140
27380   4140
27390   4140
27400   4140
27410   4140
27420   4140
27430   4140
27440   4140
27450   4140
27460   4140
27470   4140
27480   4140
27490   4140
27500   4140
27510   4140
27520   4140
27530   4140
27540   4140
27550   4140
27560   4140
27570   4140
27580   4140
27590   4140
27600   4140
27610   4140
27620   4140
27630   4140
27640   4140
27650   4140
27660   4140
27670   4140
27680   4140
27690   4140
27700   4140
27710   4140
27720   4140
27730   4140
27740   4140
27750   4140
27760   4140
27770   4140
27780   4140
27790   4140
27800   4140
27810   4140
27820   4140
27830   4140
27840   4140
27850   4140
27860   4140
27870   4140
27880   4140
27890   4140
27900   4140
27910   4140
27920   4140
27930   4140
27940   4140
27950   4140
27960   4140
27970   4140
27980   4140
27990   4140
28000   4140
28010   4140
28020   4140
28030   4140
28040   4140
28050   4140
28060   4140
28070   4140
28080   4140
28090   4140
28100   4140
28110   4140
28120   4140
28130   4140
28140   4140
28150   4140
28160   4140
28170   4140
28180   4140
28190   4140
28200   4140
28210   4140
28220   4140
28230   4140
28240   4140
28250   4140
28260   4140
28270   4140
28280   4140
28290   4140
28300   4140
28310   4140
28320   4140
28330   4140
28340   4140
28350   4140
28360   4140
28370   4140
28380   4140
28390   4140
28400   4140
28410   4140
28420   4140
28430   4140
28440   4140
28450   4140
28460   4140
28470   4140
28480   4140
28490   4140
28500   4140
28510   4140
28520   4140
28530   4140
28540   4140
28550   4140
28560   4140
28570   4140
28580   4140
28590   4140
28600   4140
28610   4140
28620   4140
28630   4140
28640   4140
28650   4140
28660   4140
28670   4140
28680   4140
28690   4140
28700   4140
28710   4140
28720   4140
28730   4140
28740   4140
28750   4140
28760   4140
28770   4140
28780   4140
28790   4140
28800   4140
28810   4140
28820   4140
28830   4140
28840   4140
28850   4140
28860   4140
28870   4140
28880   4140
28890   4140
28900   4140
28910   4140
28920   4140
28930   4140
28940   4140
28950   4140
28960   4140
28970   4140
28980   4140
28990   4140
29000   4140
29010   4140
29020   4140
29030   4140
29040   4140
29050   4140
29060   4140
29070   4140
29080   4140
29090   4140
29100   4140
29110   4140
29120   4140
29130   4140
29140   4140
29150   4140
29160   4140
29170   4140
29180   4140
29190   4140
29200   4140
29210   4140
29220   4140
29230   4140
29240   4140
29250   4140
29260   4140
29270   4140
29280   4140
29290   4140
29300   4140
29310   4140
29320   4140
29330   4140
29340   4140
29350   4140
29360   4140
29370   4140
29380   4140
29390   4140
29400   4140
29410   4140
29420   4140
29430   4140
29440   4140
29450   4140
29460   4140
29470   4140
29480   4140
29490   4140
29500   4140
29510   4140
29520   4140
29530   4140
29540   4140
29550   4140
29560   4140
29570   4140
29580   4140
29590   4140
29600   4140
29610   4140
29620   4140
29630   4140
29640   4140
29650   4140
29660   4140
29670   4140
29680   4140
29690   4140
29700   4140
29710   4140
29720   4140
29730   4140
29740   4140
29750   4140
29760   4140
29770   4140
29780   4140
29790   4140
29800   4140
29810   4140
29820   4140
29830   4140
29840   4140
29850   4140
29860   4140
29870   4140
29880   4140
29890   4140
29900   4140
29910   4140
29920   4140
29930   4140
29940   4140
29950   4140
29960   4140
29970   4140
29980   4140
29990   4140
30000   4140
30010   4140
30020   4140
30030   4140
30040   4140
30050   4140
30060   4140
30070   4140
30080   4140
30090   4140
30100   4140
30110   4140
30120   4140
30130   4140
30140   4140
30150   4140
30160   4140
30170   4140
30180   4140
30190   4140
30200   4140
30210   4140
30220   4140
30230   4140
30240   4140
30250   4140
30260   4140
30270   4140
30280   4140
30290   4140
30300   4140
30310   4140
30320   4140
30330   4140
30340   4140
30350   4140
30360   4140
30370   4140
30380   4140
30390   4140
30400   4140
30410   4140
30420   4140
30430   4140
30440   4140
30450   4140
30460   4140
30470   4140
30480   4140
30490   4140
30500   4140
30510   4140
30520   4140
30530   4140
30540   4140
30550   4140
30560   4140
30570   4140
30580   4140
30590   4140
30600   4140
30610   4140
30620   4140
30630   4140
30640   4140
30650   4140
30660   4140
30670   4140
30680   4140
30690   4140
30700   4140
30710   4140
30720   4140
30730   4140
30740   4140
30750   4140
30760   4140
30770   4140
30780   4140
30790   4140
30800   4140
30810   4140
30820   4140
30830   4140
30840   4140
30850   4140
30860   4140
30870   4140
30880   4140
30890   4140
30900   4140
30910   4140
30920   4140
30930   4140
30940   4140
30950   4140
30960   4140
30970   4140
30980   4140
30990   4140
31000   4140
31010   4140
31020   4140
31030   4140
31040   4140
31050   4140
31060   4140
31070   4140
31080   4140
31090   4140
31100   4140
31110   4140
31120   4140
31130   4140
31140   4140
31150   4140
31160   4140
31170   4140
31180   4140
31190   4140
31200   4140
31210   4140
31220   4140
31230   4140
31240   4140
31250   4140
31260   4140
31270   4140
31280   4140
31290   4140
31300   4140
31310   4140
31320   4140
31330   4140
31340   4140
31350   4140
31360   4140
31370   4140
31380   4140
31390   4140
31400   4140
31410   4140
31420   4140
31430   4140
31440   4140
31450   4140
31460   4140
31470   4140
31480   4140
31490   4140
31500   4140
31510   4140
31520   4140
31530   4140
31540   4140
31550   4140
31560   4140
31570   4140
31580   4140
31590   4140
31600   4140
31610   4140
31620   4140
31630   4140
31640   4140
31650   4140
31660   4140
31670   4140
31680   4140
31690   4140
31700   4140
31710   4140
31720   4140
31730   4140
31740   4140
31750   4140
31760   4140
31770   4140
31780   4140
31790   4140
31800   4140
31810   4140
31820   4140
31830   4140
31840   4140
31850   4140
31860   4140
31870   4140
31880   4140
31890   4140
31900   4140
31910   4140
31920   4140
31930   4140
31940   4140
31950   4140
31960   4140
31970   4140
31980   4140
31990   4140
32000   4140
32010   4140
32020   4140
32030   4140
32040   4140
32050   4140
32060   4140
32070   4140
32080   4140
32090   4140
32100   4140
32110   4140
32120   4140
32130   4140
32140   4140
32150   4140
32160   4140
32170   4140
32180   4140
32190   4140
32200   4140
32210   4140
32220   4140
32230   4140
32240   4140
32250   4140
32260   4140
32270   4140
32280   4140
32290   4140
32300   4140
32310   4140
32320   4140
32330   4140
32340   4140
32350   4140
32360   4140
32370   4140
32380   4140
32390   4140
32400   4140
32410   4140
32420   4140
32430   4140
32440   4140
32450   4140
32460   4140
32470   4140
32480   4140
32490   4140
32500   4140
32510   4140
32520   4140
32530   4140
32540   4140
32550   4140
32560   4140
32570   4140
32580   4140
32590   4140
32600   4140
32610   4140
32620   4140
32630   4140
32640   4140
32650   4140
32660   4140
32670   4140
32680   4140
32690   4140
32700   4140
32710   4140
32720   4140
32730   4140
32740   4140
32750   4140
32760   4140
32770   4140
32780   4140
32790   4140
32800   4140
32810   4140
32820   4140
32830   4140
32840   4140
32850   4140
32860   4140
32870   4140
32880   4140
32890   4140
32900   4140
32910   4140
32920   4140
32930   4140
32940   4140
32950   4140
32960   4140
32970   4140
32980   4140
32990   4140
33000   4140
33010   4140
33020   4140
33030   4140
33040   4140
33050   4140
33060   4140
33070   4140
33080   4140
33090   4140
33100   4140
33110   4140
33120   4140
33130   4140
33140   4140
33150   4140
33160   4140
33170   4140
33180   4140
33190   4140
33200   4140
33210   4140
33220   4140
33230   4140
33240   4140
33250   4140
33260   4140
33270   4140
33280   4140
33290   4140
33300   4140
33310   4140
33320   4140
33330   4140
33340   4140
33350   4140
33360   4140
33370   4140
33380   4140
33390   4140
33400   4140
33410   4140
33420   4140
33430   4140
33440   4140
33450   4140
33460   4140
33470   4140
33480   4140
33490   4140
33500   4140
33510   4140
33520   4140
33530   4140
33540   4140
33550   4140
33560   4140
33570   4140
33580   4140
33590   4140
33600   4140
33610   4140
33620   4140
33630   4140
33640   4140
33650   4140
33660   4140
33670   4140
33680   4140
33690   4140
33700   4140
33710   4140
33720   4140
33730   4140
33740   4140
33750   4140
33760   4140
33770   4140
33780   4140
33790   4140
33800   4140
33810   4140
33820   4140
33830   4140
33840   4140
33850   4140
33860   4140
33870   4140
33880   4140
33890   4140
33900   4140
33910   4140
33920   4140
33930   4140
33940   4140
33950   4140
33960   4140
33970   4140
33980   4140
33990   4140
34000   4140
34010   4140
34020   4140
34030   4140
34040   4140
34050   4140
34060   4140
34070   4140
34080   4140
34090   4140
34100   4140
34110   4140
34120   4140
34130   4140
34140   4140
34150   4140
34160   4140
34170   4140
34180   4140
34190   4140
34200   4140
34210   4140
34220   4140
34230   4140
34240   4140
34250   4140
34260   4140
34270   4140
34280   4140
34290   4140
34300   4140
34310   4140
34320   4140
34330   4140
34340   4140
34350   4140
34360   4140
34370   4140
34380   4140
34390   4140
34400   4140
34410   4140
34420   4140
34430   4140
34440   4140
34450   4140
34460   4140
34470   4140
34480   4140
34490   4140
34500   4140
34510   4140
34520   4140
34530   4140
34540   4140
34550   4140
34560   4140
34570   4140
34580   4140
34590   4140
34600   4140
34610   4140
34620   4140
34630   4140
34640   4140
34650   4140
34660   4140
34670   4140
34680   4140
34690   4140
34700   4140
34710   4140
34720   4140
34730   4140
34740   4140
34750   4140
34760   4140
34770   4140
34780   4140
34790   4140
34800   4140
34810   4140
34820   4140
34830   4140
34840   4140
34850   4140
34860   4140
34870   4140
34880   4140
34890   4140
34900   4140
34910   4140
34920   4140
34930   4140
34940   4140
34950   4140
34960   4140
34970   4140
34980   4140
34990   4140
35000   4140
35010   4140
35020   4140
35030   4140
35040   4140
35050   4140
35060   4140
35070   4140
35080   4140
35090   4140
35100   4140
35110   4140
35120   4140
35130   4140
35140   4140
35150   4140
35160   4140
35170   4140
35180   4140
35190   4140
35200   4140
35210   4140
35220   4140
35230   4140
35240   4140
35250   4140
35260   4140
35270   4140
35280   4140
35290   4140
35300   4140
35310   4140
35320   4140
35330   4140
35340   4140
35350   4140
35360   4140
35370   4140
35380   4140
35390   4140
35400   4140
35410   4140
35420   4140
35430   4140
35440   4140
35450   4140
35460   4140
35470   4140
35480   4140
35490   4140
35500   4140
35510   4140
35520   4140
35530   4140
35540   4140
35550   4140
35560   4140
35570   4140
35580   4140
35590   4140
35600   4140
35610   4140
35620   4140
35630   4140
35640   4140
35650   4140
35660   4140
35670   4140
35680   4140
35690   4140
35700   4140
35710   4140
35720   4140
35730   4140
35740   4140
35750   4140
35760   4140
35770   4140
35780   4140
35790   4140
35800   4140
35810   4140
35820   4140
35830   4140
35840   4140
35850   4140
35860   4140
35870   4140
35880   4140
35890   4140
35900   4140
35910   4140
35920   4140
35930   4140
35940   4140
35950   4140
35960   4140
35970   4140
35980   4140
35990   4140
36000   4140
36010   4140
36020   4140
36030   4140
36040   4140
36050   4140
36060   4140
36070   4140
36080   4140
36090   4140
36100   4140
36110   4140
36120   4140
36130   4140
36140   4140
36150   4140
36160   4140
36170   4140
36180   4140
36190   4140
36200   4140
36210   4140
36220   4140
36230   4140
36240   4140
36250   4140
36260   4140
36270   4140
36280   4140
36290   4140
36300   4140
36310   4140
36320   4140
36330   4140
36340   4140
36350   4140
36360   4140
36370   4140
36380   4140
36390   4140
36400   4140
36410   4140
36420   4140
36430   4140
36440   4140
36450   4140
36460   4140
36470   4140
36480   4140
36490   4140
36500   4140
36510   4140
36520   4140
36530   4140
36540   4140
36550   4140
36560   4140
36570   4140
36580   4140
36590   4140
36600   4140
36610   4140
36620   4140
36630   4140
36640   4140
36650   4140
36660   4140
36670   4140
36680   4140
36690   4140
36700   4140
36710   4140
36720   4140
36730   4140
36740   4140
36750   4140
36760   4140
36770   4140
36780   4140
36790   4140
36800   4140
36810   4140
36820   4140
36830   4140
36840   4140
36850   4140
36860   4140
36870   4140
36880   4140
36890   4140
36900   4140
36910   4140
36920   4140
36930   4140
36940   4140
36950   4140
36960   4140
36970   4140
36980   4140
36990   4140
37000   4140
37010   4140
37020   4140
37030   4140
37040   4140
37050   4140
37060   4140
37070   4140
37080   4140
37090   4140
37100   4140
37110   4140
37120   4140
37130   4140
37140   4140
37150   4140
37160   4140
37170   4140
37180   4140
37190   4140
37200   4140
37210   4140
37220   4140
37230   4140
37240   4140
37250   4140
37260   4140
37270   4140
37280   4140
37290   4140
37300   4140
37310   4140
37320   4140
37330   4140
37340   4140
37350   4140
37360   4140
37370   4140
37380   4140
37390   4140
37400   4140
37410   4140
37420   4140
37430   4140
37440   4140
37450   4140
37460   4140
37470   4140
37480   4140
37490   4140
37500   4140
37510   4140
37520   4140
37530   4140
37540   4140
37550   4140
37560   4140
37570   4140
37580   4140
37590   4140
37600   4140
37610   4140
37620   4140
37630   4140
37640   4140
37650   4140
37660   4140
37670   4140
37680   4140
37690   4140
37700   4140
37710   4140
37720   4140
37730   4140
37740   4140
37750   4140
37760   4140
37770   4140
37780   4140
37790   4140
37800   4140
37810   4140
37820   4140
37830   4140
37840   4140
37850   4140
37860   4140
37870   4140
37880   4140
37890   4140
37900   4140
37910   4140
37920   4140
37930   4140
37940   4140
37950   4140
37960   4140
37970   4140
37980   4140
37990   4140
38000   4140
38010   4140
38020   4140
38030   4140
38040   4140
38050   4140
38060   4140
38070   4140
38080   4140
38090   4140
38100   4140
38110   4140
38120   4140
38130   4140
38140   4140
38150   4140
38160   4140
38170   4140
38180   4140
38190   4140
38200   4140
38210   4140
38220   4140
38230   4140
38240   4140
38250   4140
38260   4140
38270   4140
38280   4140
38290   4140
38300   4140
38310   4140
38320   4140
38330   4140
38340   4140
38350   4140
38360   4140
38370   4140
38380   4140
38390   4140
38400   4140
38410   4140
38420   4140
38430   4140
38440   4140
38450   4140
38460   4140
38470   4140
38480   4140
38490   4140
38500   4140
38510   4140
38520   4140
38530   4140
38540   4140
38550   4140
38560   4140
38570   4140
38580   4140
38590   4140
38600   4140
38610   4140
38620   4140
38630   4140
38640   4140
38650   4140
38660   4140
38670   4140
38680   4140
38690   4140
38700   4140
38710   4140
38720   4140
38730   4140
38740   4140
38750   4140
38760   4140
38770   4140
38780   4140
38790   4140
38800   4140
38810   4140
38820   4140
38830   4140
38840   4140
38850   4140
38860   4140
38870   4140
38880   4140
38890   4140
38900   4140
38910   4140
38920   4140
38930   4140
38940   4140
38950   4140
38960   4140
38970   4140
38980   4140
38990   4140
39000   4140
39010   4140
39020   4140
39030   4140
39040   4140
39050   4140
39060   4140
39070   4140
39080   4140
39090   4140
39100   4140
39110   4140
39120   4140
39130   4140
39140   4140
39150   4140
39160   4140
39170   4140
39180   4140
39190   4140
39200   4140
39210   4140
39220   4140
39230   4140
39240   4140
39250   4140
39260   4140
39270   4140
39280   4140
39290   4140
39300   4140
39310   4140
39320   4140
39330   4140
39340   4140
39350   4140
39360   4140
39370   4140
39380   4140
39390   4140
39400   4140
39410   4140
39420   4140
39430   4140
39440   4140
39450   4140
39460   4140
39470   4140
39480   4140
39490   4140
39500   4140
39510   4140
39520   4140
39530   4140
39540   4140
39550   4140
39560   4140
39570   4140
39580   4140
39590   4140
39600   4140
39610   4140
39620   4140
39630   4140
39640   4140
39650   4140
39660   4140
39670   4140
39680   4140
39690   4140
39700   4140
39710   4140
39720   4140
39730   4140
39740   4140
39750   4140
39760   4140
39770   4140
39780   4140
39790   4140
39800   4140
39810   4140
39820   4140
39830   4140
39840   4140
39850   4140
39860   4140
39870   4140
39880   4140
39890   4140
39900   4140
39910   4140
39920   4140
39930   4140
39940   4140
39950   4140
39960   4140
39970   4140
39980   4140
39990   4140
40000   4140
40010   4140
40020   4140
40030   4140
40040   4140
40050   4140
40060   4140
40070   4140
40080   4140
40090   4140
40100   4140
40110   4140
40120   4140
40130   4140
40140   4140
40150   4140
40160   4140
40170   4140
40180   4140
40190   4140
40200   4140
40210   4140
40220   4140
40230   4140
40240   4140
40250   4140
40260   4140
40270   4140
40280   4140
40290   4140
40300   4140
40310   4140
40320   4140
40330   4140
40340   4140
40350   4140
40360   4140
40370   4140
40380   4140
40390   4140
40400   4140
40410   4140
40420   4140
40430   4140
40440   4140
40450   4140
40460   4140
40470   4140
40480   4140
40490   4140
40500   4140
40510   4140
40520   4140
40530   4140
40540   4140
40550   4140
40560   4140
40570   4140
40580   4140
40590   4140
40600   4140
40610   4140
40620   4140
40630   4140
40640   4140
40650   4140
40660   4140
40670   4140
40680   4140
40690   4140
40700   4140
40710   4140
40720   4140
40730   4140
40740   4140
40750   4140
40760   4140
40770   4140
40780   4140
40790   4140
40800   4140
40810   4140
40820   4140
40830   4140
40840   4140
40850   4140
40860   4140
40870   4140
40880   4140
40890   4140
40900   4140
40910   4140
40920   4140
40930   4140
40940   4140
40950   4140
40960   4140
40970   4140
40980   4140
40990   4140
41000   4140
41010   4140
41020   4140
41030   4140
41040   4140
41050   4140
41060   4140
41070   4140
41080   4140
41090   4140
41100   4140
41110   4140
41120   4140
41130   4140
41140   4140
41150   4140
41160   4140
41170   4140
41180   4140
41190   4140
41200   4140
41210   4140
41220   4140
41230   4140
41240   4140
41250   4140
41260   4140
41270   4140
41280   4140
41290   4140
41300   4140
41310   4140
41320   4140
41330   4140
41340   4140
41350   4140
41360   4140
41370   4140
41380   4140
41390   4140
41400   4140
41410   4140
41420   4140
41430   4140
41440   4140
41450   4140
41460   4140
41470   4140
41480   4140
41490   4140
41500   4140
41510   4140
41520   4140
41530   4140
41540   4140
41550   4140
41560   4140
41570   4140
41580   4140
41590   4140
41600   4140
41610   4140
41620   4140
41630   4140
41640   4140
41650   4140
41660   4140
41670   4140
41680   4140
41690   4140
41700   4140
41710   4140
41720   4140
41730   4140
41740   4140
41750   4140
41760   4140
41770   4140
41780   4140
41790   4140
41800   4140
41810   4140
41820   4140
41830   4140
41840   4140
41850   4140
41860   4140
41870   4140
41880   4140
41890   4140
41900   4140
41910   4140
41920   4140
41930   4140
41940   4140
41950   4140
41960   4140
41970   4140
41980   4140
41990   4140
42000   4140
42010   4140
42020   4140
42030   4140
42040   4140
42050   4140
42060   4140
42070   4140
42080   4140
42090   4140
42100   4140
42110   4140
42120   4140
42130   4140
42140   4140
42150   4140
42160   4140
42170   4140
42180   4140
42190   4140
42200   4140
42210   4140
42220   4140
42230   4140
42240   4140
42250   4140
42260   4140
42270   4140
42280   4140
42290   4140
42300   4140
42310   4140
42320   4140
42330   4140
42340   4140
42350   4140
42360   4140
42370   4140
42380   4140
42390   4140
42400   4140
42410   4140
42420   4140
42430   4140
42440   4140
42450   4140
42460   4140
42470   4140
42480   4140
42490   4140
42500   4140
42510   4140
42520   4140
42530   4140
42540   4140
42550   4140
42560   4140
42570   4140
42580   4140
42590   4140
42600   4140
42610   4140
42620   4140
42630   4140
42640   4140
42650   4140
42660   4140
42670   4140
42680   4140
42690   4140
42700   4140
42710   4140
42720   4140
42730   4140
42740   4140
42750   4140
42760   4140
42770   4140
42780   4140
42790   4140
42800   4140
42810   4140
42820   4140
42830   4140
42840   4140
42850   4140
42860   4140
42870   4140
42880   4140
42890   4140
42900   4140
42910   4140
42920   4140
42930   4140
42940   4140
42950   4140
42960   4140
42970   4140
42980   4140
42990   4140
43000   4140
43010   4140
43020   4140
43030   4140
43040   4140
43050   4140
43060   4140
43070   4140
43080   4140
43090   4140
43100   4140
43110   4140
43120   4140
43130   4140
43140   4140
43150   4140
43160   4140
43170   4140
43180   4140
43190   4140
43200   4140
43210   4140
43220   4140
43230   4140
43240   4140
43250   4140
43260   4140
43270   4140
43280   4140
43290   4140
43300   4140
43310   4140
43320   4140
43330   4140
43340   4140
43350   4140
43360   4140
43370   4140
43380   4140
43390   4140
43400   4140
43410   4140
43420   4140
43430   4140
43440   4140
43450   4140
43460   4140
43470   4140
43480   4140
43490   4140
43500   4140
43510   4140
43520   4140
43530   4140
43540   4140
43550   4140
43560   4140
43570   4140
43580   4140
43590   4140
43600   4140
43610   4140
43620   4140
43630   4140
43640   4140
43650   4140
43660   4140
43670   4140
43680   4140
43690   4140
43700   4140
43710   4140
43720   4140
43730   4140
43740   4140
43750   4140
43760   4140
43770   4140
43780   4140
43790   4140
43800   4140
43810   4140
43820   4140
43830   4140
43840   4140
43850   4140
43860   4140
43870   4140
43880   4140
43890   4140
43900   4140
43910   4140
43920   4140
43930   4140
43940   4140
43950   4140
43960   4140
43970   4140
43980   4140
43990   4140
44000   4140
44010   4140
44020   4140
44030   4140
44040   4140
44050   4140
44060   4140
44070   4140
44080   4140
44090   4140
44100   4140
44110   4140
44120   4140
44130   4140
44140   4140
44150   4140
44160   4140
44170   4140
44180   4140
44190   4140
44200   4140
44210   4140
44220   4140
44230   4140
44240   4140
44250   4140
44260   4140
44270   4140
44280   4140
44290   4140
44300   4140
44310   4140
44320   4140
44330   4140
44340   4140
44350   4140
44360   4140
44370   4140
44380   4140
44390   4140
44400   4140
44410   4140
44420   4140
44430   4140
44440   4140
44450   4140
44460   4140
44470   4140
44480   4140
44490   4140
44500   4140
44510   4140
44520   4140
44530   4140
44540   4140
44550   4140
44560   4140
44570   4140
44580   4140
44590   4140
44600   4140
44610   4140
44620   4140
44630   4140
44640   4140
44650   4140
44660   4140
44670   4140
44680   4140
44690   4140
44700   4140
44710   4140
44720   4140
44730   4140
44740   4140
44750   4140
44760   4140
44770   4140
44780   4140
44790   4140
44800   4140
44810   4140
44820   4140
44830   4140
44840   4140
44850   4140
44860   4140
44870   4140
44880   4140
44890   4140
44900   4140
44910   4140
44920   4140
44930   4140
44940   4140
44950   4140
44960   4140
44970   4140
44980   4140
44990   4140
45000   4140
45010   4140
45020   4140
45030   4140
45040   4140
45050   4140
45060   4140
45070   4140
45080   4140
45090   4140
45100   4140
45110   4140
45120   4140
45130   4140
45140   4140
45150   4140
45160   4140
45170   4140
45180   4140
45190   4140
45200   4140
45210   4140
45220   4140
45230   4140
45240   4140
45250   4140
45260   4140
45270   4140
45280   4140
45290   4140
45300   4140
45310   4140
45320   4140
45330   4140
45340   4140
45350   4140
45360   4140
45370   4140
45380   4140
45390   4140
45400   4140
45410   4140
45420   4140
45430   4140
45440   4140
45450   4140
45460   4140
45470   4140
45480   4140
45490   4140
45500   4140
45510   4140
45520   4140
45530   4140
45540   4140
45550   4140
45560   4140
45570   4140
45580   4140
45590   4140
45600   4140
45610   4140
45620   4140
45630   4140
45640   4140
45650   4140
45660   4140
45670   4140
45680   4140
45690   4140
45700   4140
45710   4140
45720   4140
45730   4140
45740   4140
45750   4140
45760   4140
45770   4140
45780   4140
45790   4140
45800   4140
45810   4140
45820   4140
45830   4140
45840   4140
45850   4140
45860   4140
45870   4140
45880   4140
45890   4140
45900   4140
45910   4140
45920   4140
45930   4140
45940   4140
45950   4140
45960   4140
45970   4140
45980   4140
45990   4140
46000   4140
46010   4140
46020   4140
46030   4140
46040   4140
46050   4140
46060   4140
46070   4140
46080   4140
46090   4140
46100   4140
46110   4140
46120   4140
46130   4140
46140   4140
46150   4140
46160   4140
46170   4140
46180   4140
46190   4140
46200   4140
46210   4140
46220   4140
46230   4140
46240   4140
46250   4140
46260   4140
46270   4140
46280   4140
46290   4140
46300   4140
46310   4140
46320   4140
46330   4140
46340   4140
46350   4140
46360   4140
46370   4140
46380   4140
46390   4140
46400   4140
46410   4140
46420   4140
46430   4140
46440   4140
46450   4140
46460   4140
46470   4140
46480   4140
46490   4140
46500   4140
46510   4140
46520   4140
46530   4140
46540   4140
46550   4140
46560   4140
46570   4140
46580   4140
46590   4140
46600   4140
46610   4140
46620   4140
46630   4140
46640   4140
46650   4140
46660   4140
46670   4140
46680   4140
46690   4140
46700   4140
46710   4140
46720   4140
46730   4140
46740   4140
46750   4140
46760   4140
46770   4140
46780   4140
46790   4140
46800   4140
46810   4140
46820   4140
46830   4140
46840   4140
46850   4140
46860   4140
46870   4140
46880   4140
46890   4140
46900   4140
46910   4140
46920   4140
46930   4140
46940   4140
46950   4140
46960   4140
46970   4140
46980   4140
46990   4140
47000   4140
47010   4140
47020   4140
47030   4140
47040   4140
47050   4140
47060   4140
47070   4140
47080   4140
47090   4140
47100   4140
47110   4140
47120   4140
47130   4140
47140   4140
47150   4140
47160   4140
47170   4140
47180   4140
47190   4140
47200   4140
47210   4140
47220   4140
47230   4140
47240   4140
47250   4140
47260   4140
47270   4140
47280   4140
47290   4140
47300   4140
47310   4140
47320   4140
47330   4140
47340   4140
47350   4140
47360   4140
47370   4140
47380   4140
47390   4140
47400   4140
47410   4140
47420   4140
47430   4140
47440   4140
47450   4140
47460   4140
47470   4140
47480   4140
47490   4140
47500   4140
47510   4140
47520   4140
47530   4140
47540   4140
47550   4140
47560   4140
47570   4140
47580   4140
47590   4140
47600   4140
47610   4140
47620   4140
47630   4140
47640   4140
47650   4140
47660   4140
47670   4140
47680   4140
47690   4140
47700   4140
47710   4140
47720   4140
47730   4140
47740   4140
47750   4140
47760   4140
47770   4140
47780   4140
47790   4140
47800   4140
47810   4140
47820   4140
47830   4140
47840   4140
47850   4140
47860   4140
47870   4140
47880   4140
47890   4140
47900   4140
47910   4140
47920   4140
47930   4140
47940   4140
47950   4140
47960   4140
47970   4140
47980   4140
47990   4140
48000   4140
48010   4140
48020   4140
48030   4140
48040   4140
48050   4140
48060   4140
48070   4140
48080   4140
48090   4140
48100   4140
48110   4140
48120   4140
48130   4140
48140   4140
48150   4140
48160   4140
48170   4140
48180   4140
48190   4140
48200   4140
48210   4140
48220   4140
48230   4140
48240   4140
48250   4140
48260   4140
48270   4140
48280   4140
48290   4140
48300   4140
48310   4140
48320   4140
48330   4140
48340   4140
48350   4140
48360   4140
48370   4140
48380   4140
48390   4140
48400   4140
48410   4140
48420   4140
48430   4140
48440   4140
48450   4140
48460   4140
48470   4140
48480   4140
48490   4140
48500   4140
48510   4140
48520   4140
48530   4140
48540   4140
48550   4140
48560   4140
48570   4140
48580   4140
48590   4140
48600   4140
48610   4140
48620   4140
48630   4140
48640   4140
48650   4140
48660   4140
48670   4140
48680   4140
48690   4140
48700   4140
48710   4140
48720   4140
48730   4140
48740   4140
48750   4140
48760   4140
48770   4140
48780   4140
48790   4140
48800   4140
48810   4140
48820   4140
48830   4140
48840   4140
48850   4140
48860   4140
48870   4140
48880   4140
48890   4140
48900   4140
48910   4140
48920   4140
48930   4140
48940   4140
48950   4140
48960   4140
48970   4140
48980   4140
48990   4140
49000   4140
49010   4140
49020   4140
49030   4140
49040   4140
49050   4140
49060   4140
49070   4140
49080   4140
49090   4140
49100   4140
49110   4140
49120   4140
49130   4140
49140   4140
49150   4140
49160   4140
49170   4140
49180   4140
49190   4140
49200   4140
49210   4140
49220   4140
49230   4140
49240   4140
49250   4140
49260   4140
49270   4140
49280   4140
49290   4140
49300   4140
49310   4140
49320   4140
49330   4140
49340   4140
49350   4140
49360   4140
49370   4140
49380   4140
49390   4140
49400   4140
49410   4140
49420   4140
49430   4140
49440   4140
49450   4140
49460   4140
49470   4140
49480   4140
49490   4140
49500   4140
49510   4140
49520   4140
49530   4140
49540   4140
49550   4140
49560   4140
49570   4140
49580   4140
49590   4140
49600   4140
49610   4140
49620   4140
49630   4140
49640   4140
49650   4140
49660   4140
49670   4140
49680   4140
49690   4140
49700   4140
49710   4140
49720   4140
49730   4140
49740   4140
49750   4140
49760   4140
49770   4140
49780   4140
49790   4140
49800   4140
49810   4140
49820   4140
49830   4140
49840   4140
49850   4140
49860   4140
49870   4140
49880   4140
49890   4140
49900   4140
49910   4140
49920   4140
49930   4140
49940   4140
49950   4140
49960   4140
49970   4140
49980   4140
49990   4140
50000   4140
50010   4140
50020   4140
50030   4140
50040   4140
50050   4140
50060   4140
50070   4140
50080   4140
50090   4140
50100   4140
50110   4140
50120   4140
50130   4140
50140   4140
50150   4140
50160   4140
50170   4140
50180   4140
50190   4140
50200   4140
50210   4140
50220   4140
50230   4140
50240   4140
50250   4140
50260   4140
50270   4140
50280   4140
50290   4140
50300   4140
50310   4140
50320   4140
50330   4140
50340   4140
50350   4140
50360   4140
50370   4140
50380   4140
50390   4140
50400   4140
50410   4140
50420   4140
50430   4140
50440   4140
50450   4140
50460   4140
50470   4140
50480   4140
50490   4140
50500   4140
50510   4140
50520   4140
50530   4140
50540   4140
50550   4140
50560   4140
50570   4140
50580   4140
50590   4140
50600   4140
50610   4140
50620   4140
50630   4140
50640   4140
50650   4140
50660   4140
50670   4140
50680   4140
50690   4140
50700   4140
50710   4140
50720   4140
50730   4140
50740   4140
50750   4140
50760   4140
50770   4140
50780   4140
50790   4140
50800   4140
50810   4140
50820   4140
50830   4140
50840   4140
50850   4140
50860   4140
50870   4140
50880   4140
50890   4140
50900   4140
50910   4140
50920   4140
50930   4140
50940   4140
50950   4140
50960   4140
50970   4140
50980   4140
50990   4140
51000   4140
51010   4140
51020   4140
51030   4140
51040   4140
51050   4140
51060   4140
51070   4140
51080   4140
51090   4140
51100   4140
51110   4140
51120   4140
51130   4140
51140   4140
51150   4140
51160   4140
51170   4140
51180   4140
51190   4140
51200   4140
51210   4140
51220   4140
51230   4140
51240   4140
51250   4140
51260   4140
51270   4140
51280   4140
51290   4140
51300   4140
51310   4140
51320   4140
51330   4140
51340   4140
51350   4140
51360   4140
51370   4140
51380   4140
51390   4140
51400   4140
51410   4140
51420   4140
51430   4140
51440   4140
51450   4140
51460   4140
51470   4140
51480   4140
51490   4140
51500   4140
51510   4140
51520   4140
51530   4140
51540   4140
51550   4140
51560   4140
51570   4140
51580   4140
51590   4140
51600   4140
51610   4140
51620   4140
51630   4140
51640   4140
51650   4140
51660   4140
51670   4140
51680   4140
51690   4140
51700   4140
51710   4140
51720   4140
51730   4140
51740   4140
51750   4140
51760   4140
51770   4140
51780   4140
51790   4140
51800   4140
51810   4140
51820   4140
51830   4140
51840   4140
51850   4140
51860   4140
51870   4140
51880   4140
51890   4140
51900   4140
51910   4140
51920   4140
51930   4140
51940   4140
51950   4140
51960   4140
51970   4140
51980   4140
51990   4140
52000   4140
52010   4140
52020   4140
52030   4140
52040   4140
52050   4140
52060   4140
52070   4140
52080   4140
52090   4140
52100   4140
52110   4140
52120   4140
52130   4140
52140   4140
52150   4140
52160   4140
52170   4140
52180   4140
52190   4140
52200   4140
52210   4140
52220   4140
52230   4140
52240   4140
52250   4140
52260   4140
52270   4140
52280   4140
52290   4140
52300   4140
52310   4140
52320   4140
52330   4140
52340   4140
52350   4140
52360   4140
52370   4140
52380   4140
52390   4140
52400   4140
52410   4140
52420   4140
52430   4140
52440   4140
52450   4140
52460   4140
52470   4140
52480   4140
52490   4140
52500   4140
52510   4140
52520   4140
52530   4140
52540   4140
52550   4140
52560   4140
52570   4140
52580   4140
52590   4140
52600   4140
52610   4140
52620   4140
52630   4140
52640   4140
52650   4140
52660   4140
52670   4140
52680   4140
52690   4140
52700   4140
52710   4140
52720   4140
52730   4140
52740   4140
52750   4140
52760   4140
52770   4140
52780   4140
52790   4140
52800   4140
52810   4140
52820   4140
52830   4140
52840   4140
52850   4140
52860   4140
52870   4140
52880   4140
52890   4140
52900   4140
52910   4140
52920   4140
52930   4140
52940   4140
52950   4140
52960   4140
52970   4140
52980   4140
52990   4140
53000   4140
53010   4140
53020   4140
53030   4140
53040   4140
53050   4140
53060   4140
53070   4140
53080   4140
53090   4140
53100   4140
53110   4140
53120   4140
53130   4140
53140   4140
53150   4140
53160   4140
53170   4140
53180   4140
53190   4140
53200   4140
53210   4140
53220   4140
53230   4140
53240   4140
53250   4140
53260   4140
53270   4140
53280   4140
53290   4140
53300   4140
53310   4140
53320   4140
53330   4140
53340   4140
53350   4140
53360   4140
53370   4140
53380   4140
53390   4140
53400   4140
53410   4140
53420   4140
53430   4140
53440   4140
53450   4140
53460   4140
53470   4140
53480   4140
53490   4140
53500   4140
53510   4140
53520   4140
53530   4140
53540   4140
53550   4140
53560   4140
53570   4140
53580   4140
53590   4140
53600   4140
53610   4140
53620   4140
53630   4140
53640   4140
53650   4140
53660   4140
53670   4140
53680   4140
53690   4140
53700   4140
53710   4140
53720   4140
53730   4140
53740   4140
53750   4140
53760   4140
53770   4140
53780   4140
53790   4140
53800   4140
53810   4140
53820   4140
53830   4140
53840   4140
53850   4140
53860   4140
53870   4140
53880   4140
53890   4140
53900   4140
53910   4140
53920   4140
53930   4140
53940   4140
53950   4140
53960   4140
53970   4140
53980   4140
53990   4140
54000   4140
54010   4140
54020   4140
54030   4140
54040   4140
54050   4140
54060   4140
54070   4140
54080   4140
54090   4140
54100   4140
54110   4140
54120   4140
54130   4140
54140   4140
54150   4140
54160   4140
54170   4140
54180   4140
54190   4140
54200   4140
54210   4140
54220   4140
54230   4140
54240   4140
54250   4140
54260   4140
54270   4140
54280   4140
54290   4140
54300   4140
54310   4140
54320   4140
54330   4140
54340   4140
54350   4140
54360   4140
54370   4140
54380   4140
54390   4140
54400   4140
54410   4140
54420   4140
54430   4140
54440   4140
54450   4140
54460   4140
54470   4140
54480   4140
54490   4140
54500   4140
54510   4140
54520   4140
54530   4140
54540   4140
54550   4140
54560   4140
54570   4140
54580   4140
54590   4140
54600   4140
54610   4140
54620   4140
54630   4140
54640   4140
54650   4140
54660   4140
54670   4140
54680   4140
54690   4140
54700   4140
54710   4140
54720   4140
54730   4140
54740   4140
54750   4140
54760   4140
54770   4140
54780   4140
54790   4140
54800   4140
54810   4140
54820   4140
54830   4140
54840   4140
54850   4140
54860   4140
54870   4140
54880   4140
54890   4140
54900   4140
54910   4140
54920   4140
54930   4140
54940   4140
54950   4140
54960   4140
54970   4140
54980   4140
54990   4140
55000   4140
55010   4140
55020   4140
55030   4140
55040   4140
55050   4140
55060   4140
55070   4140
55080   4140
55090   4140
55100   4140
55110   4140
55120   4140
55130   4140
55140   4140
55150   4140
55160   4140
55170   4140
55180   4140
55190   4140
55200   4140
55210   4140
55220   4140
55230   4140
55240   4140
55250   4140
55260   4140
55270   4140
55280   4140
55290   4140
55300   4140
55310   4140
55320   4140
55330   4140
55340   4140
55350   4140
55360   4140
55370   4140
55380   4140
55390   4140
55400   4140
55410   4140
55420   4140
55430   4140
55440   4140
55450   4140
55460   4140
55470   4140
55480   4140
55490   4140
55500   4140
55510   4140
55520   4140
55530   4140
55540   4140
55550   4140
55560   4140
55570   4140
55580   4140
55590   4140
55600   4140
55610   4140
55620   4140
55630   4140
55640   4140
55650   4140
55660   4140
55670   4140
55680   4140
55690   4140
55700   4140
55710   4140
55720   4140
55730   4140
55740   4140
55750   4140
55760   4140
55770   4140
55780   4140
55790   4140
55800   4140
55810   4140
55820   4140
55830   4140
55840   4140
55850   4140
55860   4140
55870   4140
55880   4140
55890   4140
55900   4140
55910   4140
55920   4140
55930   4140
55940   4140
55950   4140
55960   4140
55970   4140
55980   4140
55990   4140
56000   4140
56010   4140
56020   4140
56030   4140
56040   4140
56050   4140
56060   4140
56070   4140
56080   4140
56090   4140
56100   4140
56110   4140
56120   4140
56130   4140
56140   4140
56150   4140
56160   4140
56170   4140
56180   4140
56190   4140
56200   4140
56210   4140
56220   4140
56230   4140
56240   4140
56250   4140
56260   4140
56270   4140
56280   4140
56290   4140
56300   4140
56310   4140
56320   4140
56330   4140
56340   4140
56350   4140
56360   4140
56370   4140
56380   4140
56390   4140
56400   4140
56410   4140
56420   4140
56430   4140
56440   4140
56450   4140
56460   4140
56470   4140
56480   4140
56490   4140
56500   4140
56510   4140
56520   4140
56530   4140
56540   4140
56550   4140
56560   4140
56570   4140
56580   4140
56590   4140
56600   4140
56610   4140
56620   4140
56630   4140
56640   4140
56650   4140
56660   4140
56670   4140
56680   4140
56690   4140
56700   4140
56710   4140
56720   4140
56730   4140
56740   4140
56750   4140
56760   4140
56770   4140
56780   4140
56790   4140
56800   4140
56810   4140
56820   4140
56830   4140
56840   4140
56850   4140
56860   4140
56870   4140
56880   4140
56890   4140
56900   4140
56910   4140
56920   4140
56930   4140
56940   4140
56950   4140
56960   4140
56970   4140
56980   4140
56990   4140
57000   4140
57010   4140
57020   4140
57030   4140
57040   4140
57050   4140
57060   4140
57070   4140
57080   4140
57090   4140
57100   4140
57110   4140
57120   4140
57130   4140
57140   4140
57150   4140
57160   4140
57170   4140
57180   4140
57190   4140
57200   4140
57210   4140
57220   4140
57230   4140
57240   4140
57250   4140
57260   4140
57270   4140
57280   4140
57290   4140
57300   4140
57310   4140
57320   4140
57330   4140
57340   4140
57350   4140
57360   4140
57370   4140
57380   4140
57390   4140
57400   4140
57410   4140
57420   4140
57430   4140
57440   4140
57450   4140
57460   4140
57470   4140
57480   4140
57490   4140
57500   4140
57510   4140
57520   4140
57530   4140
57540   4140
57550   4140
57560   4140
57570   4140
57580   4140
57590   4140
57600   4140
57610   4140
57620   4140
57630   4140
57640   4140
57650   4140
57660   4140
57670   4140
57680   4140
57690   4140
57700   4140
57710   4140
57720   4140
57730   4140
57740   4140
57750   4140
57760   4140
57770   4140
57780   4140
57790   4140
57800   4140
57810   4140
57820   4140
57830   4140
57840   4140
57850   4140
57860   4140
57870   4140
57880   4140
57890   4140
57900   4140
57910   4140
57920   4140
57930   4140
57940   4140
57950   4140
57960   4140
57970   4140
57980   4140
57990   4140
58000   4140
58010   4140
58020   4140
58030   4140
58040   4140
58050   4140
58060   4140
58070   4140
58080   4140
58090   4140
58100   4140
58110   4140
58120   4140
58130   4140
58140   4140
58150   4140
58160   4140
58170   4140
58180   4140
58190   4140
58200   4140
58210   4140
58220   4140
58230   4140
58240   4140
58250   4140
58260   4140
58270   4140
58280   4140
58290   4140
58300   4140
58310   4140
58320   4140
58330   4140
58340   4140
58350   4140
58360   4140
58370   4140
58380   4140
58390   4140
58400   4140
58410   4140
58420   4140
58430   4140
58440   4140
58450   4140
58460   4140
58470   4140
58480   4140
58490   4140
58500   4140
58510   4140
58520   4140
58530   4140
58540   4140
58550   4140
58560   4140
58570   4140
58580   4140
58590   4140
58600   4140
58610   4140
58620   4140
58630   4140
58640   4140
58650   4140
58660   4140
58670   4140
58680   4140
58690   4140
58700   4140
58710   4140
58720   4140
58730   4140
58740   4140
58750   4140
58760   4140
58770   4140
58780   4140
58790   4140
58800   4140
58810   4140
58820   4140
58830   4140
58840   4140
58850   4140
58860   4140
58870   4140
58880   4140
58890   4140
58900   4140
58910   4140
58920   4140
58930   4140
58940   4140
58950   4140
58960   4140
58970   4140
58980   4140
58990   4140
59000   4140
59010   4140
59020   4140
59030   4140
59040   4140
59050   4140
59060   4140
59070   4140
59080   4140
59090   4140
59100   4140
59110   4140
59120   4140
59130   4140
59140   4140
59150   4140
59160   4140
59170   4140
59180   4140
59190   4140
59200   4140
59210   4140
59220   4140
59230   4140
59240   4140
59250   4140
59260   4140
59270   4140
59280   4140
59290   4140
59300   4140
59310   4140
59320   4140
59330   4140
59340   4140
59350   4140
59360   4140
59370   4140
59380   4140
59390   4140
59400   4140
59410   4140
59420   4140
59430   4140
59440   4140
59450   4140
59460   4140
59470   4140
59480   4140
59490   4140
59500   4140
59510   4140
59520   4140
59530   4140
59540   4140
59550   4140
59560   4140
59570   4140
59580   4140
59590   4140
59600   4140
59610   4140
59620   4140
59630   4140
59640   4140
59650   4140
59660   4140
59670   4140
59680   4140
59690   4140
59700   4140
59710   4140
59720   4140
59730   4140
59740   4140
59750   4140
59760   4140
59770   4140
59780   4140
59790   4140
59800   4140
59810   4140
59820   4140
59830   4140
59840   4140
59850   4140
59860   4140
59870   4140
59880   4140
59890   4140
59900   4140
59910   4140
59920   4140
59930   4140
59940   4140
59950   4140
59960   4140
59970   4140
59980   4140
59990   4140
60000   4140
60010   4140
60020   4140
60030   4140
60040   4140
60050   4140
60060   4140
60070   4140
60080   4140
60090   4140
60100   4140
60110   4140
60120   4140
60130   4140
60140   4140
60150   4140
60160   4140
60170   4140
60180   4140
60190   4140
60200   4140
60210   4140
60220   4140
60230   4140
60240   4140
60250   4140
60260   4140
60270   4140
60280   4140
60290   4140
60300   4140
60310   4140
60320   4140
60330   4140
60340   4140
60350   4140
60360   4140
60370   4140
60380   4140
60390   4140
60400   4140
60410   4140
60420   4140
60430   4140
60440   4140
60450   4140
60460   4140
60470   4140
60480   4140
60490   4140
60500   4140
60510   4140
60520   4140
60530   4140
60540   4140
60550   4140
60560   4140
60570   4140
60580   4140
60590   4140
60600   4140
60610   4140
60620   4140
60630   4140
60640   4140
60650   4140
60660   4140
60670   4140
60680   4140
60690   4140
60700   4140
60710   4140
60720   4140
60730   4140
60740   4140
60750   4140
60760   4140
60770   4140
60780   4140
60790   4140
60800   4140
60810   4140
60820   4140
60830   4140
60840   4140
60850   4140
60860   4140
60870   4140
60880   4140
60890   4140
60900   4140
60910   4140
60920   4140
60930   4140
60940   4140
60950   4140
60960   4140
60970   4140
60980   4140
60990   4140
61000   4140
61010   4140
61020   4140
61030   4140
61040   4140
61050   4140
61060   4140
61070   4140
61080   4140
61090   4140
61100   4140
61110   4140
61120   4140
61130   4140
61140   4140
61150   4140
61160   4140
61170   4140
61180   4140
61190   4140
61200   4140
61210   4140
61220   4140
61230   4140
61240   4140
61250   4140
61260   4140
61270   4140
61280   4140
61290   4140
61300   4140
61310   4140
61320   4140
61330   4140
61340   4140
61350   4140
61360   4140
61370   4140
61380   4140
61390   4140
61400   4140
61410   4140
61420   4140
61430   4140
61440   4140
61450   4140
61460   4140
61470   4140
61480   4140
61490   4140
61500   4140
61510   4140
61520   4140
61530   4140
61540   4140
61550   4140
61560   4140
61570   4140
61580   4140
61590   4140
61600   4140
61610   4140
61620   4140
61630   4140
61640   4140
61650   4140
61660   4140
61670   4140
61680   4140
61690   4140
61700   4140
61710   4140
61720   4140
61730   4140
61740   4140
61750   4140
61760   4140
61770   4140
61780   4140
61790   4140
61800   4140
61810   4140
61820   4140
61830   4140
61840   4140
61850   4140
61860   4140
61870   4140
61880   4140
61890   4140
61900   4140
61910   4140
61920   4140
61930   4140
61940   4140
61950   4140
61960   4140
61970   4140
61980   4140
61990   4140
62000   4140
62010   4140
62020   4140
62030   4140
62040   4140
62050   4140
62060   4140
62070   4140
62080   4140
62090   4140
62100   4140
62110   4140
62120   4140
62130   4140
62140   4140
62150   4140
62160   4140
62170   4140
62180   4140
62190   4140
62200   4140
62210   4140
62220   4140
62230   4140
62240   4140
62250   4140
62260   4140
62270   4140
62280   4140
62290   4140
62300   4140
62310   4140
62320   4140
62330   4140
62340   4140
62350   4140
62360   4140
62370   4140
62380   4140
62390   4140
62400   4140
62410   4140
62420   4140
62430   4140
62440   4140
62450   4140
62460   4140
62470   4140
62480   4140
62490   4140
62500   4140
62510   4140
62520   4140
62530   4140
62540   4140
62550   4140
62560   4140
62570   4140
62580   4140
62590   4140
62600   4140
62610   4140
62620   4140
62630   4140
62640   4140
62650   4140
62660   4140
62670   4140
62680   4140
62690   4140
62700   4140
62710   4140
62720   4140
62730   4140
62740   4140
62750   4140
62760   4140
62770   4140
62780   4140
62790   4140
62800   4140
62810   4140
62820   4140
62830   4140
62840   4140
62850   4140
62860   4140
62870   4140
62880   4140
62890   4140
62900   4140
62910   4140
62920   4140
62930   4140
62940   4140
62950   4140
62960   4140
62970   4140
62980   4140
62990   4140
63000   4140
63010   4140
63020   4140
63030   4140
63040   4140
63050   4140
63060   4140
63070   4140
63080   4140
63090   4140
63100   4140
63110   4140
63120   4140
63130   4140
63140   4140
63150   4140
63160   4140
63170   4140
63180   4140
63190   4140
63200   4140
63210   4140
63220   4140
63230   4140
63240   4140
63250   4140
63260   4140
63270   4140
63280   4140
63290   4140
63300   4140
63310   4140
63320   4140
63330   4140
63340   4140
63350   4140
63360   4140
63370   4140
63380   4140
63390   4140
63400   4140
63410   4140
63420   4140
63430   4140
63440   4140
63450   4140
63460   4140
63470   4140
63480   4140
63490   4140
63500   4140
63510   4140
63520   4140
63530   4140
63540   4140
63550   4140
63560   4140
63570   4140
63580   4140
63590   4140
63600   4140
63610   4140
63620   4140
63630   4140
63640   4140
63650   4140
63660   4140
63670   4140
63680   4140
63690   4140
63700   4140
63710   4140
63720   4140
63730   4140
63740   4140
63750   4140
63760   4140
63770   4140
63780   4140
63790   4140
63800   4140
63810   4140
63820   4140
63830   4140
63840   4140
63850   4140
63860   4140
63870   4140
63880   4140
63890   4140
63900   4140
63910   4140
63920   4140
63930   4140
63940   4140
63950   4140
63960   4140
63970   4140
63980   4140
63990   4140
64000   4140
64010   4140
64020   4140
64030   4140
64040   4140
64050   4140
64060   4140
64070   4140
64080   4140
64090   4140
64100   4140
64110   4140
64120   4140
64130   4140
64140   4140
64150   4140
64160   4140
64170   4140
64180   4140
64190   4140
64200   4140
64210   4140
64220   4140
64230   4140
64240   4140
64250   4140
64260   4140
64270   4140
64280   4140
64290   4140
64300   4140
64310   4140
64320   4140
64330   4140
64340   4140
64350   4140
64360   4140
64370   4140
64380   4140
64390   4140
