10   2280
20   2280
30   2070
40   2070
50   2070
60   2006
70   2006
80   2006
90   2006
100   2006
110   2006
120   2006
130   1972
140   1972
150   1972
160   1972
170   1972
180   1972
190   1972
200   1972
210   1972
220   1972
230   1972
240   1972
250   1972
260   1972
270   1972
280   1972
290   1972
300   1972
310   1972
320   1972
330   1972
340   1972
350   1972
360   1972
370   1972
380   1972
390   1972
400   1972
410   1972
420   1972
430   1776
440   1776
450   1776
460   1776
470   1776
480   1776
490   1776
500   1776
510   1776
520   1776
530   1776
540   1776
550   1776
560   1776
570   1776
580   1776
590   1776
600   1776
610   1776
620   1776
630   1776
640   1776
650   1776
660   1776
670   1776
680   1776
690   1776
700   1776
710   1776
720   1776
730   1776
740   1776
750   1776
760   1776
770   1776
780   1776
790   1776
800   1776
810   1776
820   1776
830   1776
840   1776
850   1776
860   1776
870   1776
880   1776
890   1776
900   1776
910   1776
920   1776
930   1776
940   1776
950   1776
960   1776
970   1776
980   1776
990   1776
1000   1776
1010   1776
1020   1776
1030   1776
1040   1776
1050   1776
1060   1776
1070   1776
1080   1776
1090   1776
1100   1776
1110   1776
1120   1776
1130   1776
1140   1776
1150   1776
1160   1776
1170   1776
1180   1776
1190   1776
1200   1776
1210   1776
1220   1776
1230   1776
1240   1776
1250   1776
1260   1776
1270   1776
1280   1776
1290   1776
1300   1776
1310   1776
1320   1776
1330   1776
1340   1776
1350   1776
1360   1776
1370   1776
1380   1776
1390   1776
1400   1776
1410   1776
1420   1776
1430   1776
1440   1776
1450   1776
1460   1776
1470   1756
1480   1756
1490   1756
1500   1756
1510   1756
1520   1756
1530   1756
1540   1756
1550   1756
1560   1756
1570   1756
1580   1756
1590   1756
1600   1756
1610   1756
1620   1756
1630   1756
1640   1756
1650   1756
1660   1756
1670   1756
1680   1756
1690   1756
1700   1756
1710   1756
1720   1756
1730   1756
1740   1756
1750   1756
1760   1756
1770   1756
1780   1756
1790   1756
1800   1756
1810   1756
1820   1756
1830   1756
1840   1756
1850   1756
1860   1756
1870   1756
1880   1756
1890   1756
1900   1756
1910   1756
1920   1756
1930   1756
1940   1756
1950   1756
1960   1756
1970   1756
1980   1756
1990   1756
2000   1756
2010   1756
2020   1756
2030   1756
2040   1756
2050   1756
2060   1756
2070   1756
2080   1756
2090   1756
2100   1756
2110   1756
2120   1756
2130   1756
2140   1756
2150   1756
2160   1756
2170   1756
2180   1756
2190   1756
2200   1756
2210   1756
2220   1756
2230   1756
2240   1756
2250   1756
2260   1756
2270   1756
2280   1756
2290   1756
2300   1756
2310   1756
2320   1756
2330   1756
2340   1756
2350   1756
2360   1756
2370   1756
2380   1756
2390   1756
2400   1756
2410   1756
2420   1756
2430   1756
2440   1756
2450   1756
2460   1756
2470   1756
2480   1756
2490   1756
2500   1756
2510   1756
2520   1756
2530   1756
2540   1756
2550   1756
2560   1756
2570   1756
2580   1756
2590   1756
2600   1756
2610   1756
2620   1756
2630   1756
2640   1756
2650   1756
2660   1756
2670   1756
2680   1756
2690   1756
2700   1756
2710   1756
2720   1756
2730   1756
2740   1756
2750   1756
2760   1756
2770   1756
2780   1756
2790   1756
2800   1756
2810   1756
2820   1756
2830   1756
2840   1756
2850   1756
2860   1756
2870   1756
2880   1756
2890   1756
2900   1756
2910   1756
2920   1756
2930   1756
2940   1756
2950   1756
2960   1756
2970   1756
2980   1756
2990   1756
3000   1756
3010   1756
3020   1756
3030   1756
3040   1756
3050   1756
3060   1756
3070   1756
3080   1756
3090   1756
3100   1756
3110   1756
3120   1756
3130   1756
3140   1756
3150   1756
3160   1756
3170   1756
3180   1756
3190   1756
3200   1756
3210   1756
3220   1756
3230   1756
3240   1756
3250   1756
3260   1756
3270   1756
3280   1756
3290   1756
3300   1756
3310   1756
3320   1756
3330   1756
3340   1756
3350   1756
3360   1756
3370   1756
3380   1756
3390   1756
3400   1756
3410   1756
3420   1756
3430   1756
3440   1756
3450   1756
3460   1756
3470   1756
3480   1756
3490   1756
3500   1756
3510   1756
3520   1756
3530   1756
3540   1756
3550   1756
3560   1756
3570   1756
3580   1756
3590   1756
3600   1756
3610   1756
3620   1756
3630   1756
3640   1756
3650   1756
3660   1756
3670   1756
3680   1756
3690   1756
3700   1756
3710   1756
3720   1756
3730   1756
3740   1756
3750   1756
3760   1756
3770   1756
3780   1756
3790   1756
3800   1756
3810   1756
3820   1756
3830   1756
3840   1756
3850   1756
3860   1756
3870   1756
3880   1756
3890   1756
3900   1756
3910   1756
3920   1756
3930   1756
3940   1756
3950   1756
3960   1756
3970   1756
3980   1756
3990   1756
4000   1756
4010   1756
4020   1756
4030   1756
4040   1756
4050   1756
4060   1756
4070   1756
4080   1756
4090   1756
4100   1756
4110   1756
4120   1756
4130   1756
4140   1756
4150   1756
4160   1756
4170   1756
4180   1756
4190   1756
4200   1756
4210   1756
4220   1756
4230   1756
4240   1756
4250   1756
4260   1756
4270   1756
4280   1756
4290   1756
4300   1756
4310   1756
4320   1756
4330   1756
4340   1756
4350   1756
4360   1756
4370   1756
4380   1756
4390   1756
4400   1756
4410   1756
4420   1756
4430   1756
4440   1756
4450   1756
4460   1756
4470   1756
4480   1756
4490   1756
4500   1756
4510   1756
4520   1756
4530   1756
4540   1756
4550   1756
4560   1756
4570   1756
4580   1756
4590   1756
4600   1756
4610   1756
4620   1756
4630   1756
4640   1756
4650   1756
4660   1756
4670   1756
4680   1756
4690   1756
4700   1756
4710   1756
4720   1756
4730   1756
4740   1756
4750   1756
4760   1756
4770   1756
4780   1756
4790   1756
4800   1756
4810   1756
4820   1756
4830   1756
4840   1756
4850   1756
4860   1756
4870   1756
4880   1756
4890   1756
4900   1756
4910   1756
4920   1756
4930   1756
4940   1756
4950   1756
4960   1756
4970   1756
4980   1756
4990   1756
5000   1756
5010   1756
5020   1756
5030   1756
5040   1756
5050   1756
5060   1756
5070   1756
5080   1756
5090   1756
5100   1756
5110   1756
5120   1756
5130   1756
5140   1756
5150   1756
5160   1756
5170   1756
5180   1756
5190   1756
5200   1756
5210   1756
5220   1756
5230   1756
5240   1756
5250   1756
5260   1756
5270   1756
5280   1756
5290   1756
5300   1756
5310   1756
5320   1756
5330   1756
5340   1756
5350   1756
5360   1756
5370   1756
5380   1756
5390   1756
5400   1756
5410   1756
5420   1756
5430   1756
5440   1756
5450   1756
5460   1756
5470   1756
5480   1756
5490   1756
5500   1756
5510   1756
5520   1756
5530   1756
5540   1756
5550   1756
5560   1756
5570   1756
5580   1756
5590   1756
5600   1756
5610   1756
5620   1756
5630   1756
5640   1756
5650   1756
5660   1756
5670   1756
5680   1756
5690   1756
5700   1756
5710   1756
5720   1756
5730   1756
5740   1756
5750   1756
5760   1756
5770   1756
5780   1756
5790   1756
5800   1756
5810   1718
5820   1718
5830   1718
5840   1718
5850   1718
5860   1718
5870   1718
5880   1718
5890   1718
5900   1718
5910   1718
5920   1718
5930   1718
5940   1718
5950   1718
5960   1718
5970   1718
5980   1718
5990   1718
6000   1718
6010   1718
6020   1718
6030   1718
6040   1718
6050   1718
6060   1718
6070   1718
6080   1718
6090   1718
6100   1718
6110   1718
6120   1718
6130   1718
6140   1718
6150   1718
6160   1718
6170   1718
6180   1718
6190   1718
6200   1718
6210   1718
6220   1718
6230   1718
6240   1718
6250   1718
6260   1718
6270   1718
6280   1718
6290   1718
6300   1718
6310   1718
6320   1718
6330   1718
6340   1718
6350   1718
6360   1718
6370   1718
6380   1718
6390   1718
6400   1718
6410   1718
6420   1718
6430   1718
6440   1718
6450   1718
6460   1718
6470   1718
6480   1718
6490   1718
6500   1718
6510   1718
6520   1718
6530   1718
6540   1718
6550   1718
6560   1718
6570   1718
6580   1718
6590   1718
6600   1718
6610   1718
6620   1718
6630   1718
6640   1718
6650   1718
6660   1718
6670   1718
6680   1718
6690   1718
6700   1718
6710   1718
6720   1718
6730   1718
6740   1718
6750   1718
6760   1718
6770   1718
6780   1718
6790   1718
6800   1718
6810   1718
6820   1718
6830   1718
6840   1718
6850   1718
6860   1718
6870   1718
6880   1718
6890   1718
6900   1718
6910   1718
6920   1718
6930   1718
6940   1718
6950   1718
6960   1718
6970   1718
6980   1718
6990   1718
7000   1718
7010   1718
7020   1718
7030   1718
7040   1718
7050   1718
7060   1718
7070   1718
7080   1718
7090   1718
7100   1718
7110   1718
7120   1718
7130   1718
7140   1718
7150   1718
7160   1718
7170   1718
7180   1718
7190   1718
7200   1718
7210   1718
7220   1718
7230   1718
7240   1718
7250   1718
7260   1718
7270   1718
7280   1718
7290   1718
7300   1718
7310   1718
7320   1718
7330   1718
7340   1718
7350   1718
7360   1718
7370   1718
7380   1718
7390   1718
7400   1718
7410   1718
7420   1718
7430   1718
7440   1718
7450   1718
7460   1718
7470   1718
7480   1718
7490   1718
7500   1718
7510   1718
7520   1718
7530   1718
7540   1718
7550   1718
7560   1718
7570   1718
7580   1718
7590   1718
7600   1718
7610   1718
7620   1718
7630   1718
7640   1718
7650   1718
7660   1718
7670   1718
7680   1718
7690   1718
7700   1718
7710   1718
7720   1718
7730   1718
7740   1718
7750   1718
7760   1718
7770   1718
7780   1718
7790   1718
7800   1718
7810   1718
7820   1718
7830   1718
7840   1718
7850   1718
7860   1718
7870   1718
7880   1718
7890   1718
7900   1718
7910   1718
7920   1718
7930   1718
7940   1718
7950   1718
7960   1718
7970   1718
7980   1718
7990   1718
8000   1718
8010   1718
8020   1718
8030   1718
8040   1718
8050   1718
8060   1718
8070   1718
8080   1718
8090   1718
8100   1718
8110   1718
8120   1718
8130   1718
8140   1718
8150   1718
8160   1718
8170   1718
8180   1718
8190   1718
8200   1718
8210   1718
8220   1718
8230   1718
8240   1718
8250   1718
8260   1718
8270   1718
8280   1718
8290   1718
8300   1718
8310   1718
8320   1718
8330   1718
8340   1718
8350   1718
8360   1718
8370   1718
8380   1718
8390   1718
8400   1718
8410   1718
8420   1718
8430   1718
8440   1718
8450   1718
8460   1718
8470   1718
8480   1718
8490   1718
8500   1718
8510   1718
8520   1718
8530   1718
8540   1718
8550   1718
8560   1718
8570   1718
8580   1718
8590   1718
8600   1718
8610   1718
8620   1718
8630   1718
8640   1718
8650   1718
8660   1718
8670   1718
8680   1718
8690   1718
8700   1718
8710   1718
8720   1718
8730   1718
8740   1718
8750   1718
8760   1718
8770   1718
8780   1718
8790   1718
8800   1718
8810   1718
8820   1718
8830   1718
8840   1718
8850   1718
8860   1718
8870   1718
8880   1718
8890   1718
8900   1718
8910   1718
8920   1718
8930   1718
8940   1718
8950   1718
8960   1718
8970   1718
8980   1718
8990   1718
9000   1718
9010   1718
9020   1718
9030   1718
9040   1718
9050   1718
9060   1718
9070   1718
9080   1718
9090   1718
9100   1718
9110   1718
9120   1718
9130   1718
9140   1718
9150   1718
9160   1718
9170   1718
9180   1718
9190   1718
9200   1718
9210   1718
9220   1718
9230   1718
9240   1718
9250   1718
9260   1718
9270   1718
9280   1718
9290   1718
9300   1718
9310   1718
9320   1718
9330   1718
9340   1718
9350   1718
9360   1718
9370   1718
9380   1718
9390   1718
9400   1718
9410   1718
9420   1718
9430   1718
9440   1718
9450   1718
9460   1718
9470   1718
9480   1718
[ [ 0, 0, 0, 0, 1, 0, 0, 0, 0, 0, 0, 1, 0, 0, 0, 0, 0, 1, 0, 0, 0, 0, 0, 0, 
      0, 0, 0, 0, 0, 1, 1, 1, 1, 1, 1, 0, 0, 0, 1, 0, 1, 0, 0, 0, 0, 0, 0, 0, 
      0, 0, 1, 1, 0, 0, 0, 0, 0, 0, 0, 0, 0, 1, 1, 0, 0, 1, 0, 0, 1, 1, 1, 0, 
      1, 1, 0, 0, 0, 0, 0, 0, 0, 0, 0, 0, 0, 0, 1, 1, 1, 1, 0, 0, 0, 0, 0, 0, 
      1, 0, 1, 0, 0, 0, 0, 0, 0, 0, 0, 0, 1, 0, 0, 0, 1, 1, 0, 0, 0, 0, 0, 0, 
      0, 0, 1, 1, 1, 0, 0, 0, 0, 1, 0, 0, 0, 1, 0, 0, 1, 0, 0, 0, 0, 0, 0, 0, 
      0, 1, 0, 1, 0, 0, 0, 0, 0, 0, 0, 0, 0, 1, 0, 0, 1, 0, 1, 1, 1, 0, 1, 0, 
      0, 1, 0, 0, 0, 1, 0, 1, 0, 0, 0, 0, 1, 1, 0, 0, 0, 0, 1, 1, 0, 0, 0, 0, 
      1, 0, 0, 1, 0, 0, 0, 0, 0, 0, 0, 0, 1, 1, 0, 1, 0, 0, 0, 0, 0, 0, 0, 0, 
      1, 0, 0, 0, 1, 0, 0, 0, 1, 0, 0, 0, 0, 0, 0, 0, 1, 0, 0, 1, 0, 0, 0, 0, 
      0, 0, 0, 1, 0, 0, 0, 0, 1, 0, 0, 0, 0, 0, 0, 0, 1, 0, 0, 1, 0, 1, 0, 0, 
      1, 0, 0, 0, 0, 0, 1, 1, 0, 0, 0, 0, 0, 0, 0, 0, 0, 1, 0, 0, 0, 0, 0, 0, 
      0, 0, 0, 0, 0, 0, 0, 0, 1, 1, 1, 1, 0, 1, 1, 0, 0 ], 0 ]