10   4353
20   3963
30   3675
40   3675
50   3675
60   3464
70   3464
80   3464
90   3464
100   3464
110   3464
120   3464
130   3464
140   3464
150   3464
160   3464
170   3464
180   3464
190   3464
200   3464
210   3325
220   3325
230   3325
240   3325
250   3325
260   3325
270   3325
280   3325
290   3325
300   3325
310   3325
320   3325
330   3325
340   3325
350   3325
360   3325
370   3325
380   3325
390   3317
400   3317
410   3317
420   3317
430   3317
440   3317
450   3317
460   3317
470   3317
480   3317
490   3317
500   3317
510   3317
520   3317
530   3317
540   3317
550   3317
560   3317
570   3317
580   3317
590   3317
600   3317
610   3317
620   3317
630   3317
640   3317
650   3317
660   3317
670   3317
680   3317
690   3317
700   3317
710   3317
720   3317
730   3317
740   3317
750   3317
760   3317
770   3317
780   3317
790   3317
800   3317
810   3317
820   3317
830   3317
840   3317
850   3317
860   3317
870   3317
880   3317
890   3317
900   3317
910   3317
920   3317
930   3317
940   3317
950   3317
960   3317
970   3317
980   3317
990   3317
1000   3317
1010   3317
1020   3317
1030   3317
1040   3317
1050   3317
1060   3317
1070   3317
1080   3317
1090   3317
1100   3317
1110   3317
1120   3317
1130   3317
1140   3317
1150   3317
1160   3317
1170   3317
1180   3317
1190   3317
1200   3317
1210   3317
1220   3317
1230   3317
1240   3317
1250   3317
1260   3317
1270   3317
1280   3317
1290   3317
1300   3317
1310   3317
1320   3275
1330   3275
1340   3275
1350   3275
1360   3275
1370   3275
1380   3275
1390   3275
1400   3275
1410   3240
1420   3240
1430   3240
1440   3240
1450   3240
1460   3240
1470   3240
1480   3240
1490   3240
1500   3240
1510   3240
1520   3240
1530   3240
1540   3240
1550   3240
1560   3240
1570   3240
1580   3240
1590   3240
1600   3240
1610   3240
1620   3240
1630   3240
1640   3240
1650   3240
1660   3240
1670   3240
1680   3240
1690   3240
1700   3240
1710   3240
1720   3240
1730   3240
1740   3240
1750   3240
1760   3240
1770   3240
1780   3240
1790   3240
1800   3240
1810   3240
1820   3240
1830   3240
1840   3240
1850   3240
1860   3240
1870   3240
1880   3240
1890   3240
1900   3240
1910   3240
1920   3240
1930   3240
1940   3240
1950   3240
1960   3240
1970   3240
1980   3240
1990   3240
2000   3240
2010   3240
2020   3240
2030   3240
2040   3240
2050   3240
2060   3240
2070   3240
2080   3240
2090   3240
2100   3240
2110   3240
2120   3240
2130   3240
2140   3240
2150   3240
2160   3240
2170   3240
2180   3240
2190   3240
2200   3240
2210   3240
2220   3240
2230   3240
2240   3240
2250   3240
2260   3240
2270   3240
2280   3240
2290   3240
2300   3240
2310   3240
2320   3240
2330   3240
2340   3240
2350   3240
2360   3240
2370   3240
2380   3240
2390   3240
2400   3240
2410   3240
2420   3240
2430   3240
2440   3240
2450   3240
2460   3240
2470   3240
2480   3240
2490   3240
2500   3240
2510   3240
2520   3240
2530   3240
2540   3240
2550   3240
2560   3240
2570   3240
2580   3240
2590   3240
2600   3240
2610   3240
2620   3240
2630   3240
2640   3240
2650   3240
2660   3240
2670   3240
2680   3240
2690   3240
2700   3240
2710   3240
2720   3240
2730   3240
2740   3240
2750   3240
2760   3240
2770   3240
2780   3240
2790   3240
2800   3240
2810   3240
2820   3240
2830   3240
2840   3240
2850   3240
2860   3240
2870   3240
2880   3240
2890   3240
2900   3240
2910   3240
2920   3240
2930   3240
2940   3240
2950   3240
2960   3240
2970   3240
2980   3240
2990   3240
3000   3240
3010   3240
3020   3240
3030   3240
3040   3240
3050   3240
3060   3240
3070   3240
3080   3240
3090   3240
3100   3240
3110   3240
3120   3240
3130   3240
3140   3240
3150   3240
3160   3240
3170   3240
3180   3240
3190   3240
3200   3240
3210   3240
3220   3240
3230   3240
3240   3240
3250   3240
3260   3240
3270   3240
3280   3240
3290   3240
3300   3240
3310   3240
3320   3240
3330   3240
3340   3240
3350   3240
3360   3240
3370   3240
3380   3240
3390   3240
3400   3240
3410   3240
3420   3240
3430   3240
3440   3240
3450   3240
3460   3240
3470   3240
3480   3240
3490   3240
3500   3240
3510   3240
3520   3240
3530   3240
3540   3240
3550   3240
3560   3240
3570   3240
3580   3240
3590   3240
3600   3240
3610   3240
3620   3240
3630   3240
3640   3240
3650   3240
3660   3240
3670   3240
3680   3240
3690   3240
3700   3240
3710   3240
3720   3240
3730   3240
3740   3240
3750   3240
3760   3240
3770   3240
3780   3240
3790   3240
3800   3240
3810   3240
3820   3240
3830   3240
3840   3240
3850   3240
3860   3240
3870   3240
3880   3240
3890   3240
3900   3240
3910   3240
3920   3240
3930   3240
3940   3240
3950   3240
3960   3240
3970   3240
3980   3240
3990   3240
4000   3240
4010   3240
4020   3240
4030   3240
4040   3240
4050   3240
4060   3240
4070   3240
4080   3240
4090   3240
4100   3240
4110   3240
4120   3240
4130   3240
4140   3240
4150   3240
4160   3240
4170   3240
4180   3240
4190   3240
4200   3240
4210   3240
4220   3240
4230   3240
4240   3240
4250   3240
4260   3240
4270   3240
4280   3240
4290   3240
4300   3240
4310   3240
4320   3240
4330   3240
4340   3240
4350   3240
4360   3240
4370   3240
4380   3240
4390   3240
4400   3240
4410   3240
4420   3240
4430   3240
4440   3240
4450   3240
4460   3240
4470   3240
4480   3240
4490   3240
4500   3240
4510   3240
4520   3240
4530   3240
4540   3240
4550   3240
4560   3240
4570   3240
4580   3240
4590   3240
4600   3240
4610   3240
4620   3240
4630   3240
4640   3240
4650   3240
4660   3240
4670   3240
4680   3240
4690   3240
4700   3240
4710   3240
4720   3240
4730   3240
4740   3240
4750   3240
4760   3240
4770   3240
4780   3240
4790   3240
4800   3240
4810   3240
4820   3240
4830   3240
4840   3240
4850   3240
4860   3240
4870   3240
4880   3240
4890   3240
4900   3240
4910   3240
4920   3240
4930   3240
4940   3240
4950   3240
4960   3240
4970   3240
4980   3240
4990   3240
5000   3240
5010   3240
5020   3240
5030   3240
5040   3240
5050   3240
5060   3240
5070   3240
5080   3240
5090   3240
5100   3240
5110   3240
5120   3240
5130   3240
5140   3240
5150   3240
5160   3240
5170   3240
5180   3240
5190   3240
5200   3240
5210   3240
5220   3240
5230   3240
5240   3240
5250   3240
5260   3240
5270   3240
5280   3240
5290   3240
5300   3240
5310   3240
5320   3240
5330   3240
5340   3240
5350   3240
5360   3240
5370   3240
5380   3240
5390   3240
5400   3240
5410   3240
5420   3240
5430   3240
5440   3240
5450   3240
5460   3240
5470   3240
5480   3240
5490   3240
5500   3240
5510   3240
5520   3240
5530   3240
5540   3240
5550   3240
5560   3240
5570   3240
5580   3240
5590   3240
5600   3240
5610   3240
5620   3240
5630   3240
5640   3240
5650   3240
5660   3240
5670   3240
5680   3240
5690   3240
5700   3240
5710   3240
5720   3240
5730   3177
5740   3177
5750   3177
5760   3177
5770   3177
5780   3177
5790   3177
5800   3177
5810   3177
5820   3177
5830   3177
5840   3177
5850   3177
5860   3177
5870   3177
5880   3177
5890   3177
5900   3177
5910   3177
5920   3177
5930   3177
5940   3177
5950   3177
5960   3177
5970   3177
5980   3177
5990   3177
6000   3177
6010   3177
6020   3177
6030   3177
6040   3177
6050   3177
6060   3177
6070   3177
6080   3177
6090   3177
6100   3177
6110   3177
6120   3177
6130   3177
6140   3177
6150   3177
6160   3177
6170   3177
6180   3177
6190   3177
6200   3177
6210   3177
6220   3177
6230   3177
6240   3177
6250   3177
6260   3177
6270   3177
6280   3177
6290   3177
6300   3177
6310   3177
6320   3177
6330   3177
6340   3177
6350   3177
6360   3177
6370   3177
6380   3177
6390   3177
6400   3177
6410   3177
6420   3177
6430   3177
6440   3177
6450   3177
6460   3177
6470   3177
6480   3177
6490   3177
6500   3177
6510   3177
6520   3177
6530   3177
6540   3177
6550   3177
6560   3177
6570   3177
6580   3177
6590   3177
6600   3177
6610   3177
6620   3177
6630   3177
6640   3177
6650   3177
6660   3177
6670   3177
6680   3177
6690   3177
6700   3177
6710   3177
6720   3177
6730   3177
6740   3177
6750   3177
6760   3177
6770   3177
6780   3177
6790   3177
6800   3177
6810   3177
6820   3177
6830   3177
6840   3177
6850   3177
6860   3177
6870   3177
6880   3177
6890   3177
6900   3177
6910   3177
6920   3177
6930   3177
6940   3177
6950   3177
6960   3177
6970   3177
6980   3177
6990   3177
7000   3177
7010   3177
7020   3177
7030   3177
7040   3177
7050   3177
7060   3177
7070   3177
7080   3177
7090   3177
7100   3177
7110   3177
7120   3177
7130   3177
7140   3177
7150   3177
7160   3177
7170   3177
7180   3177
7190   3177
7200   3177
7210   3177
7220   3177
7230   3177
7240   3177
7250   3177
7260   3177
7270   3177
7280   3177
7290   3177
7300   3177
7310   3177
7320   3177
7330   3177
7340   3177
7350   3177
7360   3177
7370   3177
7380   3177
7390   3177
7400   3177
7410   3177
7420   3177
7430   3177
7440   3177
7450   3177
7460   3177
7470   3177
7480   3177
7490   3177
7500   3177
7510   3177
7520   3177
7530   3177
7540   3177
7550   3177
7560   3177
7570   3177
7580   3177
7590   3177
7600   3177
7610   3177
7620   3177
7630   3177
7640   3177
7650   3177
7660   3177
7670   3177
7680   3177
7690   3177
7700   3177
7710   3177
7720   3177
7730   3177
7740   3177
7750   3177
7760   3177
7770   3177
7780   3177
7790   3177
7800   3177
7810   3177
7820   3177
7830   3177
7840   3177
7850   3177
7860   3177
7870   3177
7880   3177
7890   3177
7900   3177
7910   3177
7920   3177
7930   3177
7940   3177
7950   3177
7960   3177
7970   3177
7980   3177
7990   3177
8000   3177
8010   3177
8020   3177
8030   3177
8040   3177
8050   3177
8060   3177
8070   3177
8080   3177
8090   3177
8100   3177
8110   3177
8120   3177
8130   3177
8140   3177
8150   3177
8160   3177
8170   3177
8180   3177
8190   3177
8200   3177
8210   3177
8220   3177
8230   3177
8240   3177
8250   3177
8260   3177
8270   3177
8280   3177
8290   3177
8300   3177
8310   3177
8320   3177
8330   3177
8340   3177
8350   3177
8360   3177
8370   3177
8380   3177
8390   3177
8400   3177
8410   3177
8420   3177
8430   3177
8440   3177
8450   3177
8460   3177
8470   3177
8480   3177
8490   3177
8500   3177
8510   3177
8520   3177
8530   3177
8540   3177
8550   3177
8560   3177
8570   3177
8580   3177
8590   3177
8600   3177
8610   3177
8620   3177
8630   3177
8640   3177
8650   3177
8660   3177
8670   3177
8680   3177
8690   3177
8700   3177
8710   3177
8720   3177
8730   3177
8740   3177
8750   3177
8760   3177
8770   3177
8780   3177
8790   3177
8800   3177
8810   3177
8820   3177
8830   3177
8840   3177
8850   3177
8860   3177
8870   3177
8880   3177
8890   3177
8900   3177
8910   3177
8920   3177
8930   3177
8940   3177
8950   3177
8960   3177
8970   3177
8980   3177
8990   3177
9000   3177
9010   3177
9020   3101
9030   3101
9040   3101
9050   3101
9060   3101
9070   3101
9080   3101
9090   3101
9100   3101
9110   3101
9120   3101
9130   3101
9140   3101
9150   3101
9160   3101
9170   3101
9180   3101
9190   3101
9200   3101
9210   3101
9220   3101
9230   3101
9240   3101
9250   3101
9260   3101
9270   3101
9280   3101
9290   3101
9300   3101
9310   3101
9320   3101
9330   3101
9340   3101
9350   3101
9360   3101
9370   3101
9380   3101
9390   3101
9400   3101
9410   3101
9420   3101
9430   3101
9440   3101
9450   3101
9460   3101
9470   3101
9480   3101
9490   3101
9500   3101
9510   3101
9520   3101
9530   3101
9540   3101
9550   3101
9560   3101
9570   3101
9580   3101
9590   3101
9600   3101
9610   3101
9620   3101
9630   3101
9640   3101
9650   3101
9660   3101
9670   3101
9680   3101
9690   3101
9700   3101
9710   3101
9720   3101
9730   3101
9740   3101
9750   3101
9760   3101
9770   3101
9780   3101
9790   3101
9800   3101
9810   3101
9820   3101
9830   3101
9840   3101
9850   3101
9860   3101
9870   3101
9880   3101
9890   3101
9900   3101
9910   3101
9920   3101
9930   3101
9940   3101
9950   3101
9960   3101
9970   3101
9980   3101
9990   3101
10000   3101
10010   3101
10020   3101
10030   3101
10040   3101
10050   3101
10060   3101
10070   3101
10080   3101
10090   3101
10100   3101
10110   3101
10120   3101
10130   3101
10140   3101
10150   3101
10160   3101
10170   3101
10180   3101
10190   3101
10200   3101
10210   3101
10220   3101
10230   3101
10240   3101
10250   3101
10260   3101
10270   3101
10280   3101
10290   3101
10300   3101
10310   3101
10320   3101
10330   3101
10340   3101
10350   3101
10360   3101
10370   3101
10380   3101
10390   3101
10400   3101
10410   3101
10420   3101
10430   3101
10440   3101
10450   3101
10460   3101
10470   3101
10480   3101
10490   3101
10500   3101
10510   3101
10520   3101
10530   3101
10540   3101
10550   3101
10560   3101
10570   3101
10580   3101
10590   3101
10600   3101
10610   3101
10620   3101
10630   3101
10640   3101
10650   3101
10660   3101
10670   3101
10680   3101
10690   3101
10700   3101
10710   3101
10720   3101
10730   3101
10740   3101
10750   3101
10760   3101
10770   3101
10780   3101
10790   3101
10800   3101
10810   3101
10820   3101
10830   3101
10840   3101
10850   3101
10860   3101
10870   3101
10880   3101
10890   3101
10900   3101
10910   3101
10920   2949
10930   2949
10940   2949
10950   2949
10960   2949
10970   2949
10980   2949
10990   2949
11000   2949
11010   2949
11020   2949
11030   2949
11040   2949
11050   2949
11060   2949
11070   2949
11080   2949
11090   2949
11100   2949
11110   2949
11120   2949
11130   2949
11140   2949
11150   2949
11160   2949
11170   2949
11180   2949
11190   2949
11200   2949
11210   2949
11220   2949
11230   2949
11240   2949
11250   2949
11260   2949
11270   2949
11280   2949
11290   2949
11300   2949
11310   2949
11320   2949
11330   2949
11340   2949
11350   2949
11360   2949
11370   2949
11380   2949
11390   2949
11400   2949
11410   2949
11420   2949
11430   2949
11440   2949
11450   2949
11460   2949
11470   2949
11480   2949
11490   2949
11500   2949
11510   2949
11520   2949
11530   2949
11540   2949
11550   2949
11560   2949
11570   2949
11580   2949
11590   2949
11600   2949
11610   2949
11620   2949
11630   2949
11640   2949
11650   2949
11660   2949
11670   2949
11680   2949
11690   2949
11700   2949
11710   2949
11720   2949
11730   2949
11740   2949
11750   2949
11760   2949
11770   2949
11780   2949
11790   2949
11800   2949
11810   2949
11820   2949
11830   2949
11840   2949
11850   2949
11860   2949
11870   2949
11880   2949
11890   2949
11900   2949
11910   2949
11920   2949
11930   2949
11940   2949
11950   2949
11960   2949
11970   2949
11980   2949
11990   2949
12000   2949
12010   2949
12020   2949
12030   2949
12040   2949
12050   2949
12060   2949
12070   2949
12080   2949
12090   2949
12100   2949
12110   2949
12120   2949
12130   2949
12140   2949
12150   2949
12160   2949
12170   2949
12180   2949
12190   2949
12200   2949
12210   2949
12220   2949
12230   2949
12240   2949
12250   2949
12260   2949
12270   2949
12280   2949
12290   2949
12300   2949
12310   2949
12320   2949
12330   2949
12340   2949
12350   2949
12360   2949
12370   2949
12380   2949
12390   2949
12400   2949
12410   2949
12420   2949
12430   2949
12440   2949
12450   2949
12460   2949
12470   2949
12480   2949
12490   2949
12500   2949
12510   2949
12520   2949
12530   2949
12540   2949
12550   2949
12560   2949
12570   2949
12580   2949
12590   2949
12600   2949
12610   2949
12620   2949
12630   2949
12640   2949
12650   2949
12660   2949
12670   2949
12680   2949
12690   2949
12700   2949
12710   2949
12720   2949
12730   2949
12740   2949
12750   2949
12760   2949
12770   2949
12780   2949
12790   2949
12800   2949
12810   2949
12820   2949
12830   2949
12840   2949
12850   2949
12860   2949
12870   2949
12880   2949
12890   2949
12900   2949
12910   2949
12920   2949
12930   2949
12940   2949
12950   2949
12960   2949
12970   2949
12980   2949
12990   2949
13000   2949
13010   2949
13020   2949
13030   2949
13040   2949
13050   2949
13060   2949
13070   2949
13080   2949
13090   2949
13100   2949
13110   2949
13120   2949
13130   2949
13140   2949
13150   2949
13160   2949
13170   2949
13180   2949
13190   2949
13200   2949
13210   2949
13220   2949
13230   2949
13240   2949
13250   2949
13260   2949
13270   2949
13280   2949
13290   2949
13300   2949
13310   2949
13320   2949
13330   2949
13340   2949
13350   2949
13360   2949
13370   2949
13380   2949
13390   2949
13400   2949
13410   2949
13420   2949
13430   2949
13440   2949
13450   2949
13460   2949
13470   2949
13480   2949
13490   2949
13500   2949
13510   2949
13520   2949
13530   2949
13540   2949
13550   2949
13560   2949
13570   2949
13580   2949
13590   2949
13600   2949
13610   2949
13620   2949
13630   2949
13640   2949
13650   2949
13660   2949
13670   2949
13680   2949
13690   2949
13700   2949
13710   2949
13720   2949
13730   2949
13740   2949
13750   2949
13760   2949
13770   2949
13780   2949
13790   2949
13800   2949
13810   2949
13820   2949
13830   2949
13840   2949
13850   2949
13860   2949
13870   2949
13880   2949
13890   2949
13900   2949
13910   2949
13920   2949
13930   2949
13940   2949
13950   2949
13960   2949
13970   2949
13980   2949
13990   2949
14000   2949
14010   2949
14020   2949
14030   2949
14040   2949
14050   2949
14060   2949
14070   2949
14080   2949
14090   2949
14100   2949
14110   2949
14120   2949
14130   2949
14140   2949
14150   2949
14160   2949
14170   2949
14180   2949
14190   2949
14200   2949
14210   2949
14220   2949
14230   2949
14240   2949
14250   2949
14260   2949
14270   2949
14280   2949
14290   2949
14300   2949
14310   2949
14320   2949
14330   2949
14340   2949
14350   2949
14360   2949
14370   2949
14380   2949
14390   2949
14400   2949
14410   2949
14420   2949
14430   2949
14440   2949
14450   2949
14460   2949
14470   2949
14480   2949
14490   2949
14500   2949
14510   2949
14520   2949
14530   2949
14540   2949
14550   2949
14560   2949
14570   2949
14580   2949
14590   2949
14600   2949
14610   2949
14620   2949
14630   2949
14640   2949
14650   2949
14660   2949
14670   2949
14680   2949
14690   2949
14700   2949
14710   2949
14720   2949
14730   2949
14740   2949
14750   2949
14760   2949
14770   2949
14780   2949
14790   2949
14800   2949
14810   2949
14820   2949
14830   2949
14840   2949
14850   2949
14860   2949
14870   2949
14880   2949
14890   2949
14900   2949
14910   2949
14920   2949
14930   2949
14940   2949
14950   2949
14960   2949
14970   2949
14980   2949
14990   2949
15000   2949
15010   2949
15020   2949
15030   2949
15040   2949
15050   2949
15060   2949
15070   2949
15080   2949
15090   2949
15100   2949
15110   2949
15120   2949
15130   2949
15140   2949
15150   2949
15160   2949
15170   2949
15180   2949
15190   2949
15200   2949
15210   2949
15220   2949
15230   2949
15240   2949
15250   2949
15260   2949
15270   2949
15280   2949
15290   2949
15300   2949
15310   2949
15320   2949
15330   2949
15340   2949
15350   2949
15360   2949
15370   2949
15380   2949
15390   2949
15400   2949
15410   2949
15420   2949
15430   2949
15440   2949
15450   2949
15460   2949
15470   2949
15480   2949
15490   2949
15500   2949
15510   2949
15520   2949
15530   2949
15540   2949
15550   2949
15560   2949
15570   2949
15580   2949
15590   2949
15600   2949
15610   2949
15620   2949
15630   2949
15640   2949
15650   2949
15660   2949
15670   2949
15680   2949
15690   2949
15700   2949
15710   2949
15720   2949
15730   2949
15740   2949
15750   2949
15760   2949
15770   2949
15780   2949
15790   2949
15800   2949
15810   2949
15820   2949
15830   2949
15840   2949
15850   2949
15860   2949
15870   2949
15880   2949
15890   2949
15900   2949
15910   2949
15920   2949
15930   2949
15940   2949
15950   2949
15960   2949
15970   2949
15980   2949
15990   2949
16000   2949
16010   2949
16020   2949
16030   2949
16040   2949
16050   2949
16060   2949
16070   2949
16080   2949
16090   2949
16100   2949
16110   2949
16120   2949
16130   2949
16140   2949
16150   2949
16160   2949
16170   2949
16180   2949
16190   2949
16200   2949
16210   2949
16220   2949
16230   2949
16240   2949
16250   2949
16260   2949
16270   2949
16280   2949
16290   2949
16300   2949
16310   2949
16320   2949
16330   2949
16340   2949
16350   2949
16360   2949
16370   2949
16380   2949
16390   2949
16400   2949
16410   2949
16420   2949
16430   2949
16440   2949
16450   2949
16460   2949
16470   2949
16480   2949
16490   2949
16500   2949
16510   2949
16520   2949
16530   2949
16540   2949
16550   2949
16560   2949
16570   2949
16580   2949
16590   2949
16600   2949
16610   2949
16620   2949
16630   2949
16640   2949
16650   2949
16660   2949
16670   2949
16680   2949
16690   2949
16700   2949
16710   2949
16720   2949
16730   2949
16740   2949
16750   2949
16760   2949
16770   2949
16780   2949
16790   2949
16800   2949
16810   2949
16820   2949
16830   2949
16840   2949
16850   2949
16860   2949
16870   2949
16880   2949
16890   2949
16900   2949
16910   2949
16920   2949
16930   2949
16940   2949
16950   2949
16960   2949
16970   2949
16980   2949
16990   2949
17000   2949
17010   2949
17020   2949
17030   2949
17040   2949
17050   2949
17060   2949
17070   2949
17080   2949
17090   2949
17100   2949
17110   2949
17120   2949
17130   2949
17140   2949
17150   2949
17160   2949
17170   2949
17180   2949
17190   2949
17200   2949
17210   2949
17220   2949
17230   2949
17240   2949
17250   2949
17260   2949
17270   2949
17280   2949
17290   2949
17300   2949
17310   2949
17320   2949
17330   2949
17340   2949
17350   2949
17360   2949
17370   2949
17380   2949
17390   2949
17400   2949
17410   2949
17420   2949
17430   2949
17440   2949
17450   2949
17460   2949
17470   2949
17480   2949
17490   2949
17500   2949
17510   2949
17520   2949
17530   2949
17540   2949
17550   2949
17560   2949
17570   2949
17580   2949
17590   2949
17600   2949
17610   2949
17620   2949
17630   2949
17640   2949
17650   2949
17660   2949
17670   2949
17680   2949
17690   2949
17700   2949
17710   2949
17720   2949
17730   2949
17740   2949
17750   2949
17760   2949
17770   2949
17780   2949
17790   2949
17800   2949
17810   2949
17820   2949
17830   2949
17840   2949
17850   2949
17860   2949
17870   2949
17880   2949
17890   2949
17900   2949
17910   2949
17920   2949
17930   2949
17940   2949
17950   2949
17960   2949
17970   2949
17980   2949
17990   2949
18000   2949
18010   2949
18020   2949
18030   2949
18040   2949
18050   2949
18060   2949
18070   2949
18080   2949
18090   2949
18100   2949
18110   2949
18120   2949
18130   2949
18140   2949
18150   2949
18160   2949
18170   2949
18180   2949
18190   2949
18200   2949
18210   2949
18220   2949
18230   2949
18240   2949
18250   2949
18260   2949
18270   2949
18280   2949
18290   2949
18300   2949
18310   2949
18320   2949
18330   2949
18340   2949
18350   2949
18360   2949
18370   2949
18380   2949
18390   2949
18400   2949
18410   2949
18420   2949
18430   2949
18440   2949
18450   2949
18460   2949
18470   2949
18480   2949
18490   2949
18500   2949
18510   2949
18520   2949
18530   2949
18540   2949
18550   2949
18560   2949
18570   2949
18580   2949
18590   2949
18600   2949
18610   2949
18620   2949
18630   2949
18640   2949
18650   2949
18660   2949
18670   2949
18680   2949
18690   2949
18700   2949
18710   2949
18720   2949
18730   2949
18740   2949
18750   2949
18760   2949
18770   2949
18780   2949
18790   2949
18800   2949
18810   2949
18820   2949
18830   2949
18840   2949
18850   2949
18860   2949
18870   2949
18880   2949
18890   2949
18900   2949
18910   2949
18920   2949
18930   2949
18940   2949
18950   2949
18960   2949
18970   2949
18980   2949
18990   2949
19000   2949
19010   2949
19020   2949
19030   2949
19040   2949
19050   2949
19060   2949
19070   2949
19080   2949
19090   2949
19100   2949
19110   2949
19120   2949
19130   2949
19140   2949
19150   2949
19160   2949
19170   2949
19180   2949
19190   2949
19200   2949
19210   2949
19220   2949
19230   2949
19240   2949
19250   2949
19260   2949
19270   2949
19280   2949
19290   2949
19300   2949
19310   2949
19320   2949
19330   2949
19340   2949
19350   2949
19360   2949
19370   2949
19380   2949
19390   2949
19400   2949
19410   2949
19420   2949
19430   2949
19440   2949
19450   2949
19460   2949
19470   2949
19480   2949
19490   2949
19500   2949
19510   2949
19520   2949
19530   2949
19540   2949
19550   2949
19560   2949
19570   2949
19580   2949
19590   2949
19600   2949
19610   2949
19620   2949
19630   2949
19640   2949
19650   2949
19660   2949
19670   2949
19680   2949
19690   2949
19700   2949
19710   2949
19720   2949
19730   2949
19740   2949
19750   2949
19760   2949
19770   2949
19780   2949
19790   2949
19800   2949
19810   2949
19820   2949
19830   2949
19840   2949
19850   2949
19860   2949
19870   2949
19880   2949
19890   2949
19900   2949
19910   2949
19920   2949
19930   2949
19940   2949
19950   2949
19960   2949
19970   2949
19980   2949
19990   2949
20000   2949
20010   2949
20020   2949
20030   2949
20040   2949
20050   2949
20060   2949
20070   2949
20080   2949
20090   2949
20100   2949
20110   2949
20120   2949
20130   2949
20140   2949
20150   2949
20160   2949
20170   2949
20180   2949
20190   2949
20200   2949
20210   2949
20220   2949
20230   2949
20240   2949
20250   2949
20260   2949
20270   2949
20280   2949
20290   2949
20300   2949
20310   2949
20320   2949
20330   2949
20340   2949
20350   2949
20360   2949
20370   2949
20380   2949
20390   2949
20400   2949
20410   2949
20420   2949
20430   2949
20440   2949
20450   2949
20460   2949
20470   2949
20480   2949
20490   2949
20500   2949
20510   2949
20520   2949
20530   2949
20540   2949
20550   2949
20560   2949
20570   2949
20580   2949
20590   2949
20600   2949
20610   2949
20620   2949
20630   2949
20640   2949
20650   2949
20660   2949
20670   2949
20680   2949
20690   2949
20700   2949
20710   2949
20720   2949
20730   2949
20740   2949
20750   2949
20760   2949
20770   2949
20780   2949
20790   2949
20800   2949
20810   2949
20820   2949
20830   2949
20840   2949
20850   2949
20860   2949
20870   2949
20880   2949
20890   2949
20900   2949
20910   2949
20920   2949
20930   2949
20940   2949
20950   2949
20960   2949
20970   2949
20980   2949
20990   2949
21000   2949
21010   2949
21020   2949
21030   2949
21040   2949
21050   2949
21060   2949
21070   2949
21080   2949
21090   2949
21100   2949
21110   2949
21120   2949
21130   2949
21140   2949
21150   2949
21160   2949
21170   2949
21180   2949
21190   2949
21200   2949
21210   2949
21220   2949
21230   2949
21240   2949
21250   2949
21260   2949
21270   2949
21280   2949
21290   2949
21300   2949
21310   2949
21320   2949
21330   2949
21340   2949
21350   2949
21360   2949
21370   2949
21380   2949
21390   2949
21400   2949
21410   2949
21420   2949
21430   2949
21440   2949
21450   2949
21460   2949
21470   2949
21480   2949
21490   2949
21500   2949
21510   2949
21520   2949
21530   2949
21540   2949
21550   2949
21560   2949
21570   2949
21580   2949
21590   2949
21600   2949
21610   2949
21620   2949
21630   2949
21640   2949
21650   2949
21660   2949
21670   2949
21680   2949
21690   2949
21700   2949
21710   2949
21720   2949
21730   2949
21740   2949
21750   2949
21760   2949
21770   2949
21780   2949
21790   2949
21800   2949
21810   2949
21820   2949
21830   2949
21840   2949
21850   2949
21860   2949
21870   2949
21880   2949
21890   2949
21900   2949
21910   2949
21920   2949
21930   2949
21940   2949
21950   2949
21960   2949
21970   2949
21980   2949
21990   2949
22000   2949
22010   2949
22020   2949
22030   2949
22040   2949
22050   2949
22060   2949
22070   2949
22080   2949
22090   2949
22100   2949
22110   2949
22120   2949
22130   2949
22140   2949
22150   2949
22160   2949
22170   2949
22180   2949
22190   2949
22200   2949
22210   2949
22220   2949
22230   2949
22240   2949
22250   2949
22260   2949
22270   2949
22280   2949
22290   2949
22300   2949
22310   2949
22320   2949
22330   2949
22340   2949
22350   2949
22360   2949
22370   2949
22380   2949
22390   2949
22400   2949
22410   2949
22420   2949
22430   2949
22440   2949
22450   2949
22460   2949
22470   2949
22480   2949
22490   2949
22500   2949
22510   2949
22520   2949
22530   2949
22540   2949
22550   2949
22560   2949
22570   2949
22580   2949
22590   2949
22600   2949
22610   2949
22620   2949
22630   2949
22640   2949
22650   2949
22660   2949
22670   2949
22680   2949
22690   2949
22700   2949
22710   2949
22720   2949
22730   2949
22740   2949
22750   2949
22760   2949
22770   2949
22780   2949
22790   2949
22800   2949
22810   2949
22820   2949
22830   2949
22840   2949
22850   2949
22860   2949
22870   2949
22880   2949
22890   2949
22900   2949
22910   2949
22920   2949
22930   2949
22940   2949
22950   2949
22960   2949
22970   2949
22980   2949
22990   2949
23000   2949
23010   2949
23020   2949
23030   2949
23040   2949
23050   2949
23060   2949
23070   2949
23080   2949
23090   2949
23100   2949
23110   2949
23120   2949
23130   2949
23140   2949
23150   2949
23160   2949
23170   2949
23180   2949
23190   2949
23200   2949
23210   2949
23220   2949
23230   2949
23240   2949
23250   2949
23260   2949
23270   2949
23280   2949
23290   2949
23300   2949
23310   2949
23320   2949
23330   2949
23340   2949
23350   2949
23360   2949
23370   2949
23380   2949
23390   2949
23400   2949
23410   2949
23420   2949
23430   2949
23440   2949
23450   2949
23460   2949
23470   2949
23480   2949
23490   2949
23500   2949
23510   2949
23520   2949
23530   2949
23540   2949
23550   2949
23560   2949
23570   2949
23580   2949
23590   2949
23600   2949
23610   2949
23620   2949
23630   2949
23640   2949
23650   2949
23660   2949
23670   2949
23680   2949
23690   2949
23700   2949
23710   2949
23720   2949
23730   2949
23740   2949
23750   2949
23760   2949
23770   2949
23780   2949
23790   2949
23800   2949
23810   2949
23820   2949
23830   2949
23840   2949
23850   2949
23860   2949
23870   2949
23880   2949
23890   2949
23900   2949
23910   2949
23920   2949
23930   2949
23940   2949
23950   2949
23960   2949
23970   2949
23980   2949
23990   2949
24000   2949
24010   2949
24020   2949
24030   2949
24040   2949
24050   2949
24060   2949
24070   2949
24080   2949
24090   2949
24100   2949
24110   2949
24120   2949
24130   2949
24140   2949
24150   2949
24160   2949
24170   2949
24180   2949
24190   2949
24200   2949
24210   2949
24220   2949
24230   2949
24240   2949
24250   2949
24260   2949
24270   2949
24280   2949
24290   2949
24300   2949
24310   2949
24320   2949
24330   2949
24340   2949
24350   2949
24360   2949
24370   2949
24380   2949
24390   2949
24400   2949
24410   2949
24420   2949
24430   2949
24440   2949
24450   2949
24460   2949
24470   2949
24480   2949
24490   2949
24500   2949
24510   2949
24520   2949
24530   2949
24540   2949
24550   2949
24560   2949
24570   2949
24580   2949
24590   2949
24600   2949
24610   2949
24620   2949
24630   2949
24640   2949
24650   2949
24660   2949
24670   2949
24680   2949
24690   2949
24700   2949
24710   2949
24720   2949
24730   2949
24740   2949
24750   2949
24760   2949
24770   2949
24780   2949
24790   2949
24800   2949
24810   2949
24820   2949
24830   2949
24840   2949
24850   2949
24860   2949
24870   2949
24880   2949
24890   2949
24900   2949
24910   2949
24920   2949
24930   2949
24940   2949
24950   2949
24960   2949
24970   2949
24980   2949
24990   2949
25000   2949
25010   2949
25020   2949
25030   2949
25040   2949
25050   2949
25060   2949
25070   2949
25080   2949
25090   2949
25100   2949
25110   2949
25120   2949
25130   2949
25140   2949
25150   2949
25160   2949
25170   2949
25180   2949
25190   2949
25200   2949
25210   2949
25220   2949
25230   2949
25240   2949
25250   2949
25260   2949
25270   2949
25280   2949
25290   2949
25300   2949
25310   2949
25320   2949
25330   2949
25340   2949
25350   2949
25360   2949
25370   2949
25380   2949
25390   2949
25400   2949
25410   2949
25420   2949
25430   2949
25440   2949
25450   2949
25460   2949
25470   2949
25480   2949
25490   2949
25500   2949
25510   2949
25520   2949
25530   2949
25540   2949
25550   2949
25560   2949
25570   2949
25580   2949
25590   2949
25600   2949
25610   2949
25620   2949
25630   2949
25640   2949
25650   2949
25660   2949
25670   2949
25680   2949
25690   2949
25700   2949
25710   2949
25720   2949
25730   2949
25740   2949
25750   2949
25760   2949
25770   2949
25780   2949
25790   2949
25800   2949
25810   2949
25820   2949
25830   2949
25840   2949
25850   2949
25860   2949
25870   2949
25880   2949
25890   2949
25900   2949
25910   2949
25920   2949
25930   2949
25940   2949
25950   2949
25960   2949
25970   2949
25980   2949
25990   2949
26000   2949
26010   2949
26020   2949
26030   2949
26040   2949
26050   2949
26060   2949
26070   2949
26080   2949
26090   2949
26100   2949
26110   2949
26120   2949
26130   2949
26140   2949
26150   2949
26160   2949
26170   2949
26180   2949
26190   2949
26200   2949
26210   2949
26220   2949
26230   2949
26240   2949
26250   2949
26260   2949
26270   2949
26280   2949
26290   2949
26300   2949
26310   2949
26320   2949
26330   2949
26340   2949
26350   2949
26360   2949
26370   2949
26380   2949
26390   2949
26400   2949
26410   2949
26420   2949
26430   2949
26440   2949
26450   2949
26460   2949
26470   2949
26480   2949
26490   2949
26500   2949
26510   2949
26520   2949
26530   2949
26540   2949
26550   2949
26560   2949
26570   2949
26580   2949
26590   2949
26600   2949
26610   2949
26620   2949
26630   2949
26640   2949
26650   2949
26660   2949
26670   2949
26680   2949
26690   2949
26700   2949
26710   2949
26720   2949
26730   2949
26740   2949
26750   2949
26760   2949
26770   2949
26780   2949
26790   2949
26800   2949
26810   2949
26820   2949
26830   2949
26840   2949
26850   2949
26860   2949
26870   2949
26880   2949
26890   2949
26900   2949
26910   2949
26920   2949
26930   2949
26940   2949
26950   2949
26960   2949
26970   2949
26980   2949
26990   2949
27000   2949
27010   2949
27020   2949
27030   2949
27040   2949
27050   2949
27060   2949
27070   2949
27080   2949
27090   2949
27100   2949
27110   2949
27120   2949
27130   2949
27140   2949
27150   2949
27160   2949
27170   2949
27180   2949
27190   2949
27200   2949
27210   2949
27220   2949
27230   2949
27240   2949
27250   2949
27260   2949
27270   2949
27280   2949
27290   2949
27300   2949
27310   2949
27320   2949
27330   2949
27340   2949
27350   2949
27360   2949
27370   2949
27380   2949
27390   2949
27400   2949
27410   2949
27420   2949
27430   2949
27440   2949
27450   2949
27460   2949
27470   2949
27480   2949
27490   2949
27500   2949
27510   2949
27520   2949
27530   2949
27540   2949
27550   2949
27560   2949
27570   2949
27580   2949
27590   2949
27600   2949
27610   2949
27620   2949
27630   2949
27640   2949
27650   2949
27660   2949
27670   2949
27680   2949
27690   2949
27700   2949
27710   2949
27720   2949
27730   2949
27740   2949
27750   2949
27760   2949
27770   2949
27780   2949
27790   2949
27800   2949
27810   2949
27820   2949
27830   2949
27840   2949
27850   2949
27860   2949
27870   2949
27880   2949
27890   2949
27900   2949
27910   2949
27920   2949
27930   2949
27940   2949
27950   2949
27960   2949
27970   2949
27980   2949
27990   2949
28000   2949
28010   2949
28020   2949
28030   2949
28040   2949
28050   2949
28060   2949
28070   2949
28080   2949
28090   2949
28100   2949
28110   2949
28120   2949
28130   2949
28140   2949
28150   2949
28160   2949
28170   2949
28180   2949
28190   2949
28200   2949
28210   2949
28220   2949
28230   2949
28240   2949
28250   2949
28260   2949
28270   2949
28280   2949
28290   2949
28300   2949
28310   2949
28320   2949
28330   2949
28340   2949
28350   2949
28360   2949
28370   2949
28380   2949
28390   2949
28400   2949
28410   2949
28420   2949
28430   2949
28440   2949
28450   2949
28460   2949
28470   2949
28480   2949
28490   2949
28500   2949
28510   2949
28520   2949
28530   2949
28540   2949
28550   2949
28560   2949
28570   2949
28580   2949
28590   2949
28600   2949
28610   2949
28620   2949
28630   2949
28640   2949
28650   2949
28660   2949
28670   2949
28680   2949
28690   2949
28700   2949
28710   2949
28720   2949
28730   2949
28740   2949
28750   2949
28760   2949
28770   2949
28780   2949
28790   2949
28800   2949
28810   2949
28820   2949
28830   2949
28840   2949
28850   2949
28860   2949
28870   2949
28880   2949
28890   2949
28900   2949
28910   2949
28920   2949
28930   2949
28940   2949
28950   2949
28960   2949
28970   2949
28980   2949
28990   2949
29000   2949
29010   2949
29020   2949
29030   2949
29040   2949
29050   2949
29060   2949
29070   2949
29080   2949
29090   2949
29100   2949
29110   2949
29120   2949
29130   2949
29140   2949
29150   2949
29160   2949
29170   2949
29180   2949
29190   2949
29200   2949
29210   2949
29220   2949
29230   2949
29240   2949
29250   2949
29260   2949
29270   2949
29280   2949
29290   2949
29300   2949
29310   2949
29320   2949
29330   2949
29340   2949
29350   2949
29360   2949
29370   2949
29380   2949
29390   2949
29400   2949
29410   2949
29420   2949
29430   2949
29440   2949
29450   2949
29460   2949
29470   2949
29480   2949
29490   2949
29500   2949
29510   2949
29520   2949
29530   2949
29540   2949
29550   2949
29560   2949
29570   2949
29580   2949
29590   2949
29600   2949
29610   2949
29620   2949
29630   2949
29640   2949
29650   2949
29660   2949
29670   2949
29680   2949
29690   2949
29700   2949
29710   2949
29720   2949
29730   2949
29740   2949
29750   2949
29760   2949
29770   2949
29780   2949
29790   2949
29800   2949
29810   2949
29820   2949
29830   2949
29840   2949
29850   2949
29860   2949
29870   2949
29880   2949
29890   2949
29900   2949
29910   2949
29920   2949
29930   2949
29940   2949
29950   2949
29960   2949
29970   2949
29980   2949
29990   2949
30000   2949
30010   2949
30020   2949
30030   2949
30040   2949
30050   2949
30060   2949
30070   2949
30080   2949
30090   2949
30100   2949
30110   2949
30120   2949
30130   2949
30140   2949
30150   2949
30160   2949
30170   2949
30180   2949
30190   2949
30200   2949
30210   2949
30220   2949
30230   2949
30240   2949
30250   2949
30260   2949
30270   2949
30280   2949
30290   2949
30300   2949
30310   2949
30320   2949
30330   2949
30340   2949
30350   2949
30360   2949
30370   2949
30380   2949
30390   2949
30400   2949
30410   2949
30420   2949
30430   2949
30440   2949
30450   2949
30460   2949
30470   2949
30480   2949
30490   2949
30500   2949
30510   2949
30520   2949
30530   2949
30540   2949
30550   2949
30560   2949
30570   2949
30580   2949
30590   2949
30600   2949
30610   2949
30620   2949
30630   2949
30640   2949
30650   2949
30660   2949
30670   2949
30680   2949
30690   2949
30700   2949
30710   2949
30720   2949
30730   2949
30740   2949
30750   2949
30760   2949
30770   2949
30780   2949
30790   2949
30800   2949
30810   2949
30820   2949
30830   2949
30840   2949
30850   2949
30860   2949
30870   2949
30880   2949
30890   2949
30900   2949
30910   2949
30920   2949
30930   2949
30940   2949
30950   2949
30960   2949
30970   2949
30980   2949
30990   2949
31000   2949
31010   2949
31020   2949
31030   2949
31040   2949
31050   2949
31060   2949
31070   2949
31080   2949
31090   2949
31100   2949
31110   2949
31120   2949
31130   2949
31140   2949
31150   2949
31160   2949
31170   2949
31180   2949
31190   2949
31200   2949
31210   2949
31220   2949
31230   2949
31240   2949
31250   2949
31260   2949
31270   2949
31280   2949
31290   2949
31300   2949
31310   2949
31320   2949
31330   2949
31340   2949
31350   2949
31360   2949
31370   2949
31380   2949
31390   2949
31400   2949
31410   2949
31420   2949
31430   2949
31440   2949
31450   2949
31460   2949
31470   2949
31480   2949
31490   2949
31500   2949
31510   2949
31520   2949
31530   2949
31540   2949
31550   2949
31560   2949
31570   2949
31580   2949
31590   2949
31600   2949
31610   2949
31620   2949
31630   2949
31640   2949
31650   2949
31660   2949
31670   2949
31680   2949
31690   2949
31700   2949
31710   2949
31720   2949
31730   2949
31740   2949
31750   2949
31760   2949
31770   2949
31780   2949
31790   2949
31800   2949
31810   2949
31820   2949
31830   2949
31840   2949
31850   2949
31860   2949
31870   2949
31880   2949
31890   2949
31900   2949
31910   2949
31920   2949
31930   2949
31940   2949
31950   2949
31960   2949
31970   2949
31980   2949
31990   2949
32000   2949
32010   2949
32020   2949
32030   2949
32040   2949
32050   2949
32060   2949
32070   2949
32080   2949
32090   2949
32100   2949
32110   2949
32120   2949
32130   2949
32140   2949
32150   2949
32160   2949
32170   2949
32180   2949
32190   2949
32200   2949
32210   2949
32220   2949
32230   2949
32240   2949
32250   2949
32260   2949
32270   2949
32280   2949
32290   2949
32300   2949
32310   2949
32320   2949
32330   2949
32340   2949
32350   2949
32360   2949
32370   2949
32380   2949
32390   2949
32400   2949
32410   2949
32420   2949
32430   2949
32440   2949
32450   2949
32460   2949
32470   2949
32480   2949
32490   2949
32500   2949
32510   2949
32520   2949
32530   2949
32540   2949
32550   2949
32560   2949
32570   2949
32580   2949
32590   2949
32600   2949
32610   2949
32620   2949
32630   2949
32640   2949
32650   2949
32660   2949
32670   2949
32680   2949
32690   2949
32700   2949
32710   2949
32720   2949
32730   2949
32740   2949
32750   2949
32760   2949
32770   2949
32780   2949
32790   2949
32800   2949
32810   2949
32820   2949
32830   2949
32840   2949
32850   2949
32860   2949
32870   2949
32880   2949
32890   2949
32900   2949
32910   2949
32920   2949
32930   2949
32940   2949
32950   2949
32960   2949
32970   2949
32980   2949
32990   2949
33000   2949
33010   2949
33020   2949
33030   2949
33040   2949
33050   2949
33060   2949
33070   2949
33080   2949
33090   2949
33100   2949
33110   2949
33120   2949
33130   2949
33140   2949
33150   2949
33160   2949
33170   2949
33180   2949
33190   2949
33200   2949
33210   2949
33220   2949
33230   2949
33240   2949
33250   2949
33260   2949
33270   2949
33280   2949
33290   2949
33300   2949
33310   2949
33320   2949
33330   2949
33340   2949
33350   2949
33360   2949
33370   2949
33380   2949
33390   2949
33400   2949
33410   2949
33420   2949
33430   2949
33440   2949
33450   2949
33460   2949
33470   2949
33480   2949
33490   2949
33500   2949
33510   2949
33520   2949
33530   2949
33540   2949
33550   2949
33560   2949
33570   2949
33580   2949
33590   2949
33600   2949
33610   2949
33620   2949
33630   2949
33640   2949
33650   2949
33660   2949
33670   2949
33680   2949
33690   2949
33700   2949
33710   2949
33720   2949
33730   2949
33740   2949
33750   2949
33760   2949
33770   2949
33780   2949
33790   2949
33800   2949
33810   2949
33820   2949
33830   2949
33840   2949
33850   2949
33860   2949
33870   2949
33880   2949
33890   2949
33900   2949
33910   2949
33920   2949
33930   2949
33940   2949
33950   2949
33960   2949
33970   2949
33980   2949
33990   2949
34000   2949
34010   2949
34020   2949
34030   2949
34040   2949
34050   2949
34060   2949
34070   2949
34080   2949
34090   2949
34100   2949
34110   2949
34120   2949
34130   2949
34140   2949
34150   2949
34160   2949
34170   2949
34180   2949
34190   2949
34200   2949
34210   2949
34220   2949
34230   2949
34240   2949
34250   2949
34260   2949
34270   2949
34280   2949
34290   2949
34300   2949
34310   2949
34320   2949
34330   2949
34340   2949
34350   2949
34360   2949
34370   2949
34380   2949
34390   2949
34400   2949
34410   2949
34420   2949
34430   2949
34440   2949
34450   2949
34460   2949
34470   2949
34480   2949
34490   2949
34500   2949
34510   2949
34520   2949
34530   2949
34540   2949
34550   2949
34560   2949
34570   2949
34580   2949
34590   2949
34600   2949
34610   2949
34620   2949
34630   2949
34640   2949
34650   2949
34660   2949
34670   2949
34680   2949
34690   2949
34700   2949
34710   2949
34720   2949
34730   2949
34740   2949
34750   2949
34760   2949
34770   2949
34780   2949
34790   2949
34800   2949
34810   2949
34820   2949
34830   2949
34840   2949
34850   2949
34860   2949
34870   2949
34880   2949
34890   2949
34900   2949
34910   2949
34920   2949
34930   2949
34940   2949
34950   2949
34960   2949
34970   2949
34980   2949
34990   2949
35000   2949
35010   2949
35020   2949
35030   2949
35040   2949
35050   2949
35060   2949
35070   2949
35080   2949
35090   2949
35100   2949
35110   2949
35120   2949
35130   2949
35140   2949
35150   2949
35160   2949
35170   2949
35180   2949
35190   2949
35200   2949
35210   2949
35220   2949
35230   2949
35240   2949
35250   2949
35260   2949
35270   2949
35280   2949
35290   2949
35300   2949
35310   2949
35320   2949
35330   2949
35340   2949
35350   2949
35360   2949
35370   2949
35380   2949
35390   2949
35400   2949
35410   2949
35420   2949
35430   2949
35440   2949
35450   2949
35460   2949
35470   2949
35480   2949
35490   2949
35500   2949
35510   2949
35520   2949
35530   2949
35540   2949
35550   2949
35560   2949
35570   2949
35580   2949
35590   2949
35600   2949
35610   2949
35620   2949
35630   2949
35640   2949
35650   2949
35660   2949
35670   2949
35680   2949
35690   2949
35700   2949
35710   2949
35720   2949
35730   2949
35740   2949
35750   2949
35760   2949
35770   2949
35780   2949
35790   2949
35800   2949
35810   2949
35820   2949
35830   2949
35840   2949
35850   2949
35860   2949
35870   2949
35880   2949
35890   2949
35900   2949
35910   2949
35920   2949
35930   2949
35940   2949
35950   2949
35960   2949
35970   2949
35980   2949
35990   2949
36000   2949
36010   2949
36020   2949
36030   2949
36040   2949
36050   2949
36060   2949
36070   2949
36080   2949
36090   2949
36100   2949
36110   2949
36120   2949
36130   2949
36140   2949
36150   2949
36160   2949
36170   2949
36180   2949
36190   2949
36200   2949
36210   2949
36220   2949
36230   2949
36240   2949
36250   2949
36260   2949
36270   2949
36280   2949
36290   2949
36300   2949
36310   2949
36320   2949
36330   2949
36340   2949
36350   2949
36360   2949
36370   2949
36380   2949
36390   2949
36400   2949
36410   2949
36420   2949
36430   2949
36440   2949
36450   2949
36460   2949
36470   2949
36480   2949
36490   2949
36500   2949
36510   2949
36520   2949
36530   2949
36540   2949
36550   2949
36560   2949
36570   2949
36580   2949
36590   2949
36600   2949
36610   2949
36620   2949
36630   2949
36640   2949
36650   2949
36660   2949
36670   2949
36680   2949
36690   2949
36700   2949
36710   2949
36720   2949
36730   2949
36740   2949
36750   2949
36760   2949
36770   2949
36780   2949
36790   2949
36800   2949
36810   2949
36820   2949
36830   2949
36840   2949
36850   2949
36860   2949
36870   2949
36880   2949
36890   2949
36900   2949
36910   2949
36920   2949
36930   2949
36940   2949
36950   2949
36960   2949
36970   2949
36980   2949
36990   2949
37000   2949
37010   2949
37020   2949
37030   2949
37040   2949
37050   2949
37060   2949
37070   2949
37080   2949
37090   2949
37100   2949
37110   2949
37120   2949
37130   2949
37140   2949
37150   2949
37160   2949
37170   2949
37180   2949
37190   2949
37200   2949
37210   2949
37220   2949
37230   2949
37240   2949
37250   2949
37260   2949
37270   2949
37280   2949
37290   2949
37300   2949
37310   2949
37320   2949
37330   2949
37340   2949
37350   2949
37360   2949
37370   2949
37380   2949
37390   2949
37400   2949
37410   2949
37420   2949
37430   2949
37440   2949
37450   2949
37460   2949
37470   2949
37480   2949
37490   2949
37500   2949
37510   2949
37520   2949
37530   2949
37540   2949
37550   2949
37560   2949
37570   2949
37580   2949
37590   2949
37600   2949
37610   2949
37620   2949
37630   2949
37640   2949
37650   2949
37660   2949
37670   2949
37680   2949
37690   2949
37700   2949
37710   2949
37720   2949
37730   2949
37740   2949
37750   2949
37760   2949
37770   2949
37780   2949
37790   2949
37800   2949
37810   2949
37820   2949
37830   2949
37840   2949
37850   2949
37860   2949
37870   2949
37880   2949
37890   2949
37900   2949
37910   2949
37920   2949
37930   2949
37940   2949
37950   2949
37960   2949
37970   2949
37980   2949
37990   2949
38000   2949
38010   2949
38020   2949
38030   2949
38040   2949
38050   2949
38060   2949
38070   2949
38080   2949
38090   2949
38100   2949
38110   2949
38120   2949
38130   2949
38140   2949
38150   2949
38160   2949
38170   2949
38180   2949
38190   2949
38200   2949
38210   2949
38220   2949
38230   2949
38240   2949
38250   2949
38260   2949
38270   2949
38280   2949
38290   2949
38300   2949
38310   2949
38320   2949
38330   2949
38340   2949
38350   2949
38360   2949
38370   2949
38380   2949
38390   2949
38400   2949
38410   2949
38420   2949
38430   2949
38440   2949
38450   2949
38460   2949
38470   2949
38480   2949
38490   2949
38500   2949
38510   2949
38520   2949
38530   2949
38540   2949
38550   2949
38560   2949
38570   2949
38580   2949
38590   2949
38600   2949
38610   2949
38620   2949
38630   2949
38640   2949
38650   2949
38660   2949
38670   2949
38680   2949
38690   2949
38700   2949
38710   2949
38720   2949
38730   2949
38740   2949
38750   2949
38760   2949
38770   2949
38780   2949
38790   2949
38800   2949
38810   2949
38820   2949
38830   2949
38840   2949
38850   2949
38860   2949
38870   2949
38880   2949
38890   2949
38900   2949
38910   2949
38920   2949
38930   2949
38940   2949
38950   2949
38960   2949
38970   2949
38980   2949
38990   2949
39000   2949
39010   2949
39020   2949
39030   2949
39040   2949
39050   2949
39060   2949
39070   2949
39080   2949
39090   2949
39100   2949
39110   2949
39120   2949
39130   2949
39140   2949
39150   2949
39160   2949
39170   2949
39180   2949
39190   2949
39200   2949
39210   2949
39220   2949
39230   2949
39240   2949
39250   2949
39260   2949
39270   2949
39280   2949
39290   2949
39300   2949
39310   2949
39320   2949
39330   2949
39340   2949
39350   2949
39360   2949
39370   2949
39380   2949
39390   2949
39400   2949
39410   2949
39420   2949
39430   2949
39440   2949
39450   2949
39460   2949
39470   2949
39480   2949
39490   2949
39500   2949
39510   2949
39520   2949
39530   2949
39540   2949
39550   2949
39560   2949
39570   2949
39580   2949
39590   2949
39600   2949
39610   2949
39620   2949
39630   2949
39640   2949
39650   2949
39660   2949
39670   2949
39680   2949
39690   2949
39700   2949
39710   2949
39720   2949
39730   2949
39740   2949
39750   2949
39760   2949
39770   2949
39780   2949
39790   2949
39800   2949
39810   2949
39820   2949
39830   2949
39840   2949
39850   2949
39860   2949
39870   2949
39880   2949
39890   2949
39900   2949
39910   2949
39920   2949
39930   2949
39940   2949
39950   2949
39960   2949
39970   2949
39980   2949
39990   2949
40000   2949
40010   2949
40020   2949
40030   2949
40040   2949
40050   2949
40060   2949
40070   2949
40080   2949
40090   2949
40100   2949
40110   2949
40120   2949
40130   2949
40140   2949
40150   2949
40160   2949
40170   2949
40180   2949
40190   2949
40200   2949
40210   2949
40220   2949
40230   2949
40240   2949
40250   2949
40260   2949
40270   2949
40280   2949
40290   2949
40300   2949
40310   2949
40320   2949
40330   2949
40340   2949
40350   2949
40360   2949
40370   2949
40380   2949
40390   2949
40400   2949
40410   2949
40420   2949
40430   2949
40440   2949
40450   2949
40460   2949
40470   2949
40480   2949
40490   2949
40500   2949
40510   2949
40520   2949
40530   2949
40540   2949
40550   2949
40560   2949
40570   2949
40580   2949
40590   2949
40600   2949
40610   2949
40620   2949
40630   2949
40640   2949
40650   2949
40660   2949
40670   2949
40680   2949
40690   2949
40700   2949
40710   2949
40720   2949
40730   2949
40740   2949
40750   2949
40760   2949
40770   2949
40780   2949
40790   2949
40800   2949
40810   2949
40820   2949
40830   2949
40840   2949
40850   2949
40860   2949
40870   2949
40880   2949
40890   2949
40900   2949
40910   2949
40920   2949
40930   2949
40940   2949
40950   2949
40960   2949
40970   2949
40980   2949
40990   2949
41000   2949
41010   2949
41020   2949
41030   2949
41040   2949
41050   2949
41060   2949
41070   2949
41080   2949
41090   2949
41100   2949
41110   2949
41120   2949
41130   2949
41140   2949
41150   2949
41160   2949
41170   2949
41180   2949
41190   2949
41200   2949
41210   2949
41220   2949
41230   2949
41240   2949
41250   2949
41260   2949
41270   2949
41280   2949
41290   2949
41300   2949
41310   2949
41320   2949
41330   2949
41340   2949
41350   2949
41360   2949
41370   2949
41380   2949
41390   2949
41400   2949
41410   2949
41420   2949
41430   2949
41440   2949
41450   2949
41460   2949
41470   2949
41480   2949
41490   2949
41500   2949
41510   2949
41520   2949
41530   2949
41540   2949
41550   2949
41560   2949
41570   2949
41580   2949
41590   2949
41600   2949
41610   2949
41620   2949
41630   2949
41640   2949
41650   2949
41660   2949
41670   2949
41680   2949
41690   2949
41700   2949
41710   2949
41720   2949
41730   2949
41740   2949
41750   2949
41760   2949
41770   2949
41780   2949
41790   2949
41800   2949
41810   2949
41820   2949
41830   2949
41840   2949
41850   2949
41860   2949
41870   2949
41880   2949
41890   2949
41900   2949
41910   2949
41920   2949
41930   2949
41940   2949
41950   2949
41960   2949
41970   2949
41980   2949
41990   2949
42000   2949
42010   2949
42020   2949
42030   2949
42040   2949
42050   2949
42060   2949
42070   2949
42080   2949
42090   2949
42100   2949
42110   2949
42120   2949
42130   2949
42140   2949
42150   2949
42160   2949
42170   2949
42180   2949
42190   2949
42200   2949
42210   2949
42220   2949
42230   2949
42240   2949
42250   2949
42260   2949
42270   2949
42280   2949
42290   2949
42300   2949
42310   2949
42320   2949
42330   2949
42340   2949
42350   2949
42360   2949
42370   2949
42380   2949
42390   2949
42400   2949
42410   2949
42420   2949
42430   2949
42440   2949
42450   2949
42460   2949
42470   2949
42480   2949
42490   2949
42500   2949
42510   2949
42520   2949
42530   2949
42540   2949
42550   2949
42560   2949
42570   2949
42580   2949
42590   2949
42600   2949
42610   2949
42620   2949
42630   2949
42640   2949
42650   2949
42660   2949
42670   2949
42680   2949
42690   2949
42700   2949
42710   2949
42720   2949
42730   2949
42740   2949
42750   2949
42760   2949
42770   2949
42780   2949
42790   2949
42800   2949
42810   2949
42820   2949
42830   2949
42840   2949
42850   2949
42860   2949
42870   2949
42880   2949
42890   2949
42900   2949
42910   2949
42920   2949
42930   2949
42940   2949
42950   2949
42960   2949
42970   2949
42980   2949
42990   2949
43000   2949
43010   2949
43020   2949
43030   2949
43040   2949
43050   2949
43060   2949
43070   2949
43080   2949
43090   2949
43100   2949
43110   2949
43120   2949
43130   2949
43140   2949
43150   2949
43160   2949
43170   2949
43180   2949
43190   2949
43200   2949
43210   2949
43220   2949
43230   2949
43240   2949
43250   2949
43260   2949
43270   2949
43280   2949
43290   2949
43300   2949
43310   2949
43320   2949
43330   2949
43340   2949
43350   2949
43360   2949
43370   2949
43380   2949
43390   2949
43400   2949
43410   2949
43420   2949
43430   2949
43440   2949
43450   2949
43460   2949
43470   2949
43480   2949
43490   2949
43500   2949
43510   2949
43520   2949
43530   2949
43540   2949
43550   2949
43560   2949
43570   2949
43580   2949
43590   2949
43600   2949
43610   2949
43620   2949
43630   2949
43640   2949
43650   2949
43660   2949
43670   2949
43680   2949
43690   2949
43700   2949
43710   2949
43720   2949
43730   2949
43740   2949
43750   2949
43760   2949
43770   2949
43780   2949
43790   2949
43800   2949
43810   2949
43820   2949
43830   2949
43840   2949
43850   2949
43860   2949
43870   2949
43880   2949
43890   2949
43900   2949
43910   2949
43920   2949
43930   2949
43940   2949
43950   2949
43960   2949
43970   2949
43980   2949
43990   2949
44000   2949
44010   2949
44020   2949
44030   2949
44040   2949
44050   2949
44060   2949
44070   2949
44080   2949
44090   2949
44100   2949
44110   2949
44120   2949
44130   2949
44140   2949
44150   2949
44160   2949
44170   2949
44180   2949
44190   2949
44200   2949
44210   2949
44220   2949
44230   2949
44240   2949
44250   2949
44260   2949
44270   2949
44280   2949
44290   2949
44300   2949
44310   2949
44320   2949
44330   2949
44340   2949
44350   2949
44360   2949
44370   2949
44380   2949
44390   2949
44400   2949
44410   2949
44420   2949
44430   2949
44440   2949
44450   2949
44460   2949
44470   2949
44480   2949
44490   2949
44500   2949
44510   2949
44520   2949
44530   2949
44540   2949
44550   2949
44560   2949
44570   2949
44580   2949
44590   2949
44600   2949
44610   2949
44620   2949
44630   2949
44640   2949
44650   2949
44660   2949
44670   2949
44680   2949
44690   2949
44700   2949
44710   2949
44720   2949
44730   2949
44740   2949
44750   2949
44760   2949
44770   2949
44780   2949
44790   2949
44800   2949
44810   2949
44820   2949
44830   2949
44840   2949
44850   2949
44860   2949
44870   2949
44880   2949
44890   2949
44900   2949
44910   2949
44920   2949
44930   2949
44940   2949
44950   2949
44960   2949
44970   2949
44980   2949
44990   2949
45000   2949
45010   2949
45020   2949
45030   2949
45040   2949
45050   2949
45060   2949
45070   2949
45080   2949
45090   2949
45100   2949
45110   2949
45120   2949
45130   2949
45140   2949
45150   2949
45160   2949
45170   2949
45180   2949
45190   2949
45200   2949
45210   2949
45220   2949
45230   2949
45240   2949
45250   2949
45260   2949
45270   2949
45280   2949
45290   2949
45300   2949
45310   2949
45320   2949
45330   2949
45340   2949
45350   2949
45360   2949
45370   2949
45380   2949
45390   2949
45400   2949
45410   2949
45420   2949
45430   2949
45440   2949
45450   2949
45460   2949
45470   2949
45480   2949
45490   2949
45500   2949
45510   2949
45520   2949
45530   2949
45540   2949
45550   2949
45560   2949
45570   2949
45580   2949
45590   2949
45600   2949
45610   2949
45620   2949
45630   2949
45640   2949
45650   2949
45660   2949
45670   2949
45680   2949
45690   2949
45700   2949
45710   2949
45720   2949
45730   2949
45740   2949
45750   2949
45760   2949
45770   2949
45780   2949
45790   2949
45800   2949
45810   2949
45820   2949
45830   2949
45840   2949
45850   2949
45860   2949
45870   2949
45880   2949
45890   2949
45900   2949
45910   2949
45920   2949
45930   2949
45940   2949
45950   2949
45960   2949
45970   2949
45980   2949
45990   2949
46000   2949
46010   2949
46020   2949
46030   2949
46040   2949
46050   2949
46060   2949
46070   2949
46080   2949
46090   2949
46100   2949
46110   2949
46120   2949
46130   2949
46140   2949
46150   2949
46160   2949
46170   2949
46180   2949
46190   2949
46200   2949
46210   2949
46220   2949
46230   2949
46240   2949
46250   2949
46260   2949
46270   2949
46280   2949
46290   2949
46300   2949
46310   2949
46320   2949
46330   2949
46340   2949
46350   2949
46360   2949
46370   2949
46380   2949
46390   2949
46400   2949
46410   2949
46420   2949
46430   2949
46440   2949
46450   2949
46460   2949
46470   2949
46480   2949
46490   2949
46500   2949
46510   2949
46520   2949
46530   2949
46540   2949
46550   2949
46560   2949
46570   2949
46580   2949
46590   2949
46600   2949
46610   2949
46620   2949
46630   2949
46640   2949
46650   2949
46660   2949
46670   2949
46680   2949
46690   2949
46700   2949
46710   2949
46720   2949
46730   2949
46740   2949
46750   2949
46760   2949
46770   2949
46780   2949
46790   2949
46800   2949
46810   2949
46820   2949
46830   2949
46840   2949
46850   2949
46860   2949
46870   2949
46880   2949
46890   2949
46900   2949
46910   2949
46920   2949
46930   2949
46940   2949
46950   2949
46960   2949
46970   2949
46980   2949
46990   2949
47000   2949
47010   2949
47020   2949
47030   2949
47040   2949
47050   2949
47060   2949
47070   2949
47080   2949
47090   2949
47100   2949
47110   2949
47120   2949
47130   2949
47140   2949
47150   2949
47160   2949
47170   2949
47180   2949
47190   2949
47200   2949
47210   2949
47220   2949
47230   2949
47240   2949
47250   2949
47260   2949
47270   2949
47280   2949
47290   2949
47300   2949
47310   2949
47320   2949
47330   2949
47340   2949
47350   2949
47360   2949
47370   2949
47380   2949
47390   2949
47400   2949
47410   2949
47420   2949
47430   2949
47440   2949
47450   2949
47460   2949
47470   2949
47480   2949
47490   2949
47500   2949
47510   2949
47520   2949
47530   2949
47540   2949
47550   2949
47560   2949
47570   2949
47580   2949
47590   2949
47600   2949
47610   2949
47620   2949
47630   2949
47640   2949
47650   2949
47660   2949
47670   2949
47680   2949
47690   2949
47700   2949
47710   2949
47720   2949
47730   2949
47740   2949
47750   2949
47760   2949
47770   2949
47780   2949
47790   2949
47800   2949
47810   2949
47820   2949
47830   2949
47840   2949
47850   2949
47860   2949
47870   2949
47880   2949
47890   2949
47900   2949
47910   2949
47920   2949
47930   2949
47940   2949
47950   2949
47960   2949
47970   2949
47980   2949
47990   2949
48000   2949
48010   2949
48020   2949
48030   2949
48040   2949
48050   2949
48060   2949
48070   2949
48080   2949
48090   2949
48100   2949
48110   2949
48120   2949
48130   2949
48140   2949
48150   2949
48160   2949
48170   2949
48180   2949
48190   2949
48200   2949
48210   2949
48220   2949
48230   2949
48240   2949
48250   2949
48260   2949
48270   2949
48280   2949
48290   2949
48300   2949
48310   2949
48320   2949
48330   2949
48340   2949
48350   2949
48360   2949
48370   2949
48380   2949
48390   2949
48400   2949
48410   2949
48420   2949
48430   2949
48440   2949
48450   2949
48460   2949
48470   2949
48480   2949
48490   2949
48500   2949
48510   2949
48520   2949
48530   2949
48540   2949
48550   2949
48560   2949
48570   2949
48580   2949
48590   2949
48600   2949
48610   2949
48620   2949
48630   2949
48640   2949
48650   2949
48660   2949
48670   2949
48680   2949
48690   2949
48700   2949
48710   2949
48720   2949
48730   2949
48740   2949
48750   2949
48760   2949
48770   2949
48780   2949
48790   2949
48800   2949
48810   2949
48820   2949
48830   2949
48840   2949
48850   2949
48860   2949
48870   2949
48880   2949
48890   2949
48900   2949
48910   2949
48920   2949
48930   2949
48940   2949
48950   2949
48960   2949
48970   2949
48980   2949
48990   2949
49000   2949
49010   2949
49020   2949
49030   2949
49040   2949
49050   2949
49060   2949
49070   2949
49080   2949
49090   2949
49100   2949
49110   2949
49120   2949
49130   2949
49140   2949
49150   2949
49160   2949
49170   2949
49180   2949
49190   2949
49200   2949
49210   2949
49220   2949
49230   2949
49240   2949
49250   2949
49260   2949
49270   2949
49280   2949
49290   2949
49300   2949
49310   2949
49320   2949
49330   2949
49340   2949
49350   2949
49360   2949
49370   2949
49380   2949
49390   2949
49400   2949
49410   2949
49420   2949
49430   2949
49440   2949
49450   2949
49460   2949
49470   2949
49480   2949
49490   2949
49500   2949
49510   2949
49520   2949
49530   2949
49540   2949
49550   2949
49560   2949
49570   2949
49580   2949
49590   2949
49600   2949
49610   2949
49620   2949
49630   2949
49640   2949
49650   2949
49660   2949
49670   2949
49680   2949
49690   2949
49700   2949
49710   2949
49720   2949
49730   2949
49740   2949
49750   2949
49760   2949
49770   2949
49780   2949
49790   2949
49800   2949
49810   2949
49820   2949
49830   2949
49840   2949
49850   2949
49860   2949
49870   2949
49880   2949
49890   2949
49900   2949
49910   2949
49920   2949
49930   2949
49940   2949
49950   2949
49960   2949
49970   2949
49980   2949
49990   2949
50000   2949
50010   2949
50020   2949
50030   2949
50040   2949
50050   2949
50060   2949
50070   2949
50080   2949
50090   2949
50100   2949
50110   2949
50120   2949
50130   2949
50140   2949
50150   2949
50160   2949
50170   2949
50180   2949
50190   2949
50200   2949
50210   2949
50220   2949
50230   2949
50240   2949
50250   2949
50260   2949
50270   2949
50280   2949
50290   2949
50300   2949
50310   2949
50320   2949
50330   2949
50340   2949
50350   2949
50360   2949
50370   2949
50380   2949
50390   2949
50400   2949
50410   2949
50420   2949
50430   2949
50440   2949
50450   2949
50460   2949
50470   2949
50480   2949
50490   2949
50500   2949
50510   2949
50520   2949
50530   2949
50540   2949
50550   2949
50560   2949
50570   2949
50580   2949
50590   2949
50600   2949
50610   2949
50620   2949
50630   2949
50640   2949
50650   2949
50660   2949
50670   2949
50680   2949
50690   2949
50700   2949
50710   2949
50720   2949
50730   2949
50740   2949
50750   2949
50760   2949
50770   2949
50780   2949
50790   2949
50800   2949
50810   2949
50820   2949
50830   2949
50840   2949
50850   2949
50860   2949
50870   2949
50880   2949
50890   2949
50900   2949
50910   2949
50920   2949
50930   2949
50940   2949
50950   2949
50960   2949
50970   2949
50980   2949
50990   2949
51000   2949
51010   2949
51020   2949
51030   2949
51040   2949
51050   2949
51060   2949
51070   2949
51080   2949
51090   2949
51100   2949
51110   2949
51120   2949
51130   2949
51140   2949
51150   2949
51160   2949
51170   2949
51180   2949
51190   2949
51200   2949
51210   2949
51220   2949
51230   2949
51240   2949
51250   2949
51260   2949
51270   2949
51280   2949
51290   2949
51300   2949
51310   2949
51320   2949
51330   2949
51340   2949
51350   2949
51360   2949
51370   2949
51380   2949
51390   2949
51400   2949
51410   2949
51420   2949
51430   2949
51440   2949
51450   2949
51460   2949
51470   2949
51480   2949
51490   2949
51500   2949
51510   2949
51520   2949
51530   2949
51540   2949
51550   2949
51560   2949
51570   2949
51580   2949
51590   2949
51600   2949
51610   2949
51620   2949
51630   2949
51640   2949
51650   2949
51660   2949
51670   2949
51680   2949
51690   2949
51700   2949
51710   2949
51720   2949
51730   2949
51740   2949
51750   2949
51760   2949
51770   2949
51780   2949
51790   2949
51800   2949
51810   2949
51820   2949
51830   2949
51840   2949
51850   2949
51860   2949
51870   2949
51880   2949
51890   2949
51900   2949
51910   2949
51920   2949
51930   2949
51940   2949
51950   2949
51960   2949
51970   2949
51980   2949
51990   2949
52000   2949
52010   2949
52020   2949
52030   2949
52040   2949
52050   2949
52060   2949
52070   2949
52080   2949
52090   2949
52100   2949
52110   2949
52120   2949
52130   2949
52140   2949
52150   2949
52160   2949
52170   2949
52180   2949
52190   2949
52200   2949
52210   2949
52220   2949
52230   2949
52240   2949
52250   2949
52260   2949
52270   2949
52280   2949
52290   2949
52300   2949
52310   2949
52320   2949
52330   2949
52340   2949
52350   2949
52360   2949
52370   2949
52380   2949
52390   2949
52400   2949
52410   2949
52420   2949
52430   2949
52440   2949
52450   2949
52460   2949
52470   2949
52480   2949
52490   2949
52500   2949
52510   2949
52520   2949
52530   2949
52540   2949
52550   2949
52560   2949
52570   2949
52580   2949
52590   2949
52600   2949
52610   2949
52620   2949
52630   2949
52640   2949
52650   2949
52660   2949
52670   2949
52680   2949
52690   2949
52700   2949
52710   2949
52720   2949
52730   2949
52740   2949
52750   2949
52760   2949
52770   2949
52780   2949
52790   2949
52800   2949
52810   2949
52820   2949
52830   2949
52840   2949
52850   2949
52860   2949
52870   2949
52880   2949
52890   2949
52900   2949
52910   2949
52920   2949
52930   2949
52940   2949
52950   2949
52960   2949
52970   2949
52980   2949
52990   2949
53000   2949
53010   2949
53020   2949
53030   2949
53040   2949
53050   2949
53060   2949
53070   2949
53080   2949
53090   2949
53100   2949
53110   2949
53120   2949
53130   2949
53140   2949
53150   2949
53160   2949
53170   2949
53180   2949
53190   2949
53200   2949
53210   2949
53220   2949
53230   2949
53240   2949
53250   2949
53260   2949
53270   2949
53280   2949
53290   2949
53300   2949
53310   2949
53320   2949
53330   2949
53340   2949
53350   2949
53360   2949
53370   2949
53380   2949
53390   2949
53400   2949
53410   2949
53420   2949
53430   2949
53440   2949
53450   2949
53460   2949
53470   2949
53480   2949
53490   2949
53500   2949
53510   2949
53520   2949
53530   2949
53540   2949
53550   2949
53560   2949
53570   2949
53580   2949
53590   2949
53600   2949
53610   2949
53620   2949
53630   2949
53640   2949
53650   2949
53660   2949
53670   2949
53680   2949
53690   2949
53700   2949
53710   2949
53720   2949
53730   2949
53740   2949
53750   2949
53760   2949
53770   2949
53780   2949
53790   2949
53800   2949
53810   2949
53820   2949
53830   2949
53840   2949
53850   2949
53860   2949
53870   2949
53880   2949
53890   2949
53900   2949
53910   2949
53920   2949
53930   2949
53940   2949
53950   2949
53960   2949
53970   2949
53980   2949
53990   2949
54000   2949
54010   2949
54020   2949
54030   2949
54040   2949
54050   2949
54060   2949
54070   2949
54080   2949
54090   2949
54100   2949
54110   2949
54120   2949
54130   2949
54140   2949
54150   2949
54160   2949
54170   2949
54180   2949
54190   2949
54200   2949
54210   2949
54220   2949
54230   2949
54240   2949
54250   2949
54260   2949
54270   2949
54280   2949
54290   2949
54300   2949
54310   2949
54320   2949
54330   2949
54340   2949
54350   2949
54360   2949
54370   2949
54380   2949
54390   2949
54400   2949
54410   2949
54420   2949
54430   2949
54440   2949
54450   2949
54460   2949
54470   2949
54480   2949
54490   2949
54500   2949
54510   2949
54520   2949
54530   2949
54540   2949
54550   2949
54560   2949
54570   2949
54580   2949
54590   2949
54600   2949
54610   2949
54620   2949
54630   2949
54640   2949
54650   2949
54660   2949
54670   2949
54680   2949
54690   2949
54700   2949
54710   2949
54720   2949
54730   2949
54740   2949
54750   2949
54760   2949
54770   2949
54780   2949
54790   2949
54800   2949
54810   2949
54820   2949
54830   2949
54840   2949
54850   2949
54860   2949
54870   2949
54880   2949
54890   2949
54900   2949
54910   2949
54920   2949
54930   2949
54940   2949
54950   2949
54960   2949
54970   2949
54980   2949
54990   2949
55000   2949
55010   2949
55020   2949
55030   2949
55040   2949
55050   2949
55060   2949
55070   2949
55080   2949
55090   2949
55100   2949
55110   2949
55120   2949
55130   2949
55140   2949
55150   2949
55160   2949
55170   2949
55180   2949
55190   2949
55200   2949
55210   2949
55220   2949
55230   2949
55240   2949
55250   2949
55260   2949
55270   2949
55280   2949
55290   2949
55300   2949
55310   2949
55320   2949
55330   2949
55340   2949
55350   2949
55360   2949
55370   2949
55380   2949
55390   2949
55400   2949
55410   2949
55420   2949
55430   2949
55440   2949
55450   2949
55460   2949
55470   2949
55480   2949
55490   2949
55500   2949
55510   2949
55520   2949
55530   2949
55540   2949
55550   2949
55560   2949
55570   2949
55580   2949
55590   2949
55600   2949
55610   2949
55620   2949
55630   2949
55640   2949
55650   2949
55660   2949
55670   2949
55680   2949
55690   2949
55700   2949
55710   2949
55720   2949
55730   2949
55740   2949
55750   2949
55760   2949
55770   2949
55780   2949
55790   2949
55800   2949
55810   2949
55820   2949
55830   2949
55840   2949
55850   2949
55860   2949
55870   2949
55880   2949
55890   2949
55900   2949
55910   2949
55920   2949
55930   2949
55940   2949
55950   2949
55960   2949
55970   2949
55980   2949
55990   2949
56000   2949
56010   2949
56020   2949
56030   2949
56040   2949
56050   2949
56060   2949
56070   2949
56080   2949
56090   2949
56100   2949
56110   2949
56120   2949
56130   2949
56140   2949
56150   2949
56160   2949
56170   2949
56180   2949
56190   2949
56200   2949
56210   2949
56220   2949
56230   2949
56240   2949
56250   2949
56260   2949
56270   2949
56280   2949
56290   2949
56300   2949
56310   2949
56320   2949
56330   2949
56340   2949
56350   2949
56360   2949
56370   2949
56380   2949
56390   2949
56400   2949
56410   2949
56420   2949
56430   2949
56440   2949
56450   2949
56460   2949
56470   2949
56480   2949
56490   2949
56500   2949
56510   2949
56520   2949
56530   2949
56540   2949
56550   2949
56560   2949
56570   2949
56580   2949
56590   2949
56600   2949
56610   2949
56620   2949
56630   2949
56640   2949
56650   2949
56660   2949
56670   2949
56680   2949
56690   2949
56700   2949
56710   2949
56720   2949
56730   2949
56740   2949
56750   2949
56760   2949
56770   2949
56780   2949
56790   2949
56800   2949
56810   2949
56820   2949
56830   2949
56840   2949
56850   2949
56860   2949
56870   2949
56880   2949
56890   2949
56900   2949
56910   2949
56920   2949
56930   2949
56940   2949
56950   2949
56960   2949
56970   2949
56980   2949
56990   2949
57000   2949
57010   2949
57020   2949
57030   2949
57040   2949
57050   2949
57060   2949
57070   2949
57080   2949
57090   2949
57100   2949
57110   2949
57120   2949
57130   2949
57140   2949
57150   2949
57160   2949
57170   2949
57180   2949
57190   2949
57200   2949
57210   2949
57220   2949
57230   2949
57240   2949
57250   2949
57260   2949
57270   2949
57280   2949
57290   2949
57300   2949
57310   2949
57320   2949
57330   2949
57340   2949
57350   2949
57360   2949
57370   2949
57380   2949
57390   2949
57400   2949
57410   2949
57420   2949
57430   2949
57440   2949
57450   2949
57460   2949
57470   2949
57480   2949
57490   2949
57500   2949
57510   2949
57520   2949
57530   2949
57540   2949
57550   2949
57560   2949
57570   2949
57580   2949
57590   2949
57600   2949
57610   2949
57620   2949
57630   2949
57640   2949
57650   2949
57660   2949
57670   2949
57680   2949
57690   2949
57700   2949
57710   2949
57720   2949
57730   2949
57740   2949
57750   2949
57760   2949
57770   2949
57780   2949
57790   2949
57800   2949
57810   2949
57820   2949
57830   2949
57840   2949
57850   2949
57860   2949
57870   2949
57880   2949
57890   2949
57900   2949
57910   2949
57920   2949
57930   2949
57940   2949
57950   2949
57960   2949
57970   2949
57980   2949
57990   2949
58000   2949
58010   2949
58020   2949
58030   2949
58040   2949
58050   2949
58060   2949
58070   2949
58080   2949
58090   2949
58100   2949
58110   2949
58120   2949
58130   2949
58140   2949
58150   2949
58160   2949
58170   2949
58180   2949
58190   2949
58200   2949
58210   2949
58220   2949
58230   2949
58240   2949
58250   2949
58260   2949
58270   2949
58280   2949
58290   2949
58300   2949
58310   2949
58320   2949
58330   2949
58340   2949
58350   2949
58360   2949
58370   2949
58380   2949
58390   2949
58400   2949
58410   2949
58420   2949
58430   2949
58440   2949
58450   2949
58460   2949
58470   2949
58480   2949
58490   2949
58500   2949
58510   2949
58520   2949
58530   2949
58540   2949
58550   2949
58560   2949
58570   2949
58580   2949
58590   2949
58600   2949
58610   2949
58620   2949
58630   2949
58640   2949
58650   2949
58660   2949
58670   2949
58680   2949
58690   2949
58700   2949
58710   2949
58720   2949
58730   2949
58740   2949
58750   2949
58760   2949
58770   2949
58780   2949
58790   2949
58800   2949
58810   2949
58820   2949
58830   2949
58840   2949
58850   2949
58860   2949
58870   2949
58880   2949
58890   2949
58900   2949
58910   2949
58920   2949
58930   2949
58940   2949
58950   2949
58960   2949
58970   2949
58980   2949
58990   2949
59000   2949
59010   2949
59020   2949
59030   2949
59040   2949
59050   2949
59060   2949
59070   2949
59080   2949
59090   2949
59100   2949
59110   2949
59120   2949
59130   2949
59140   2949
59150   2949
59160   2949
59170   2949
59180   2949
59190   2949
59200   2949
59210   2949
59220   2949
59230   2949
59240   2949
59250   2949
59260   2949
59270   2949
59280   2949
59290   2949
59300   2949
59310   2949
59320   2949
59330   2949
59340   2949
59350   2949
59360   2949
59370   2949
59380   2949
59390   2949
59400   2949
59410   2949
59420   2949
59430   2949
59440   2949
59450   2949
59460   2949
59470   2949
59480   2949
59490   2949
59500   2949
59510   2949
59520   2949
59530   2949
59540   2949
59550   2949
59560   2949
59570   2949
59580   2949
59590   2949
59600   2949
59610   2949
59620   2949
59630   2949
59640   2949
59650   2949
59660   2949
59670   2949
59680   2949
59690   2949
59700   2949
59710   2949
59720   2949
59730   2949
59740   2949
59750   2949
59760   2949
59770   2949
59780   2949
59790   2949
59800   2949
59810   2949
59820   2949
59830   2949
59840   2949
59850   2949
59860   2949
59870   2949
59880   2949
59890   2949
59900   2949
59910   2949
59920   2949
59930   2949
59940   2949
59950   2949
59960   2949
59970   2949
59980   2949
59990   2949
60000   2949
60010   2949
60020   2949
60030   2949
60040   2949
60050   2949
60060   2949
60070   2949
60080   2949
60090   2949
60100   2949
60110   2949
60120   2949
60130   2949
60140   2949
60150   2949
60160   2949
60170   2949
60180   2949
60190   2949
60200   2949
60210   2949
60220   2949
60230   2949
60240   2949
60250   2949
60260   2949
60270   2949
60280   2949
60290   2949
60300   2949
60310   2949
60320   2949
60330   2949
60340   2949
60350   2949
60360   2949
60370   2949
60380   2949
60390   2949
60400   2949
60410   2949
60420   2949
60430   2949
60440   2949
60450   2949
60460   2949
60470   2949
60480   2949
60490   2949
60500   2949
60510   2949
60520   2949
60530   2949
60540   2949
60550   2949
60560   2949
60570   2949
60580   2949
60590   2949
60600   2949
60610   2949
60620   2949
60630   2949
60640   2949
60650   2949
60660   2949
60670   2949
60680   2949
60690   2949
60700   2949
60710   2949
60720   2949
60730   2949
60740   2949
60750   2949
60760   2949
60770   2949
60780   2949
60790   2949
60800   2949
60810   2949
60820   2949
60830   2949
60840   2949
60850   2949
60860   2949
60870   2949
60880   2949
60890   2949
60900   2949
60910   2949
60920   2949
60930   2949
60940   2949
60950   2949
60960   2949
60970   2949
60980   2949
60990   2949
61000   2949
61010   2949
61020   2949
61030   2949
61040   2949
61050   2949
61060   2949
61070   2949
61080   2949
61090   2949
61100   2949
61110   2949
61120   2949
61130   2949
61140   2949
61150   2949
61160   2949
61170   2949
61180   2949
61190   2949
61200   2949
61210   2949
61220   2949
61230   2949
61240   2949
61250   2949
61260   2949
61270   2949
61280   2949
61290   2949
61300   2949
61310   2949
61320   2949
61330   2949
61340   2949
61350   2949
61360   2949
61370   2949
61380   2949
61390   2949
61400   2949
61410   2949
61420   2949
61430   2949
61440   2949
61450   2949
61460   2949
61470   2949
61480   2949
61490   2949
61500   2949
61510   2949
61520   2949
61530   2949
61540   2949
61550   2949
61560   2949
61570   2949
61580   2949
61590   2949
61600   2949
61610   2949
61620   2949
61630   2949
61640   2949
61650   2949
61660   2949
61670   2949
61680   2949
61690   2949
61700   2949
61710   2949
61720   2949
61730   2949
61740   2949
61750   2949
61760   2949
61770   2949
61780   2949
61790   2949
61800   2949
61810   2949
61820   2949
61830   2949
61840   2949
61850   2949
61860   2949
61870   2949
61880   2949
61890   2949
61900   2949
61910   2949
61920   2949
61930   2949
61940   2949
61950   2949
61960   2949
61970   2949
61980   2949
61990   2949
62000   2949
62010   2949
62020   2949
62030   2949
62040   2949
62050   2949
62060   2949
62070   2949
62080   2949
62090   2949
62100   2949
62110   2949
62120   2949
62130   2949
62140   2949
62150   2949
62160   2949
62170   2949
62180   2949
62190   2949
62200   2949
62210   2949
62220   2949
62230   2949
62240   2949
62250   2949
62260   2949
62270   2949
62280   2949
62290   2949
62300   2949
62310   2949
62320   2949
62330   2949
62340   2949
62350   2949
62360   2949
62370   2949
62380   2949
62390   2949
62400   2949
62410   2949
62420   2949
62430   2949
62440   2949
62450   2949
62460   2949
62470   2949
62480   2949
62490   2949
62500   2949
62510   2949
62520   2949
62530   2949
62540   2949
62550   2949
62560   2949
62570   2949
62580   2949
62590   2949
62600   2949
62610   2949
62620   2949
62630   2949
62640   2949
62650   2949
62660   2949
62670   2949
62680   2949
62690   2949
62700   2949
62710   2949
62720   2949
62730   2949
62740   2949
62750   2949
62760   2949
62770   2949
62780   2949
62790   2949
62800   2949
62810   2949
62820   2949
62830   2949
62840   2949
62850   2949
62860   2949
62870   2949
62880   2949
62890   2949
62900   2949
62910   2949
62920   2949
62930   2949
62940   2949
62950   2949
62960   2949
62970   2949
62980   2949
62990   2949
63000   2949
63010   2949
63020   2949
63030   2949
63040   2949
63050   2949
63060   2949
63070   2949
63080   2949
63090   2949
63100   2949
63110   2949
63120   2949
63130   2949
63140   2949
63150   2949
63160   2949
63170   2949
63180   2949
63190   2949
63200   2949
63210   2949
63220   2949
63230   2949
63240   2949
63250   2949
63260   2949
63270   2949
63280   2949
63290   2949
63300   2949
63310   2949
63320   2949
63330   2949
63340   2949
63350   2949
63360   2949
63370   2949
63380   2949
63390   2949
63400   2949
63410   2949
63420   2949
63430   2949
63440   2949
63450   2949
63460   2949
63470   2949
63480   2949
63490   2949
63500   2949
63510   2949
63520   2949
63530   2949
63540   2949
63550   2949
63560   2949
63570   2949
63580   2949
63590   2949
63600   2949
63610   2949
63620   2949
63630   2949
63640   2949
63650   2949
63660   2949
63670   2949
63680   2949
63690   2949
63700   2949
63710   2949
63720   2949
63730   2949
63740   2949
63750   2949
63760   2949
63770   2949
63780   2949
63790   2949
63800   2949
63810   2949
63820   2949
63830   2949
63840   2949
63850   2949
63860   2949
63870   2949
63880   2949
63890   2949
63900   2949
63910   2949
63920   2949
63930   2949
63940   2949
63950   2949
63960   2949
63970   2949
63980   2949
63990   2949
64000   2949
64010   2949
64020   2949
64030   2949
64040   2949
64050   2949
64060   2949
64070   2949
64080   2949
64090   2949
64100   2949
64110   2949
64120   2949
64130   2949
64140   2949
64150   2949
64160   2949
64170   2949
64180   2949
64190   2949
64200   2949
64210   2949
64220   2949
64230   2949
64240   2949
64250   2949
64260   2949
64270   2949
64280   2949
64290   2949
64300   2949
64310   2949
64320   2949
64330   2949
64340   2949
64350   2949
64360   2949
64370   2949
64380   2949
64390   2949
64400   2949
64410   2949
64420   2949
64430   2949
64440   2949
64450   2949
64460   2949
64470   2949
64480   2949
64490   2949
64500   2949
64510   2949
64520   2949
64530   2949
64540   2949
64550   2949
64560   2949
64570   2949
64580   2949
64590   2949
64600   2949
64610   2949
64620   2949
64630   2949
64640   2949
64650   2949
64660   2949
64670   2949
64680   2949
64690   2949
64700   2949
64710   2949
64720   2949
64730   2949
64740   2949
64750   2949
64760   2949
64770   2949
64780   2949
64790   2949
64800   2949
64810   2949
64820   2949
64830   2949
64840   2949
64850   2949
64860   2949
64870   2949
64880   2949
64890   2949
64900   2949
64910   2949
64920   2949
64930   2949
64940   2949
64950   2949
64960   2949
64970   2949
64980   2949
64990   2949
65000   2949
65010   2949
65020   2949
65030   2949
65040   2949
65050   2949
65060   2949
65070   2949
65080   2949
65090   2949
65100   2949
65110   2949
65120   2949
65130   2949
65140   2949
65150   2949
65160   2949
65170   2949
65180   2949
65190   2949
65200   2949
65210   2949
65220   2949
65230   2949
65240   2949
65250   2949
65260   2949
65270   2949
65280   2949
65290   2949
65300   2949
65310   2949
65320   2949
65330   2949
65340   2949
65350   2949
65360   2949
65370   2949
65380   2949
65390   2949
65400   2949
65410   2949
65420   2949
65430   2949
65440   2949
65450   2949
65460   2949
65470   2949
65480   2949
65490   2949
65500   2949
65510   2949
65520   2949
65530   2949
65540   2949
65550   2949
65560   2949
65570   2949
65580   2949
65590   2949
65600   2949
65610   2949
65620   2949
65630   2949
65640   2949
65650   2949
65660   2949
65670   2949
65680   2949
65690   2949
65700   2949
65710   2949
65720   2949
65730   2949
65740   2949
65750   2949
65760   2949
65770   2949
65780   2949
65790   2949
65800   2949
65810   2949
65820   2949
65830   2949
65840   2949
65850   2949
65860   2949
65870   2949
65880   2949
65890   2949
65900   2949
65910   2949
65920   2949
65930   2949
65940   2949
65950   2949
65960   2949
65970   2949
65980   2949
65990   2949
66000   2949
66010   2949
66020   2949
66030   2949
66040   2949
66050   2949
66060   2949
66070   2949
66080   2949
66090   2949
66100   2949
66110   2949
66120   2949
66130   2949
66140   2949
66150   2949
66160   2949
66170   2949
66180   2949
66190   2949
66200   2949
66210   2949
66220   2949
66230   2949
66240   2949
66250   2949
66260   2949
66270   2949
66280   2949
66290   2949
66300   2949
66310   2949
66320   2949
66330   2949
66340   2949
66350   2949
66360   2949
66370   2949
66380   2949
66390   2949
66400   2949
66410   2949
66420   2949
66430   2949
66440   2949
66450   2949
66460   2949
66470   2949
66480   2949
66490   2949
66500   2949
66510   2949
66520   2949
66530   2949
66540   2949
66550   2949
66560   2949
66570   2949
66580   2949
66590   2949
66600   2949
66610   2949
66620   2949
66630   2949
66640   2949
66650   2949
66660   2949
66670   2949
66680   2949
66690   2949
66700   2949
66710   2949
66720   2949
66730   2949
66740   2949
66750   2949
66760   2949
66770   2949
66780   2949
66790   2949
66800   2949
66810   2949
66820   2949
66830   2949
66840   2949
66850   2949
66860   2949
66870   2949
66880   2949
66890   2949
66900   2949
66910   2949
66920   2949
66930   2949
66940   2949
66950   2949
66960   2949
66970   2949
66980   2949
66990   2949
67000   2949
67010   2949
67020   2949
67030   2949
67040   2949
67050   2949
67060   2949
67070   2949
67080   2949
67090   2949
67100   2949
67110   2949
67120   2949
67130   2949
67140   2949
67150   2949
67160   2949
67170   2949
67180   2949
67190   2949
67200   2949
67210   2949
67220   2949
67230   2949
67240   2949
67250   2949
67260   2949
67270   2949
67280   2949
67290   2949
67300   2949
67310   2949
67320   2949
67330   2949
67340   2949
67350   2949
67360   2949
67370   2949
67380   2949
67390   2949
67400   2949
67410   2949
67420   2949
67430   2949
67440   2949
67450   2949
67460   2949
67470   2949
67480   2949
67490   2949
67500   2949
67510   2949
67520   2949
67530   2949
67540   2949
67550   2949
67560   2949
67570   2949
67580   2949
67590   2949
67600   2949
67610   2949
67620   2949
67630   2949
67640   2949
67650   2949
67660   2949
67670   2949
67680   2949
67690   2949
67700   2949
67710   2949
67720   2949
67730   2949
67740   2949
67750   2949
67760   2949
67770   2949
67780   2949
67790   2949
67800   2949
67810   2949
67820   2949
67830   2949
67840   2949
67850   2949
67860   2949
67870   2949
67880   2949
67890   2949
67900   2949
67910   2949
67920   2949
67930   2949
67940   2949
67950   2949
67960   2949
67970   2949
67980   2949
67990   2949
68000   2949
68010   2949
