10   3965
20   3965
30   3965
40   3809
50   3809
60   3809
70   3809
80   3678
90   3678
100   3678
110   3556
120   3556
130   3556
140   3556
150   3556
160   3556
170   3556
180   3556
190   3556
200   3556
210   3556
220   3556
230   3556
240   3460
250   3460
260   3460
270   3460
280   3460
290   3460
300   3460
310   3460
320   3460
330   3460
340   3460
350   3460
360   3460
370   3460
380   3460
390   3460
400   3460
410   3460
420   3460
430   3460
440   3460
450   3460
460   3460
470   3460
480   3460
490   3460
500   3460
510   3460
520   3460
530   3460
540   3460
550   3460
560   3460
570   3460
580   3460
590   3460
600   3460
610   3460
620   3460
630   3460
640   3460
650   3460
660   3460
670   3460
680   3460
690   3460
700   3460
710   3460
720   3460
730   3460
740   3460
750   3460
760   3460
770   3460
780   3460
790   3460
800   3460
810   3460
820   3460
830   3460
840   3460
850   3460
860   3460
870   3460
880   3460
890   3460
900   3460
910   3460
920   3442
930   3442
940   3442
950   3442
960   3442
970   3442
980   3442
990   3442
1000   3442
1010   3442
1020   3442
1030   3442
1040   3442
1050   3442
1060   3442
1070   3442
1080   3442
1090   3442
1100   3442
1110   3442
1120   3442
1130   3442
1140   3442
1150   3442
1160   3442
1170   3442
1180   3442
1190   3442
1200   3442
1210   3442
1220   3442
1230   3442
1240   3442
1250   3442
1260   3442
1270   3398
1280   3398
1290   3398
1300   3398
1310   3398
1320   3398
1330   3398
1340   3398
1350   3398
1360   3398
1370   3398
1380   3398
1390   3398
1400   3398
1410   3398
1420   3398
1430   3398
1440   3398
1450   3398
1460   3398
1470   3398
1480   3398
1490   3398
1500   3398
1510   3398
1520   3398
1530   3398
1540   3398
1550   3398
1560   3398
1570   3398
1580   3398
1590   3398
1600   3398
1610   3398
1620   3398
1630   3398
1640   3398
1650   3398
1660   3398
1670   3398
1680   3398
1690   3398
1700   3398
1710   3398
1720   3398
1730   3398
1740   3398
1750   3398
1760   3398
1770   3398
1780   3398
1790   3398
1800   3398
1810   3398
1820   3398
1830   3398
1840   3398
1850   3398
1860   3398
1870   3398
1880   3398
1890   3398
1900   3398
1910   3398
1920   3381
1930   3381
1940   3381
1950   3381
1960   3381
1970   3381
1980   3381
1990   3381
2000   3381
2010   3381
2020   3381
2030   3381
2040   3381
2050   3381
2060   3381
2070   3381
2080   3381
2090   3381
2100   3381
2110   3381
2120   3381
2130   3381
2140   3381
2150   3381
2160   3381
2170   3381
2180   3381
2190   3381
2200   3381
2210   3381
2220   3381
2230   3381
2240   3381
2250   3381
2260   3381
2270   3381
2280   3381
2290   3381
2300   3381
2310   3381
2320   3381
2330   3381
2340   3381
2350   3381
2360   3381
2370   3381
2380   3381
2390   3381
2400   3381
2410   3381
2420   3381
2430   3381
2440   3381
2450   3381
2460   3381
2470   3381
2480   3381
2490   3381
2500   3381
2510   3381
2520   3381
2530   3381
2540   3381
2550   3381
2560   3381
2570   3381
2580   3381
2590   3381
2600   3381
2610   3381
2620   3381
2630   3381
2640   3381
2650   3381
2660   3381
2670   3381
2680   3381
2690   3381
2700   3381
2710   3381
2720   3381
2730   3381
2740   3381
2750   3381
2760   3381
2770   3381
2780   3381
2790   3381
2800   3381
2810   3381
2820   3381
2830   3381
2840   3381
2850   3381
2860   3381
2870   3381
2880   3381
2890   3381
2900   3381
2910   3381
2920   3381
2930   3381
2940   3381
2950   3381
2960   3381
2970   3381
2980   3381
2990   3381
3000   3381
3010   3381
3020   3381
3030   3381
3040   3381
3050   3381
3060   3381
3070   3381
3080   3381
3090   3381
3100   3381
3110   3381
3120   3381
3130   3381
3140   3381
3150   3381
3160   3381
3170   3381
3180   3381
3190   3381
3200   3381
3210   3381
3220   3252
3230   3252
3240   3252
3250   3252
3260   3252
3270   3252
3280   3252
3290   3252
3300   3252
3310   3252
3320   3252
3330   3252
3340   3252
3350   3252
3360   3252
3370   3252
3380   3252
3390   3252
3400   3252
3410   3252
3420   3252
3430   3252
3440   3252
3450   3252
3460   3252
3470   3252
3480   3252
3490   3252
3500   3252
3510   3252
3520   3252
3530   3252
3540   3252
3550   3252
3560   3252
3570   3252
3580   3252
3590   3252
3600   3252
3610   3252
3620   3252
3630   3252
3640   3252
3650   3252
3660   3252
3670   3252
3680   3252
3690   3252
3700   3252
3710   3252
3720   3252
3730   3252
3740   3252
3750   3252
3760   3252
3770   3252
3780   3252
3790   3252
3800   3252
3810   3252
3820   3252
3830   3252
3840   3252
3850   3252
3860   3252
3870   3252
3880   3252
3890   3252
3900   3252
3910   3252
3920   3252
3930   3252
3940   3252
3950   3252
3960   3252
3970   3252
3980   3252
3990   3252
4000   3252
4010   3252
4020   3252
4030   3252
4040   3252
4050   3252
4060   3252
4070   3252
4080   3252
4090   3252
4100   3252
4110   3252
4120   3252
4130   3252
4140   3252
4150   3252
4160   3252
4170   3252
4180   3252
4190   3252
4200   3252
4210   3252
4220   3252
4230   3252
4240   3252
4250   3252
4260   3252
4270   3252
4280   3252
4290   3252
4300   3252
4310   3252
4320   3252
4330   3252
4340   3252
4350   3252
4360   3252
4370   3252
4380   3252
4390   3252
4400   3252
4410   3252
4420   3252
4430   3252
4440   3252
4450   3252
4460   3252
4470   3252
4480   3252
4490   3252
4500   3252
4510   3252
4520   3252
4530   3252
4540   3252
4550   3252
4560   3252
4570   3252
4580   3252
4590   3252
4600   3252
4610   3252
4620   3252
4630   3252
4640   3252
4650   3252
4660   3252
4670   3252
4680   3252
4690   3252
4700   3252
4710   3252
4720   3252
4730   3252
4740   3252
4750   3252
4760   3252
4770   3252
4780   3252
4790   3252
4800   3252
4810   3252
4820   3252
4830   3252
4840   3252
4850   3252
4860   3252
4870   3252
4880   3252
4890   3252
4900   3252
4910   3252
4920   3252
4930   3252
4940   3252
4950   3252
4960   3252
4970   3252
4980   3252
4990   3252
5000   3252
5010   3252
5020   3252
5030   3252
5040   3252
5050   3252
5060   3252
5070   3252
5080   3252
5090   3252
5100   3252
5110   3252
5120   3252
5130   3252
5140   3252
5150   3252
5160   3252
5170   3252
5180   3252
5190   3252
5200   3252
5210   3252
5220   3252
5230   3252
5240   3252
5250   3252
5260   3252
5270   3252
5280   3252
5290   3252
5300   3252
5310   3252
5320   3252
5330   3252
5340   3252
5350   3252
5360   3252
5370   3252
5380   3252
5390   3252
5400   3252
5410   3252
5420   3252
5430   3252
5440   3252
5450   3252
5460   3252
5470   3252
5480   3252
5490   3252
5500   3252
5510   3252
5520   3252
5530   3252
5540   3252
5550   3252
5560   3252
5570   3252
5580   3252
5590   3252
5600   3252
5610   3252
5620   3252
5630   3252
5640   3252
5650   3252
5660   3252
5670   3252
5680   3252
5690   3252
5700   3252
5710   3252
5720   3252
5730   3252
5740   3252
5750   3252
5760   3252
5770   3252
5780   3252
5790   3252
5800   3252
5810   3252
5820   3252
5830   3252
5840   3252
5850   3252
5860   3252
5870   3252
5880   3252
5890   3252
5900   3252
5910   3252
5920   3252
5930   3252
5940   3252
5950   3252
5960   3252
5970   3252
5980   3252
5990   3252
6000   3252
6010   3252
6020   3252
6030   3252
6040   3252
6050   3252
6060   3252
6070   3252
6080   3252
6090   3252
6100   3252
6110   3252
6120   3252
6130   3252
6140   3252
6150   3252
6160   3252
6170   3252
6180   3252
6190   3252
6200   3252
6210   3252
6220   3252
6230   3252
6240   3252
6250   3252
6260   3252
6270   3252
6280   3252
6290   3252
6300   3252
6310   3252
6320   3252
6330   3252
6340   3252
6350   3252
6360   3252
6370   3252
6380   3252
6390   3252
6400   3252
6410   3252
6420   3252
6430   3252
6440   3252
6450   3252
6460   3252
6470   3252
6480   3252
6490   3252
6500   3252
6510   3252
6520   3252
6530   3252
6540   3252
6550   3252
6560   3252
6570   3252
6580   3252
6590   3252
6600   3252
6610   3252
6620   3252
6630   3252
6640   3252
6650   3252
6660   3252
6670   3252
6680   3252
6690   3252
6700   3252
6710   3252
6720   3252
6730   3252
6740   3252
6750   3252
6760   3252
6770   3252
6780   3252
6790   3252
6800   3252
6810   3252
6820   3252
6830   3252
6840   3252
6850   3252
6860   3252
6870   3252
6880   3252
6890   3252
6900   3252
6910   3252
6920   3252
6930   3252
6940   3252
6950   3252
6960   3252
6970   3252
6980   3252
6990   3252
7000   3252
7010   3252
7020   3252
7030   3252
7040   3252
7050   3252
7060   3252
7070   3252
7080   3252
7090   3252
7100   3252
7110   3252
7120   3252
7130   3252
7140   3252
7150   3252
7160   3252
7170   3252
7180   3252
7190   3252
7200   3252
7210   3252
7220   3252
7230   3252
7240   3252
7250   3252
7260   3252
7270   3252
7280   3252
7290   3252
7300   3252
7310   3252
7320   3252
7330   3252
7340   3252
7350   3252
7360   3252
7370   3252
7380   3252
7390   3252
7400   3252
7410   3252
7420   3252
7430   3252
7440   3252
7450   3252
7460   3252
7470   3252
7480   3252
7490   3252
7500   3252
7510   3252
7520   3252
7530   3252
7540   3252
7550   3252
7560   3252
7570   3252
7580   3252
7590   3252
7600   3252
7610   3252
7620   3252
7630   3252
7640   3252
7650   3252
7660   3252
7670   3252
7680   3252
7690   3252
7700   3252
7710   3252
7720   3252
7730   3252
7740   3252
7750   3252
7760   3252
7770   3252
7780   3252
7790   3252
7800   3252
7810   3252
7820   3252
7830   3252
7840   3252
7850   3252
7860   3252
7870   3252
7880   3252
7890   3252
7900   3252
7910   3252
7920   3252
7930   3252
7940   3252
7950   3252
7960   3252
7970   3252
7980   3252
7990   3252
8000   3252
8010   3252
8020   3252
8030   3252
8040   3252
8050   3252
8060   3252
8070   3252
8080   3252
8090   3252
8100   3252
8110   3252
8120   3252
8130   3252
8140   3252
8150   3252
8160   3252
8170   3252
8180   3252
8190   3252
8200   3252
8210   3252
8220   3252
8230   3252
8240   3252
8250   3252
8260   3252
8270   3252
8280   3252
8290   3252
8300   3252
8310   3252
8320   3252
8330   3252
8340   3252
8350   3252
8360   3252
8370   3252
8380   3252
8390   3252
8400   3252
8410   3252
8420   3252
8430   3252
8440   3252
8450   3252
8460   3252
8470   3252
8480   3252
8490   3252
8500   3252
8510   3252
8520   3252
8530   3252
8540   3252
8550   3252
8560   3252
8570   3252
8580   3252
8590   3252
8600   3252
8610   3252
8620   3252
8630   3252
8640   3252
8650   3252
8660   3252
8670   3252
8680   3252
8690   3252
8700   3252
8710   3252
8720   3252
8730   3252
8740   3252
8750   3252
8760   3252
8770   3252
8780   3252
8790   3252
8800   3252
8810   3252
8820   3252
8830   3252
8840   3252
8850   3252
8860   3252
8870   3252
8880   3252
8890   3252
8900   3252
8910   3252
8920   3252
8930   3252
8940   3252
8950   3252
8960   3252
8970   3252
8980   3252
8990   3252
9000   3252
9010   3252
9020   3252
9030   3252
9040   3252
9050   3252
9060   3252
9070   3252
9080   3252
9090   3252
9100   3252
9110   3252
9120   3252
9130   3252
9140   3252
9150   3252
9160   3252
9170   3252
9180   3252
9190   3252
9200   3252
9210   3252
9220   3252
9230   3252
9240   3252
9250   3252
9260   3252
9270   3252
9280   3252
9290   3252
9300   3252
9310   3252
9320   3252
9330   3252
9340   3252
9350   3252
9360   3252
9370   3252
9380   3252
9390   3252
9400   3252
9410   3252
9420   3252
9430   3252
9440   3252
9450   3252
9460   3252
9470   3252
9480   3252
9490   3252
9500   3252
9510   3252
9520   3252
9530   3252
9540   3252
9550   3252
9560   3252
9570   3252
9580   3252
9590   3252
9600   3252
9610   3252
9620   3252
9630   3252
9640   3252
9650   3252
9660   3252
9670   3252
9680   3252
9690   3252
9700   3252
9710   3252
9720   3252
9730   3252
9740   3252
9750   3252
9760   3252
9770   3252
9780   3252
9790   3252
9800   3252
9810   3252
9820   3252
9830   3252
9840   3252
9850   3252
9860   3252
9870   3252
9880   3252
9890   3252
9900   3252
9910   3252
9920   3252
9930   3252
9940   3252
9950   3252
9960   3252
9970   3252
9980   3252
9990   3252
10000   3252
10010   3252
10020   3252
10030   3252
10040   3252
10050   3252
10060   3252
10070   3252
10080   3252
10090   3252
10100   3252
10110   3252
10120   3252
10130   3252
10140   3252
10150   3252
10160   3252
10170   3252
10180   3252
10190   3252
10200   3252
10210   3252
10220   3252
10230   3252
10240   3252
10250   3252
10260   3252
10270   3252
10280   3252
10290   3252
10300   3252
10310   3252
10320   3252
10330   3252
10340   3252
10350   3252
10360   3252
10370   3252
10380   3252
10390   3252
10400   3252
10410   3252
10420   3252
10430   3252
10440   3252
10450   3252
10460   3252
10470   3252
10480   3252
10490   3252
10500   3252
10510   3252
10520   3252
10530   3252
10540   3252
10550   3252
10560   3252
10570   3252
10580   3252
10590   3252
10600   3252
10610   3252
10620   3252
10630   3252
10640   3252
10650   3252
10660   3252
10670   3252
10680   3252
10690   3252
10700   3252
10710   3252
10720   3252
10730   3252
10740   3252
10750   3252
10760   3252
10770   3252
10780   3252
10790   3252
10800   3252
10810   3252
10820   3252
10830   3252
10840   3252
10850   3252
10860   3252
10870   3252
10880   3252
10890   3252
10900   3252
10910   3252
10920   3252
10930   3252
10940   3252
10950   3252
10960   3252
10970   3252
10980   3252
10990   3252
11000   3252
11010   3252
11020   3252
11030   3252
11040   3252
11050   3252
11060   3252
11070   3252
11080   3252
11090   3252
11100   3252
11110   3252
11120   3252
11130   3252
11140   3252
11150   3252
11160   3252
11170   3252
11180   3252
11190   3252
11200   3252
11210   3252
11220   3252
11230   3252
11240   3252
11250   3252
11260   3252
11270   3252
11280   3252
11290   3252
11300   3252
11310   3252
11320   3252
11330   3252
11340   3252
11350   3252
11360   3252
11370   3252
11380   3252
11390   3252
11400   3252
11410   3252
11420   3252
11430   3252
11440   3252
11450   3252
11460   3252
11470   3252
11480   3252
11490   3252
11500   3252
11510   3252
11520   3252
11530   3252
11540   3252
11550   3252
11560   3252
11570   3252
11580   3252
11590   3252
11600   3252
11610   3252
11620   3252
11630   3252
11640   3252
11650   3252
11660   3252
11670   3252
11680   3252
11690   3252
11700   3252
11710   3252
11720   3252
11730   3252
11740   3252
11750   3252
11760   3252
11770   3252
11780   3252
11790   3252
11800   3252
11810   3252
11820   3252
11830   3252
11840   3252
11850   3252
11860   3252
11870   3252
11880   3252
11890   3252
11900   3252
11910   3252
11920   3252
11930   3252
11940   3252
11950   3252
11960   3252
11970   3252
11980   3252
11990   3252
12000   3252
12010   3252
12020   3252
12030   3252
12040   3252
12050   3252
12060   3252
12070   3252
12080   3252
12090   3252
12100   3252
12110   3252
12120   3252
12130   3252
12140   3252
12150   3252
12160   3252
12170   3252
12180   3252
12190   3252
12200   3252
12210   3252
12220   3252
12230   3252
12240   3252
12250   3252
12260   3252
12270   3252
12280   3252
12290   3252
12300   3252
12310   3252
12320   3252
12330   3252
12340   3252
12350   3252
12360   3252
12370   3252
12380   3252
12390   3252
12400   3252
12410   3252
12420   3252
12430   3252
12440   3252
12450   3252
12460   3252
12470   3252
12480   3252
12490   3252
12500   3252
12510   3252
12520   3252
12530   3252
12540   3252
12550   3252
12560   3252
12570   3252
12580   3252
12590   3252
12600   3252
12610   3252
12620   3252
12630   3252
12640   3252
12650   3252
12660   3252
12670   3252
12680   3252
12690   3252
12700   3252
12710   3252
12720   3252
12730   3252
12740   3252
12750   3252
12760   3252
12770   3252
12780   3252
12790   3252
12800   3252
12810   3252
12820   3252
12830   3252
12840   3252
12850   3252
12860   3252
12870   3252
12880   3252
12890   3252
12900   3252
12910   3252
12920   3252
12930   3252
12940   3252
12950   3252
12960   3252
12970   3252
12980   3252
12990   3252
13000   3252
