10   7046
20   6852
30   6801
40   6722
50   6722
60   6722
70   6533
80   6533
90   6526
100   6526
110   6526
120   6526
130   6526
140   6513
150   6450
160   6450
170   6450
180   6450
190   6450
200   6400
210   6400
220   6400
230   6400
240   6400
250   6400
260   6400
270   6400
280   6400
290   6400
300   6400
310   6400
320   6400
330   6400
340   6400
350   6400
360   6400
370   6400
380   6400
390   6400
400   6400
410   6400
420   6400
430   6400
440   6400
450   6400
460   6400
470   6400
480   6400
490   6400
500   6400
510   6400
520   6400
530   6400
540   6390
550   6390
560   6390
570   6390
580   6390
590   6390
600   6390
610   6390
620   6390
630   6390
640   6390
650   6390
660   6390
670   6390
680   6249
690   6249
700   6249
710   6249
720   6249
730   6249
740   6249
750   6249
760   6249
770   6249
780   6249
790   6249
800   6249
810   6249
820   6249
830   6249
840   6085
850   6085
860   6085
870   6085
880   6085
890   6085
900   6085
910   6085
920   6085
930   6085
940   6085
950   6085
960   6085
970   6085
980   6085
990   6085
1000   6085
1010   6085
1020   6085
1030   6085
1040   6085
1050   6085
1060   6085
1070   6085
1080   6085
1090   6085
1100   6085
1110   6085
1120   6085
1130   6085
1140   6085
1150   6085
1160   6085
1170   6085
1180   6085
1190   6085
1200   6085
1210   6085
1220   6085
1230   6085
1240   6085
1250   6085
1260   6085
1270   6085
1280   6085
1290   6085
1300   6085
1310   6085
1320   6085
1330   6085
1340   6085
1350   6085
1360   6085
1370   6085
1380   6085
1390   6085
1400   6085
1410   6085
1420   6085
1430   6085
1440   6085
1450   6085
1460   6085
1470   6085
1480   6085
1490   6085
1500   6085
1510   6085
1520   6085
1530   6085
1540   6085
1550   6085
1560   6085
1570   6085
1580   6085
1590   6085
1600   6085
1610   6085
1620   6085
1630   6085
1640   6085
1650   6085
1660   6085
1670   6085
1680   6085
1690   6085
1700   6085
1710   6085
1720   6085
1730   6085
1740   6085
1750   6085
1760   6085
1770   6085
1780   6085
1790   6085
1800   6085
1810   6085
1820   6085
1830   6085
1840   6085
1850   6085
1860   6085
1870   6085
1880   6085
1890   6085
1900   6085
1910   6085
1920   6085
1930   6085
1940   6085
1950   6085
1960   6085
1970   6085
1980   6085
1990   6085
2000   6085
2010   6085
2020   6085
2030   6085
2040   6085
2050   6085
2060   6085
2070   6085
2080   6085
2090   6085
2100   6085
2110   6085
2120   6085
2130   6085
2140   6085
2150   6085
2160   6085
2170   6085
2180   6085
2190   6085
2200   6085
2210   6085
2220   6085
2230   6085
2240   6085
2250   6085
2260   6085
2270   6085
2280   6085
2290   6085
2300   6085
2310   6085
2320   6085
2330   6085
2340   6085
2350   6085
2360   6085
2370   6085
2380   6085
2390   6085
2400   6085
2410   6085
2420   6085
2430   6085
2440   6085
2450   6085
2460   6085
2470   6085
2480   6085
2490   6085
2500   6085
2510   6085
2520   6085
2530   6085
2540   6085
2550   6085
2560   6085
2570   6085
2580   6085
2590   6085
2600   6085
2610   6085
2620   6085
2630   6085
2640   6085
2650   6085
2660   6085
2670   6085
2680   6085
2690   6085
2700   6085
2710   6085
2720   6085
2730   6085
2740   6085
2750   6085
2760   6085
2770   6085
2780   6085
2790   6085
2800   6085
2810   6085
2820   6085
2830   6085
2840   6085
2850   6085
2860   6085
2870   6085
2880   6085
2890   6085
2900   6085
2910   6085
2920   6085
2930   6085
2940   6085
2950   6085
2960   6085
2970   6085
2980   6085
2990   6085
3000   6085
3010   6085
3020   6085
3030   6085
3040   6085
3050   6085
3060   6085
3070   6085
3080   6085
3090   6085
3100   6085
3110   6085
3120   6085
3130   6085
3140   6085
3150   6085
3160   6085
3170   6085
3180   6085
3190   6085
3200   6085
3210   6085
3220   6085
3230   6085
3240   6085
3250   6085
3260   6085
3270   6085
3280   6085
3290   6085
3300   6085
3310   6085
3320   6085
3330   6085
3340   6085
3350   6085
3360   6085
3370   6085
3380   6085
3390   6085
3400   6085
3410   6085
3420   6085
3430   6085
3440   6085
3450   6085
3460   6085
3470   6085
3480   6085
3490   6085
3500   6085
3510   6085
3520   6085
3530   6085
3540   6085
3550   6085
3560   6085
3570   6085
3580   6085
3590   6085
3600   6085
3610   6085
3620   6085
3630   6085
3640   6085
3650   6085
3660   6085
3670   6085
3680   6085
3690   6085
3700   6085
3710   6085
3720   6085
3730   6085
3740   6085
3750   6085
3760   6085
3770   6085
3780   6085
3790   6085
3800   6085
3810   6085
3820   6085
3830   6085
3840   6085
3850   6085
3860   6085
3870   6085
3880   6085
3890   6085
3900   6085
3910   6085
3920   6085
3930   6085
3940   6085
3950   6085
3960   6085
3970   6085
3980   6085
3990   6085
4000   6085
4010   6085
4020   6085
4030   6085
4040   6085
4050   6085
4060   6085
4070   6085
4080   6085
4090   6085
4100   6085
4110   6085
4120   6085
4130   6085
4140   6085
4150   6085
4160   6085
4170   6085
4180   6085
4190   6085
4200   6085
4210   6085
4220   6085
4230   6085
4240   6085
4250   6085
4260   6085
4270   6085
4280   6085
4290   6085
4300   6085
4310   6085
4320   6085
4330   6085
4340   6085
4350   6085
4360   6085
4370   6085
4380   6085
4390   6085
4400   6085
4410   6085
4420   6085
4430   6085
4440   6085
4450   6085
4460   6085
4470   6085
4480   6085
4490   6085
4500   6085
4510   6085
4520   6085
4530   6085
4540   6085
4550   6085
4560   6085
4570   6085
4580   6085
4590   6085
4600   6085
4610   6085
4620   6085
4630   6085
4640   6085
4650   6085
4660   6085
4670   6085
4680   6085
4690   6085
4700   6085
4710   6085
4720   6085
4730   6085
4740   6085
4750   6085
4760   6085
4770   6085
4780   6085
4790   6085
4800   6085
4810   6085
4820   6085
4830   6085
4840   6085
4850   6085
4860   6085
4870   6085
4880   6085
4890   6085
4900   6085
4910   6085
4920   6085
4930   6085
4940   6085
4950   6085
4960   6085
4970   6085
4980   6085
4990   6085
5000   6085
5010   6085
5020   6085
5030   6085
5040   6085
5050   6085
5060   6085
5070   6085
5080   6085
5090   6085
5100   6085
5110   6085
5120   6085
5130   6085
5140   6085
5150   6085
5160   6085
5170   6085
5180   6085
5190   6085
5200   6085
5210   6085
5220   6085
5230   6085
5240   6085
5250   6085
5260   6085
5270   6085
5280   6085
5290   6085
5300   6085
5310   6085
5320   6085
5330   6085
5340   6085
5350   6085
5360   6085
5370   6085
5380   6085
5390   6085
5400   6085
5410   6085
5420   6085
5430   6085
5440   6085
5450   6085
5460   6085
5470   6085
5480   6085
5490   6085
5500   6085
5510   6085
5520   6085
5530   6085
5540   6085
5550   6085
5560   6085
5570   6085
5580   6085
5590   6085
5600   6085
5610   6085
5620   6085
5630   6085
5640   6085
5650   6085
5660   6085
5670   6085
5680   6085
5690   6085
5700   6085
5710   6085
5720   6085
5730   6085
5740   6085
5750   6085
5760   6085
5770   6085
5780   6085
5790   6085
5800   6085
5810   6085
5820   6085
5830   6085
5840   6085
5850   6085
5860   6085
5870   6085
5880   6085
5890   6085
5900   6085
5910   6085
5920   6085
5930   6085
5940   6085
5950   6085
5960   6085
5970   6085
5980   6085
5990   6085
6000   6085
6010   6085
6020   6085
6030   6085
6040   6085
6050   6085
6060   6085
6070   6085
6080   6085
6090   6085
6100   6085
6110   6085
6120   6085
6130   6085
6140   6085
6150   6085
6160   6085
6170   6085
6180   6085
6190   6085
6200   6085
6210   6085
6220   6085
6230   6085
6240   6085
6250   6085
6260   6085
6270   6085
6280   6085
6290   6085
6300   6085
6310   6085
6320   6085
6330   6085
6340   6085
6350   6085
6360   6085
6370   6085
6380   6085
6390   6085
6400   6085
6410   6085
6420   6085
6430   6085
6440   6085
6450   6085
6460   6085
6470   6085
6480   6085
6490   6085
6500   6085
6510   6085
6520   6085
6530   6085
6540   6085
6550   6085
6560   6085
6570   6085
6580   6085
6590   6085
6600   6085
6610   6085
6620   6085
6630   6085
6640   6085
6650   6085
6660   6085
6670   6085
6680   6085
6690   6085
6700   6085
6710   6085
6720   6085
6730   6085
6740   6085
6750   6085
6760   6085
6770   6085
6780   6085
6790   6085
6800   6085
6810   6085
6820   6085
6830   6085
6840   6085
6850   6085
6860   6085
6870   6085
6880   6085
6890   6085
6900   6085
6910   6085
6920   6085
6930   6085
6940   6085
6950   6085
6960   6085
6970   6085
6980   6085
6990   6085
7000   6085
7010   6085
7020   6085
7030   6085
7040   6085
7050   6085
7060   6085
7070   6085
7080   6085
7090   6085
7100   6085
7110   6085
7120   6085
7130   6085
7140   6085
7150   6085
7160   6085
7170   6085
7180   6085
7190   6085
7200   6085
7210   6085
7220   6085
7230   6085
7240   6085
7250   6085
7260   6085
7270   6085
7280   6085
7290   6085
7300   6085
7310   6085
7320   6085
7330   6085
7340   6085
7350   6085
7360   6085
7370   6085
7380   6085
7390   6085
7400   6085
7410   6085
7420   6085
7430   6085
7440   6085
7450   6085
7460   6085
7470   6085
7480   6085
7490   6085
7500   6085
7510   6085
7520   6085
7530   6085
7540   6085
7550   6085
7560   6085
7570   6085
7580   6085
7590   6085
7600   6085
7610   6085
7620   6085
7630   6085
7640   6085
7650   6085
7660   6085
7670   6085
7680   6085
7690   6085
7700   6085
7710   6085
7720   6085
7730   6085
7740   6085
7750   6085
7760   6085
7770   6085
7780   6085
7790   6085
7800   6085
7810   6085
7820   6085
7830   6085
7840   6085
7850   6085
7860   6085
7870   6085
7880   6085
7890   6085
7900   6085
7910   6085
7920   6085
7930   6085
7940   6085
7950   6085
7960   6085
7970   6085
7980   6085
7990   6085
8000   6085
8010   6085
8020   6085
8030   6085
8040   6085
8050   6085
8060   6085
8070   6085
8080   6085
8090   6085
8100   6085
8110   6085
8120   6085
8130   6085
8140   6085
8150   6085
8160   6085
8170   6085
8180   6085
8190   6085
8200   6085
8210   6085
8220   6085
8230   6085
8240   6085
8250   6085
8260   6085
8270   6085
8280   6085
8290   6085
8300   6085
8310   6085
8320   6085
8330   6085
8340   6085
8350   6085
8360   6085
8370   6085
8380   6085
8390   6085
8400   6085
8410   6085
8420   6085
8430   6085
8440   6085
8450   6085
8460   6085
8470   6085
8480   6085
8490   6085
8500   6085
8510   6085
8520   6085
8530   6085
8540   6085
8550   6085
8560   6085
8570   6085
8580   6085
8590   6085
8600   6085
8610   6085
8620   6085
8630   6085
8640   6085
8650   6085
8660   6085
8670   6085
8680   6085
8690   6085
8700   6085
8710   6085
8720   6085
8730   6085
8740   6085
8750   6085
8760   6085
8770   6085
8780   6085
8790   6085
8800   6085
8810   6085
8820   6085
8830   6085
8840   6085
8850   6085
8860   6085
8870   6085
8880   6085
8890   6085
8900   6085
8910   6085
8920   6085
8930   6085
8940   6085
8950   6085
8960   6085
8970   6085
8980   6085
8990   6085
9000   6085
9010   6085
9020   6085
9030   6085
9040   6085
9050   6085
9060   6085
9070   6085
9080   6085
9090   6085
9100   6085
9110   6085
9120   6085
9130   6085
9140   6085
9150   6085
9160   6085
9170   6085
9180   6085
9190   6085
9200   6085
9210   6085
9220   6085
9230   6085
9240   6085
9250   6085
9260   6085
9270   6085
9280   6085
9290   6085
9300   6085
9310   6085
9320   6085
9330   6085
9340   6085
9350   6085
9360   6085
9370   6085
9380   6085
9390   6085
9400   6085
9410   6085
9420   6085
9430   6085
9440   6085
9450   6085
9460   6085
9470   6085
9480   6085
9490   6085
9500   6085
9510   6085
9520   6085
9530   6085
9540   6085
9550   6085
9560   6085
9570   6085
9580   6085
9590   6085
9600   6085
9610   6085
9620   6085
9630   6085
9640   6085
9650   6085
9660   6085
9670   6085
9680   6085
9690   6085
9700   6085
9710   6085
9720   6085
9730   6085
9740   6085
9750   6085
9760   6085
9770   6085
9780   6085
9790   6085
9800   6085
9810   6085
9820   6085
9830   6085
9840   6085
9850   6085
9860   6085
9870   6085
9880   6085
9890   6085
9900   6085
9910   6085
9920   6085
9930   6085
9940   6085
9950   6085
9960   6085
9970   6085
9980   6085
9990   6085
10000   6085
10010   6085
10020   6085
10030   6085
10040   6085
10050   6085
10060   6085
10070   6085
10080   6085
10090   6085
10100   6085
10110   6085
10120   6085
10130   6085
10140   6085
10150   6085
10160   6085
10170   6085
10180   6085
10190   6085
10200   6085
10210   6085
10220   6085
10230   6085
10240   6085
10250   6085
10260   6085
10270   6085
10280   6085
10290   6085
10300   6085
10310   6085
10320   6085
10330   6085
10340   6085
10350   6085
10360   6085
10370   6085
10380   6085
10390   6085
10400   6085
10410   6085
10420   6085
10430   6085
10440   6085
10450   6085
10460   6085
10470   6085
10480   6085
10490   6085
10500   6085
10510   6085
10520   6085
10530   6085
10540   6085
10550   6085
10560   6085
10570   6085
10580   6085
10590   6085
10600   6085
10610   6085
10620   6085
10630   6085
10640   6085
10650   6085
10660   6085
10670   6085
10680   6085
10690   6085
10700   6085
10710   6085
10720   6085
10730   6085
10740   6085
10750   6085
10760   6085
10770   6085
10780   6085
10790   6085
10800   6085
10810   6085
10820   6085
10830   6085
10840   6085
10850   6085
10860   6085
10870   6085
10880   6085
10890   6085
10900   6085
10910   6085
10920   6085
10930   6085
10940   6085
10950   6085
10960   6085
10970   6085
10980   6085
10990   6085
11000   6085
11010   6085
11020   6085
11030   6085
11040   6085
11050   6085
11060   6085
11070   6085
11080   6085
11090   6085
11100   6085
11110   6085
11120   6085
11130   6085
11140   6085
11150   6085
11160   6085
11170   6085
11180   6085
11190   6085
11200   6085
11210   6085
11220   6085
11230   6085
11240   6085
11250   6085
11260   6085
11270   6085
11280   6085
11290   6085
11300   6085
11310   6085
11320   6085
11330   6085
11340   6085
11350   6085
11360   6085
11370   6085
11380   6085
11390   6085
11400   6085
11410   6085
11420   6085
11430   6085
11440   6085
11450   6085
11460   6085
11470   6085
11480   6085
11490   6085
11500   6085
11510   6085
11520   6085
11530   6085
11540   6085
11550   6085
11560   6085
11570   6085
11580   6085
11590   6085
11600   6085
11610   6085
11620   6085
11630   6085
11640   6085
11650   6085
11660   6085
11670   6085
11680   6085
11690   6085
11700   6085
11710   6085
11720   6085
11730   6085
11740   6085
11750   6085
11760   6085
11770   6085
11780   6085
11790   6085
11800   6085
11810   6085
11820   6085
11830   6085
11840   6085
11850   6085
11860   6085
11870   6085
11880   6085
11890   6085
11900   6085
11910   6085
11920   6085
11930   6085
11940   6085
11950   6085
11960   6085
11970   6085
11980   6085
11990   6085
12000   6085
12010   6085
12020   6085
12030   6085
12040   6085
12050   6085
12060   6085
12070   6085
12080   6085
12090   6085
12100   6085
12110   6085
12120   6085
12130   6085
12140   6085
12150   6085
12160   6085
12170   6085
12180   6085
12190   6085
12200   6085
12210   6085
12220   6085
12230   6085
12240   6085
12250   6085
12260   6085
12270   6085
12280   6085
12290   6085
12300   6085
12310   6085
12320   6085
12330   6085
12340   6085
12350   6085
12360   6085
12370   6085
12380   6085
12390   6085
12400   6085
12410   6085
12420   6085
12430   6085
12440   6085
12450   6085
12460   6085
12470   6085
12480   6085
12490   6085
12500   6085
12510   6085
12520   6085
12530   6085
12540   6085
12550   6085
12560   6085
12570   6085
12580   6085
12590   6085
12600   6085
12610   6085
12620   6085
12630   6085
12640   6085
12650   6085
12660   6085
12670   6085
12680   6085
12690   6085
12700   6085
12710   6085
12720   6085
12730   6085
12740   6085
12750   6085
12760   6085
12770   6085
12780   6085
12790   6085
12800   6085
12810   6085
12820   6085
12830   6085
12840   6085
12850   6085
12860   6085
12870   6085
12880   6085
12890   6085
12900   6085
12910   6085
12920   6085
12930   6085
12940   6085
12950   6085
12960   6085
12970   6085
12980   6085
12990   6085
13000   6085
13010   6085
13020   6085
13030   6085
13040   6085
13050   6085
13060   6085
13070   6085
13080   6085
13090   6085
13100   6085
13110   6085
13120   6085
13130   6085
13140   6085
13150   6085
13160   6085
13170   6085
13180   6085
13190   6085
13200   6085
13210   6085
13220   6085
13230   6085
13240   6085
13250   6085
13260   6085
13270   6085
13280   6085
13290   6085
13300   6085
13310   6085
13320   6085
13330   6085
13340   6085
13350   6085
13360   6085
13370   6085
13380   6085
13390   6085
13400   6085
13410   6085
13420   6085
13430   6085
13440   6085
13450   6085
13460   6085
13470   6085
13480   6085
13490   6085
13500   6085
13510   6085
13520   6085
13530   6085
13540   6085
13550   6085
13560   6085
13570   6085
13580   6085
13590   6085
13600   6085
13610   6085
13620   6085
13630   6085
13640   6085
13650   6085
13660   6085
13670   6085
13680   6085
13690   6085
13700   6085
13710   6085
13720   6085
13730   6085
13740   6085
13750   6085
13760   6085
13770   6085
13780   6085
13790   6085
13800   6085
13810   6085
13820   6085
13830   6085
13840   6085
13850   6085
13860   6085
13870   6085
13880   6085
13890   6085
13900   6085
13910   6085
13920   6085
13930   6085
13940   6085
13950   6085
13960   6085
13970   6085
13980   6085
13990   6085
14000   6085
14010   6085
14020   6085
14030   6085
14040   6085
14050   6085
14060   6085
14070   6085
14080   6085
14090   6085
14100   6085
14110   6085
14120   6085
14130   6085
14140   6085
14150   6085
14160   6085
14170   6085
14180   6085
14190   6085
14200   6085
14210   6085
14220   6085
14230   6085
14240   6085
14250   6085
14260   6085
14270   6085
14280   6085
14290   6085
14300   6085
14310   6085
14320   6085
14330   6085
14340   6085
14350   6085
14360   6085
14370   6085
14380   6085
14390   6085
14400   6085
14410   6085
14420   6085
14430   6085
14440   6085
14450   6085
14460   6085
14470   6085
14480   6085
14490   6085
14500   6085
14510   6085
14520   6085
14530   6085
14540   6085
14550   6085
14560   6085
14570   6085
14580   6085
14590   6085
14600   6085
14610   6085
14620   6085
14630   6085
14640   6085
14650   6085
14660   6085
14670   6085
14680   6085
14690   6085
14700   6085
14710   6085
14720   6085
14730   6085
14740   6085
14750   6085
14760   6085
14770   6085
14780   6085
14790   6085
14800   6085
14810   6085
14820   6085
14830   6085
14840   6085
14850   6085
14860   6085
14870   6085
14880   6085
14890   6085
14900   6085
14910   6085
14920   6085
14930   6085
14940   6085
14950   6085
14960   6085
14970   6085
14980   6085
14990   6085
15000   6085
15010   6085
15020   6085
15030   6085
15040   6085
15050   6085
15060   6085
15070   6085
15080   6085
15090   6085
15100   6085
15110   6085
15120   6085
15130   6085
15140   6085
15150   6085
15160   6085
15170   6085
15180   6085
15190   6085
15200   6085
15210   6085
15220   6085
15230   6085
15240   6085
15250   6085
15260   6085
15270   6085
15280   6085
15290   6085
15300   6085
15310   6085
15320   6085
15330   6085
15340   6085
15350   6085
15360   6085
15370   6085
15380   6085
15390   6085
15400   6085
15410   6085
15420   6085
15430   6085
15440   6085
15450   6085
15460   6085
15470   6085
15480   6085
15490   6085
15500   6085
15510   6085
15520   6085
15530   6085
15540   6085
15550   6085
15560   6085
15570   6085
15580   6085
15590   6085
15600   6085
15610   6085
15620   6085
15630   6085
15640   6085
15650   6085
15660   6085
15670   6085
15680   6085
15690   6085
15700   6085
15710   6085
15720   6085
15730   6085
15740   6085
15750   6085
15760   6085
15770   6085
15780   6085
15790   6085
15800   6085
15810   6085
15820   6085
15830   6085
15840   6085
15850   6085
15860   6085
15870   6085
15880   6085
15890   6085
15900   6085
15910   6085
15920   6085
15930   6085
15940   6085
15950   6085
15960   6085
15970   6085
15980   6085
15990   6085
16000   6085
16010   6085
16020   6085
16030   6085
16040   6085
16050   6085
16060   6085
16070   6085
16080   6085
16090   6085
16100   6085
16110   6085
16120   6085
16130   6085
16140   6085
16150   6085
16160   6085
16170   6085
16180   6085
16190   6085
16200   6085
16210   6085
16220   6085
16230   6085
16240   6085
16250   6085
16260   6085
16270   6085
16280   6085
16290   6085
16300   6085
16310   6085
16320   6085
16330   6085
16340   6085
16350   6085
16360   6085
16370   6085
16380   6085
16390   6085
16400   6085
16410   6085
16420   6085
16430   6085
16440   6085
16450   6085
16460   6085
16470   6085
16480   6085
16490   6085
16500   6085
16510   6085
16520   6085
16530   6085
16540   6085
16550   6085
16560   6085
16570   6085
16580   6085
16590   6085
16600   6085
16610   6085
16620   6085
16630   6085
16640   6085
16650   6085
16660   6085
16670   6085
16680   6085
16690   6085
16700   6085
16710   6085
16720   6085
16730   6085
16740   6085
16750   6085
16760   6085
16770   6085
16780   6085
16790   6085
16800   6085
16810   6085
16820   6085
16830   6085
16840   6085
16850   6085
16860   6085
16870   6085
16880   6085
16890   6085
16900   6085
16910   6085
16920   6085
16930   6085
16940   6085
16950   6085
16960   6085
16970   6085
16980   6085
16990   6085
17000   6085
17010   6085
17020   6085
17030   6085
17040   6085
17050   6085
17060   6085
17070   6085
17080   6085
17090   6085
17100   6085
17110   6085
17120   6085
17130   6085
17140   6085
17150   6085
17160   6085
17170   6085
17180   6085
17190   6085
17200   6085
17210   6085
17220   6085
17230   6085
17240   6085
17250   6085
17260   6085
17270   6085
17280   6085
17290   6085
17300   6085
17310   6085
17320   6085
17330   6085
17340   6085
17350   6085
17360   6085
17370   6085
17380   6085
17390   6085
17400   6085
17410   6085
17420   6085
17430   6085
17440   6085
17450   6085
17460   6085
17470   6085
17480   6085
17490   6085
17500   6085
17510   6085
17520   6085
17530   6085
17540   6085
17550   6085
17560   6085
17570   6085
17580   6085
17590   6085
17600   6085
17610   6085
17620   6085
17630   6085
17640   6085
17650   6085
17660   6085
17670   6085
17680   6085
17690   6085
17700   6085
17710   6085
