10   3853
20   3738
30   3738
40   3713
50   3713
60   3713
70   3713
80   3567
90   3456
100   3220
110   3220
120   3220
130   3220
140   3220
150   3220
160   3220
170   3220
180   3220
190   3220
200   3220
210   3220
220   3220
230   3220
240   3220
250   3220
260   3220
270   3220
280   3220
290   3220
300   3220
310   3220
320   3220
330   3220
340   3220
350   3220
360   3220
370   3220
380   3220
390   3220
400   3220
410   3220
420   3220
430   3220
440   3220
450   3220
460   3220
470   3220
480   3220
490   3220
500   3220
510   3220
520   3220
530   3220
540   3220
550   3220
560   3220
570   3220
580   3220
590   3220
600   3220
610   3220
620   3220
630   3220
640   3220
650   3220
660   3220
670   3220
680   3220
690   3220
700   3220
710   3220
720   3220
730   3220
740   3220
750   3220
760   3220
770   3220
780   3220
790   3220
800   3220
810   3220
820   3220
830   3220
840   3220
850   3220
860   3220
870   3220
880   3220
890   3220
900   3220
910   3220
920   3220
930   3220
940   3220
950   3220
960   3220
970   3220
980   3220
990   3220
1000   3220
1010   3220
1020   3220
1030   3220
1040   3220
1050   3220
1060   3220
1070   3220
1080   3220
1090   3220
1100   3220
1110   3220
1120   3220
1130   3220
1140   3220
1150   3220
1160   3220
1170   3220
1180   3220
1190   3220
1200   3220
1210   3220
1220   3220
1230   3220
1240   3220
1250   3220
1260   3220
1270   3220
1280   3220
1290   3220
1300   3220
1310   3220
1320   3220
1330   3220
1340   3220
1350   3220
1360   3220
1370   3220
1380   3220
1390   3220
1400   3220
1410   3220
1420   3220
1430   3220
1440   3220
1450   3220
1460   3220
1470   3220
1480   3220
1490   3220
1500   3220
1510   3220
1520   3220
1530   3220
1540   3220
1550   3220
1560   3220
1570   3220
1580   3220
1590   3220
1600   3220
1610   3220
1620   3220
1630   3220
1640   3220
1650   3220
1660   3220
1670   3220
1680   3220
1690   3220
1700   3220
1710   3220
1720   3220
1730   3220
1740   3220
1750   3220
1760   3220
1770   3220
1780   3220
1790   3220
1800   3220
1810   3220
1820   3220
1830   3220
1840   3220
1850   3220
1860   3220
1870   3220
1880   3220
1890   3220
1900   3220
1910   3220
1920   3220
1930   3220
1940   3220
1950   3220
1960   3220
1970   3220
1980   3220
1990   3220
2000   3220
2010   3220
2020   3220
2030   3220
2040   3220
2050   3220
2060   3220
2070   3220
2080   3220
2090   3220
2100   3220
2110   3220
2120   3220
2130   3220
2140   3220
2150   3220
2160   3220
2170   3220
2180   3220
2190   3220
2200   3220
2210   3220
2220   3220
2230   3220
2240   3220
2250   3220
2260   3220
2270   3220
2280   3220
2290   3220
2300   3220
2310   3220
2320   3220
2330   3220
2340   3220
2350   3220
2360   3220
2370   3220
2380   3220
2390   3220
2400   3220
2410   3220
2420   3220
2430   3220
2440   3220
2450   3220
2460   3220
2470   3220
2480   3220
2490   3220
2500   3220
2510   3220
2520   3220
2530   3220
2540   3220
2550   3220
2560   3220
2570   3220
2580   3220
2590   3220
2600   3220
2610   3220
2620   3220
2630   3220
2640   3220
2650   3220
2660   3220
2670   3220
2680   3220
2690   3220
2700   3220
2710   3220
2720   3220
2730   3220
2740   3220
2750   3220
2760   3220
2770   3220
2780   3220
2790   3220
2800   3220
2810   3220
2820   3220
2830   3220
2840   3220
2850   3220
2860   3220
2870   3220
2880   3220
2890   3220
2900   3220
2910   3220
2920   3220
2930   3220
2940   3220
2950   3220
2960   3220
2970   3220
2980   3220
2990   3220
3000   3220
3010   3220
3020   3220
3030   3220
3040   3220
3050   3220
3060   3220
3070   3220
3080   3220
3090   3220
3100   3220
3110   3220
3120   3220
3130   3220
3140   3220
3150   3220
3160   3220
3170   3220
3180   3220
3190   3220
3200   3220
3210   3220
3220   3220
3230   3220
3240   3220
3250   3220
3260   3220
3270   3220
3280   3220
3290   3220
3300   3220
3310   3220
3320   3220
3330   3220
3340   3220
3350   3220
3360   3220
3370   3220
3380   3220
3390   3220
3400   3220
3410   3220
3420   3220
3430   3220
3440   3220
3450   3220
3460   3220
3470   3220
3480   3220
3490   3220
3500   3220
3510   3220
3520   3220
3530   3220
3540   3220
3550   3220
3560   3220
3570   3220
3580   3220
3590   3220
3600   3220
3610   3220
3620   3220
3630   3220
3640   3220
3650   3220
3660   3220
3670   3220
3680   3220
3690   3220
3700   3220
3710   3220
3720   3220
3730   3220
3740   3220
3750   3220
3760   3220
3770   3220
3780   3220
3790   3220
3800   3220
3810   3220
3820   3220
3830   3220
3840   3220
3850   3220
3860   3220
3870   3220
3880   3220
3890   3220
3900   3220
3910   3220
3920   3220
3930   3220
3940   3220
3950   3220
3960   3220
3970   3220
3980   3220
3990   3220
4000   3220
4010   3220
4020   3220
4030   3220
4040   3220
4050   3220
4060   3220
4070   3220
4080   3220
4090   3220
4100   3220
4110   3220
4120   3220
4130   3220
4140   3220
4150   3220
4160   3220
4170   3220
4180   3220
4190   3220
4200   3220
4210   3220
4220   3220
4230   3220
4240   3220
4250   3220
4260   3220
4270   3220
4280   3220
4290   3220
4300   3220
4310   3220
4320   3220
4330   3220
4340   3220
4350   3220
4360   3220
4370   3220
4380   3220
4390   3220
4400   3220
4410   3220
4420   3220
4430   3220
4440   3220
4450   3220
4460   3220
4470   3220
4480   3220
4490   3220
4500   3220
4510   3220
4520   3220
4530   3220
4540   3220
4550   3220
4560   3220
4570   3220
4580   3220
4590   3220
4600   3220
4610   3220
4620   3220
4630   3220
4640   3220
4650   3220
4660   3220
4670   3220
4680   3220
4690   3220
4700   3220
4710   3220
4720   3220
4730   3220
4740   3220
4750   3220
4760   3220
4770   3220
4780   3220
4790   3220
4800   3220
4810   3220
4820   3220
4830   3220
4840   3220
4850   3220
4860   3220
4870   3220
4880   3220
4890   3220
4900   3220
4910   3220
4920   3220
4930   3220
4940   3220
4950   3220
4960   3220
4970   3220
4980   3220
4990   3220
5000   3220
5010   3220
5020   3220
5030   3220
5040   3220
5050   3220
5060   3220
5070   3220
5080   3220
5090   3220
5100   3220
5110   3220
5120   3220
5130   3220
5140   3220
5150   3220
5160   3220
5170   3220
5180   3220
5190   3220
5200   3220
5210   3220
5220   3220
5230   3220
5240   3220
5250   3220
5260   3220
5270   3220
5280   3220
5290   3220
5300   3220
5310   3220
5320   3220
5330   3220
5340   3220
5350   3220
5360   3220
5370   3220
5380   3220
5390   3220
5400   3220
5410   3220
5420   3220
5430   3220
5440   3220
5450   3220
5460   3220
5470   3220
5480   3220
5490   3220
5500   3220
5510   3220
5520   3220
5530   3220
5540   3220
5550   3220
5560   3220
5570   3220
5580   3220
5590   3220
5600   3220
5610   3220
5620   3220
5630   3220
5640   3220
5650   3220
5660   3220
5670   3220
5680   3220
5690   3220
5700   3220
5710   3220
5720   3220
5730   3220
5740   3220
5750   3220
5760   3220
5770   3220
5780   3220
5790   3220
5800   3220
5810   3220
5820   3220
5830   3220
5840   3220
5850   3220
5860   3220
5870   3220
5880   3220
5890   3220
5900   3220
5910   3220
5920   3220
5930   3220
5940   3220
5950   3220
5960   3220
5970   3220
5980   3220
5990   3220
6000   3220
6010   3220
6020   3220
6030   3220
6040   3220
6050   3220
6060   3220
6070   3220
6080   3220
6090   3220
6100   3220
6110   3220
6120   3220
6130   3220
6140   3220
6150   3220
6160   3220
6170   3220
6180   3220
6190   3220
6200   3220
6210   3220
6220   3220
6230   3220
6240   3220
6250   3220
6260   3220
6270   3220
6280   3220
6290   3220
6300   3220
6310   3220
6320   3220
6330   3220
6340   3220
6350   3220
6360   3220
6370   3220
6380   3220
6390   3220
6400   3220
6410   3220
6420   3220
6430   3220
6440   3220
6450   3220
6460   3220
6470   3220
6480   3220
6490   3220
6500   3220
6510   3220
6520   3220
6530   3220
6540   3220
6550   3220
6560   3220
6570   3220
6580   3220
6590   3220
6600   3220
6610   3220
6620   3220
6630   3220
6640   3220
6650   3220
6660   3220
6670   3220
6680   3220
6690   3220
6700   3220
6710   3220
6720   3220
6730   3220
6740   3220
6750   3220
6760   3220
6770   3220
6780   3220
6790   3220
6800   3220
6810   3220
6820   3220
6830   3220
6840   3220
6850   3220
6860   3220
6870   3220
6880   3220
6890   3220
6900   3220
6910   3220
6920   3220
6930   3220
6940   3220
6950   3220
6960   3220
6970   3220
6980   3220
6990   3220
7000   3220
7010   3220
7020   3220
7030   3220
7040   3220
7050   3220
7060   3220
7070   3220
7080   3220
7090   3220
7100   3220
7110   3220
7120   3220
7130   3220
7140   3220
7150   3220
7160   3220
7170   3220
7180   3220
7190   3220
7200   3220
7210   3220
7220   3220
7230   3220
7240   3220
7250   3220
7260   3220
7270   3220
7280   3220
7290   3220
7300   3220
7310   3220
7320   3220
7330   3220
7340   3220
7350   3220
7360   3220
7370   3220
7380   3220
7390   3220
7400   3220
7410   3220
7420   3220
7430   3220
7440   3220
7450   3220
7460   3220
7470   3220
7480   3220
7490   3220
7500   3220
7510   3220
7520   3220
7530   3220
7540   3220
7550   3220
7560   3220
7570   3220
7580   3220
7590   3220
7600   3220
7610   3220
7620   3220
7630   3220
7640   3220
7650   3220
7660   3220
7670   3220
7680   3220
7690   3220
7700   3220
7710   3220
7720   3220
7730   3220
7740   3220
7750   3220
7760   3220
7770   3220
7780   3220
7790   3220
7800   3220
7810   3220
7820   3220
7830   3220
7840   3220
7850   3220
7860   3220
7870   3220
7880   3220
7890   3220
7900   3220
7910   3220
7920   3220
7930   3220
7940   3220
7950   3220
7960   3220
7970   3220
7980   3220
7990   3220
8000   3220
8010   3220
8020   3220
8030   3220
8040   3220
8050   3220
8060   3220
8070   3220
8080   3220
8090   3220
8100   3220
8110   3220
8120   3220
8130   3220
8140   3220
8150   3220
8160   3220
8170   3220
8180   3220
8190   3220
8200   3220
8210   3220
8220   3220
8230   3220
8240   3220
8250   3220
8260   3220
8270   3220
8280   3220
8290   3220
8300   3220
8310   3220
8320   3220
8330   3220
8340   3220
8350   3220
8360   3220
8370   3220
8380   3220
8390   3220
8400   3220
8410   3220
8420   3220
8430   3220
8440   3220
8450   3220
8460   3220
8470   3220
8480   3220
8490   3220
8500   3220
8510   3220
8520   3220
8530   3220
8540   3220
8550   3220
8560   3220
8570   3220
8580   3220
8590   3220
8600   3220
8610   3220
8620   3220
8630   3220
8640   3220
8650   3220
8660   3220
8670   3220
8680   3220
8690   3220
8700   3220
8710   3220
8720   3220
8730   3220
8740   3220
8750   3220
8760   3220
8770   3220
8780   3220
8790   3220
8800   3220
8810   3220
8820   3220
8830   3220
8840   3220
8850   3220
8860   3220
8870   3220
8880   3220
8890   3220
8900   3220
8910   3220
8920   3220
8930   3220
8940   3220
8950   3220
8960   3220
8970   3220
8980   3220
8990   3220
9000   3220
9010   3220
9020   3220
9030   3220
9040   3220
9050   3220
9060   3220
9070   3220
9080   3220
9090   3220
9100   3220
9110   3220
9120   3220
9130   3220
9140   3220
9150   3220
9160   3220
9170   3220
9180   3220
9190   3220
9200   3220
9210   3220
9220   3220
9230   3220
9240   3220
9250   3220
9260   3220
9270   3220
9280   3220
9290   3220
9300   3220
9310   3220
9320   3220
9330   3220
9340   3220
9350   3220
9360   3220
9370   3220
9380   3220
9390   3220
9400   3220
9410   3220
9420   3220
9430   3220
9440   3220
9450   3220
9460   3220
9470   3220
9480   3220
9490   3220
9500   3220
9510   3220
9520   3220
9530   3220
9540   3220
9550   3220
9560   3220
9570   3220
9580   3220
9590   3220
9600   3220
9610   3220
9620   3220
9630   3220
9640   3220
9650   3220
9660   3220
9670   3220
9680   3220
9690   3220
9700   3220
9710   3220
9720   3220
9730   3220
9740   3220
9750   3220
9760   3220
9770   3220
9780   3220
9790   3220
9800   3220
9810   3220
9820   3220
9830   3220
9840   3220
9850   3220
9860   3220
9870   3220
9880   3220
9890   3220
9900   3220
9910   3220
9920   3220
9930   3220
9940   3220
9950   3220
9960   3220
9970   3220
9980   3220
9990   3220
10000   3220
10010   3220
10020   3220
10030   3220
10040   3220
10050   3220
10060   3220
10070   3220
10080   3220
10090   3220
10100   3220
10110   3220
10120   3220
10130   3220
10140   3220
10150   3220
10160   3220
10170   3220
10180   3220
10190   3220
10200   3220
10210   3220
10220   3220
10230   3220
10240   3220
10250   3220
10260   3220
10270   3220
10280   3220
10290   3220
10300   3220
10310   3220
10320   3220
10330   3220
10340   3220
10350   3220
10360   3220
10370   3220
10380   3220
10390   3220
10400   3220
10410   3220
10420   3220
10430   3220
10440   3220
10450   3220
10460   3220
10470   3220
10480   3220
10490   3220
10500   3220
10510   3220
10520   3220
10530   3220
10540   3220
10550   3220
10560   3220
10570   3220
10580   3220
10590   3220
10600   3220
10610   3220
10620   3220
10630   3220
10640   3220
10650   3220
10660   3220
10670   3220
10680   3220
10690   3220
10700   3220
10710   3220
10720   3220
10730   3220
10740   3220
10750   3220
10760   3220
10770   3220
10780   3220
10790   3220
10800   3220
10810   3220
10820   3220
10830   3220
10840   3220
10850   3220
10860   3220
10870   3220
10880   3220
10890   3220
10900   3220
10910   3220
10920   3220
10930   3220
10940   3220
10950   3220
10960   3220
10970   3220
10980   3220
10990   3220
11000   3220
11010   3220
11020   3220
11030   3220
11040   3220
11050   3220
11060   3220
11070   3220
11080   3220
11090   3220
11100   3220
11110   3220
11120   3220
11130   3220
11140   3220
11150   3220
11160   3220
11170   3220
11180   3220
11190   3220
11200   3220
11210   3220
11220   3220
11230   3220
11240   3220
11250   3220
11260   3220
11270   3220
11280   3220
11290   3220
11300   3220
11310   3220
11320   3220
11330   3220
11340   3220
11350   3220
11360   3220
11370   3220
11380   3220
11390   3220
11400   3220
11410   3220
11420   3220
11430   3220
11440   3220
11450   3220
11460   3220
11470   3220
11480   3220
11490   3220
11500   3220
11510   3220
11520   3220
11530   3220
11540   3220
11550   3220
11560   3220
11570   3220
11580   3220
11590   3220
11600   3220
11610   3220
11620   3220
11630   3220
11640   3220
11650   3220
11660   3220
11670   3220
11680   3220
11690   3220
11700   3220
11710   3220
11720   3220
11730   3220
11740   3220
11750   3220
11760   3220
11770   3220
11780   3220
11790   3220
11800   3220
11810   3220
11820   3220
11830   3220
11840   3220
11850   3220
11860   3220
11870   3220
11880   3220
11890   3220
11900   3220
11910   3220
11920   3220
11930   3220
11940   3220
11950   3220
11960   3220
11970   3220
11980   3220
11990   3220
12000   3220
12010   3220
12020   3220
12030   3220
12040   3220
12050   3220
12060   3220
12070   3220
12080   3220
12090   3220
12100   3220
