10   3456
20   3456
30   3416
40   3416
50   3198
60   3198
70   3175
80   3175
90   3175
100   3175
110   3175
120   3175
130   3175
140   3175
150   3175
160   3094
170   3094
180   3094
190   3094
200   3094
210   3094
220   3094
230   3094
240   3094
250   3094
260   3094
270   3094
280   3094
290   3094
300   3094
310   3094
320   3094
330   3094
340   3094
350   3094
360   3094
370   3094
380   3044
390   3044
400   3044
410   3044
420   3044
430   3044
440   3044
450   3044
460   3044
470   3044
480   3044
490   3044
500   2936
510   2936
520   2936
530   2936
540   2936
550   2936
560   2936
570   2936
580   2936
590   2936
600   2936
610   2936
620   2895
630   2895
640   2895
650   2895
660   2895
670   2895
680   2895
690   2895
700   2895
710   2895
720   2895
730   2895
740   2895
750   2895
760   2895
770   2889
780   2889
790   2889
800   2889
810   2889
820   2889
830   2889
840   2889
850   2889
860   2889
870   2889
880   2889
890   2889
900   2889
910   2889
920   2889
930   2889
940   2889
950   2889
960   2889
970   2889
980   2889
990   2889
1000   2889
1010   2889
1020   2889
1030   2889
1040   2889
1050   2889
1060   2889
1070   2889
1080   2889
1090   2889
1100   2889
1110   2889
1120   2889
1130   2889
1140   2889
1150   2889
1160   2889
1170   2889
1180   2889
1190   2889
1200   2889
1210   2889
1220   2889
1230   2889
1240   2889
1250   2889
1260   2889
1270   2889
1280   2889
1290   2889
1300   2889
1310   2889
1320   2889
1330   2889
1340   2889
1350   2889
1360   2889
1370   2889
1380   2889
1390   2889
1400   2889
1410   2889
1420   2889
1430   2889
1440   2889
1450   2889
1460   2889
1470   2889
1480   2889
1490   2889
1500   2889
1510   2889
1520   2889
1530   2889
1540   2889
1550   2889
1560   2889
1570   2889
1580   2889
1590   2889
1600   2889
1610   2889
1620   2889
1630   2889
1640   2889
1650   2889
1660   2889
1670   2889
1680   2889
1690   2889
1700   2889
1710   2889
1720   2889
1730   2889
1740   2889
1750   2889
1760   2889
1770   2889
1780   2889
1790   2889
1800   2889
1810   2889
1820   2889
1830   2889
1840   2889
1850   2889
1860   2889
1870   2889
1880   2889
1890   2889
1900   2889
1910   2889
1920   2889
1930   2889
1940   2889
1950   2889
1960   2889
1970   2889
1980   2889
1990   2889
2000   2889
2010   2889
2020   2889
2030   2889
2040   2889
2050   2889
2060   2889
2070   2889
2080   2889
2090   2889
2100   2889
2110   2889
2120   2889
2130   2889
2140   2889
2150   2889
2160   2889
2170   2889
2180   2889
2190   2889
2200   2889
2210   2889
2220   2889
2230   2889
2240   2889
2250   2889
2260   2889
2270   2889
2280   2889
2290   2889
2300   2889
2310   2889
2320   2889
2330   2889
2340   2889
2350   2889
2360   2889
2370   2889
2380   2889
2390   2889
2400   2889
2410   2889
2420   2889
2430   2889
2440   2889
2450   2889
2460   2889
2470   2889
2480   2889
2490   2889
2500   2889
2510   2889
2520   2889
2530   2889
2540   2889
2550   2889
2560   2889
2570   2889
2580   2889
2590   2889
2600   2889
2610   2889
2620   2889
2630   2889
2640   2889
2650   2889
2660   2889
2670   2889
2680   2889
2690   2889
2700   2889
2710   2889
2720   2889
2730   2889
2740   2889
2750   2889
2760   2889
2770   2889
2780   2889
2790   2889
2800   2889
2810   2889
2820   2889
2830   2889
2840   2889
2850   2889
2860   2889
2870   2889
2880   2889
2890   2889
2900   2889
2910   2889
2920   2889
2930   2889
2940   2889
2950   2889
2960   2889
2970   2889
2980   2889
2990   2889
3000   2889
3010   2889
3020   2889
3030   2889
3040   2889
3050   2889
3060   2889
3070   2889
3080   2889
3090   2889
3100   2889
3110   2889
3120   2889
3130   2889
3140   2889
3150   2889
3160   2889
3170   2889
3180   2889
3190   2889
3200   2889
3210   2889
3220   2889
3230   2889
3240   2889
3250   2889
3260   2889
3270   2889
3280   2889
3290   2889
3300   2889
3310   2889
3320   2889
3330   2889
3340   2889
3350   2889
3360   2889
3370   2889
3380   2889
3390   2889
3400   2889
3410   2889
3420   2889
3430   2889
3440   2889
3450   2889
3460   2889
3470   2889
3480   2889
3490   2889
3500   2889
3510   2889
3520   2889
3530   2889
3540   2889
3550   2889
3560   2889
3570   2889
3580   2889
3590   2889
3600   2889
3610   2889
3620   2889
3630   2889
3640   2889
3650   2889
3660   2889
3670   2889
3680   2889
3690   2889
3700   2889
3710   2889
3720   2889
3730   2889
3740   2889
3750   2889
3760   2889
3770   2889
3780   2889
3790   2889
3800   2889
3810   2889
3820   2889
3830   2889
3840   2889
3850   2889
3860   2889
3870   2889
3880   2889
3890   2889
3900   2889
3910   2889
3920   2889
3930   2889
3940   2889
3950   2889
3960   2889
3970   2889
3980   2889
3990   2889
4000   2889
4010   2889
4020   2889
4030   2889
4040   2889
4050   2889
4060   2889
4070   2889
4080   2889
4090   2889
4100   2889
4110   2889
4120   2889
4130   2889
4140   2889
4150   2889
4160   2889
4170   2889
4180   2889
4190   2889
4200   2889
4210   2889
4220   2889
4230   2889
4240   2889
4250   2889
4260   2889
4270   2889
4280   2889
4290   2889
4300   2889
4310   2889
4320   2889
4330   2889
4340   2889
4350   2889
4360   2889
4370   2889
4380   2889
4390   2889
4400   2889
4410   2889
4420   2889
4430   2889
4440   2889
4450   2889
4460   2889
4470   2889
4480   2889
4490   2889
4500   2889
4510   2889
4520   2889
4530   2889
4540   2889
4550   2889
4560   2889
4570   2889
4580   2889
4590   2889
4600   2889
4610   2889
4620   2889
4630   2889
4640   2889
4650   2889
4660   2889
4670   2889
4680   2889
4690   2889
4700   2889
4710   2889
4720   2889
4730   2889
4740   2889
4750   2889
4760   2889
4770   2889
4780   2889
4790   2889
4800   2889
4810   2889
4820   2889
4830   2889
4840   2889
4850   2889
4860   2889
4870   2889
4880   2889
4890   2889
4900   2889
4910   2889
4920   2889
4930   2889
4940   2889
4950   2889
4960   2889
4970   2889
4980   2889
4990   2889
5000   2889
5010   2889
5020   2889
5030   2889
5040   2889
5050   2889
5060   2889
5070   2889
5080   2889
5090   2889
5100   2889
5110   2889
5120   2889
5130   2889
5140   2889
5150   2889
5160   2889
5170   2889
5180   2889
5190   2889
5200   2889
5210   2889
5220   2889
5230   2889
5240   2889
5250   2889
5260   2889
5270   2889
5280   2889
5290   2889
5300   2889
5310   2889
5320   2889
5330   2889
5340   2889
5350   2889
5360   2889
5370   2889
5380   2889
5390   2889
5400   2889
5410   2889
5420   2889
5430   2889
5440   2889
5450   2889
5460   2889
5470   2889
5480   2889
5490   2889
5500   2889
5510   2889
5520   2889
5530   2889
5540   2889
5550   2889
5560   2889
5570   2889
5580   2889
5590   2889
5600   2889
5610   2889
5620   2889
5630   2889
5640   2889
5650   2889
5660   2889
5670   2889
5680   2889
5690   2889
5700   2889
5710   2889
5720   2889
5730   2889
5740   2889
5750   2889
5760   2889
5770   2889
5780   2889
5790   2889
5800   2889
5810   2889
5820   2889
5830   2889
5840   2889
5850   2889
5860   2889
5870   2889
5880   2889
5890   2889
5900   2889
5910   2889
5920   2889
5930   2889
5940   2889
5950   2889
5960   2889
5970   2889
5980   2889
5990   2889
6000   2889
6010   2889
6020   2889
6030   2889
6040   2889
6050   2889
6060   2889
6070   2889
6080   2889
6090   2889
6100   2889
6110   2889
6120   2889
6130   2889
6140   2889
6150   2889
6160   2889
6170   2889
6180   2889
6190   2889
6200   2889
6210   2889
6220   2889
6230   2889
6240   2889
6250   2889
6260   2889
6270   2889
6280   2889
6290   2889
6300   2889
6310   2889
6320   2889
6330   2889
6340   2889
6350   2889
6360   2889
6370   2889
6380   2889
6390   2889
6400   2889
6410   2889
6420   2889
6430   2889
6440   2889
6450   2889
6460   2889
6470   2889
6480   2889
6490   2882
6500   2882
6510   2882
6520   2882
6530   2882
6540   2882
6550   2882
6560   2882
6570   2882
6580   2882
6590   2882
6600   2882
6610   2882
6620   2882
6630   2882
6640   2882
6650   2882
6660   2882
6670   2882
6680   2882
6690   2882
6700   2882
6710   2882
6720   2882
6730   2882
6740   2882
6750   2882
6760   2882
6770   2882
6780   2882
6790   2882
6800   2882
6810   2882
6820   2882
6830   2882
6840   2882
6850   2882
6860   2882
6870   2882
6880   2882
6890   2882
6900   2882
6910   2882
6920   2882
6930   2882
6940   2882
6950   2882
6960   2882
6970   2882
6980   2882
6990   2882
7000   2882
7010   2882
7020   2882
7030   2882
7040   2882
7050   2882
7060   2882
7070   2882
7080   2882
7090   2882
7100   2882
7110   2882
7120   2882
7130   2882
7140   2882
7150   2882
7160   2882
7170   2882
7180   2882
7190   2882
7200   2882
7210   2882
7220   2882
7230   2882
7240   2882
7250   2882
7260   2882
7270   2882
7280   2882
7290   2882
7300   2882
7310   2882
7320   2882
7330   2882
7340   2882
7350   2882
7360   2882
7370   2882
7380   2882
7390   2882
7400   2882
7410   2882
7420   2882
7430   2882
7440   2882
7450   2882
7460   2882
7470   2882
7480   2882
7490   2882
7500   2882
7510   2882
7520   2882
7530   2882
7540   2882
7550   2882
7560   2882
7570   2882
7580   2882
7590   2882
7600   2882
7610   2882
7620   2882
7630   2882
7640   2882
7650   2882
7660   2882
7670   2882
7680   2882
7690   2882
7700   2882
7710   2882
7720   2882
7730   2882
7740   2882
7750   2882
7760   2882
7770   2882
7780   2882
7790   2882
7800   2882
7810   2882
7820   2882
7830   2882
7840   2882
7850   2882
7860   2882
7870   2882
7880   2882
7890   2882
7900   2882
7910   2882
7920   2882
7930   2882
7940   2882
7950   2882
7960   2882
7970   2882
7980   2882
7990   2882
8000   2882
8010   2882
8020   2882
8030   2882
8040   2882
8050   2882
8060   2882
8070   2882
8080   2882
8090   2882
8100   2882
8110   2882
8120   2882
8130   2882
8140   2882
8150   2882
8160   2882
8170   2882
8180   2882
8190   2882
8200   2882
8210   2882
8220   2882
8230   2882
8240   2882
8250   2882
8260   2882
8270   2882
8280   2882
8290   2882
8300   2882
8310   2882
8320   2882
8330   2882
8340   2882
8350   2882
8360   2882
8370   2882
8380   2882
8390   2882
8400   2882
8410   2882
8420   2882
8430   2882
8440   2882
8450   2882
8460   2882
8470   2882
8480   2882
8490   2882
8500   2882
8510   2882
8520   2882
8530   2882
8540   2882
8550   2882
8560   2882
8570   2882
8580   2882
8590   2882
8600   2882
8610   2882
8620   2882
8630   2882
8640   2882
8650   2882
8660   2882
8670   2882
8680   2882
8690   2882
8700   2882
8710   2882
8720   2882
8730   2882
8740   2882
8750   2882
8760   2882
8770   2882
8780   2882
8790   2882
8800   2882
8810   2882
8820   2882
8830   2882
8840   2882
8850   2882
8860   2882
8870   2882
8880   2882
8890   2882
8900   2882
8910   2882
8920   2882
8930   2882
8940   2882
8950   2882
8960   2882
8970   2882
8980   2882
8990   2882
9000   2882
9010   2882
9020   2882
9030   2882
9040   2882
9050   2882
9060   2882
9070   2882
9080   2882
9090   2880
9100   2880
9110   2880
9120   2880
9130   2880
9140   2880
9150   2880
9160   2880
9170   2880
9180   2880
9190   2880
9200   2880
9210   2880
9220   2880
9230   2880
9240   2880
9250   2880
9260   2880
9270   2880
9280   2880
9290   2880
9300   2880
9310   2880
9320   2880
9330   2880
9340   2880
9350   2880
9360   2880
9370   2880
9380   2880
9390   2880
9400   2880
9410   2880
9420   2880
9430   2880
9440   2880
9450   2880
9460   2880
9470   2880
9480   2880
9490   2844
9500   2844
9510   2844
9520   2844
9530   2844
9540   2844
9550   2844
9560   2844
9570   2844
9580   2844
9590   2844
9600   2844
9610   2844
9620   2844
9630   2844
9640   2844
9650   2844
9660   2844
9670   2844
9680   2844
9690   2844
9700   2844
9710   2844
9720   2844
9730   2844
9740   2844
9750   2844
9760   2844
9770   2844
9780   2844
9790   2844
9800   2844
9810   2844
9820   2844
9830   2844
9840   2844
9850   2844
9860   2844
9870   2844
9880   2844
9890   2844
9900   2844
9910   2844
9920   2844
9930   2844
9940   2844
9950   2844
9960   2844
9970   2844
9980   2844
9990   2844
10000   2844
10010   2844
10020   2844
10030   2844
10040   2844
10050   2844
10060   2844
10070   2844
10080   2844
10090   2844
10100   2844
10110   2844
10120   2844
10130   2844
10140   2844
10150   2844
10160   2844
10170   2844
10180   2844
10190   2844
10200   2844
10210   2844
10220   2844
10230   2844
10240   2844
10250   2844
10260   2844
10270   2844
10280   2844
10290   2844
10300   2844
10310   2844
10320   2844
10330   2844
10340   2844
10350   2844
10360   2844
10370   2844
10380   2844
10390   2844
10400   2844
10410   2844
10420   2844
10430   2844
10440   2844
10450   2844
10460   2844
10470   2844
10480   2844
10490   2844
10500   2844
10510   2844
10520   2844
10530   2844
10540   2844
10550   2844
10560   2844
10570   2844
10580   2844
10590   2844
10600   2844
10610   2844
10620   2844
10630   2844
10640   2844
10650   2844
10660   2844
10670   2844
10680   2844
10690   2844
10700   2844
10710   2844
10720   2844
10730   2844
10740   2844
10750   2844
10760   2844
10770   2844
10780   2844
10790   2844
10800   2844
10810   2844
10820   2844
10830   2844
10840   2844
10850   2844
10860   2844
10870   2844
10880   2844
10890   2844
10900   2844
10910   2844
10920   2844
10930   2844
10940   2844
10950   2844
10960   2844
10970   2844
10980   2844
10990   2844
11000   2844
11010   2844
11020   2844
11030   2844
11040   2844
11050   2844
11060   2844
11070   2844
11080   2844
11090   2844
11100   2844
11110   2844
11120   2844
11130   2844
11140   2844
11150   2844
11160   2844
11170   2844
11180   2844
11190   2844
11200   2844
11210   2844
11220   2844
11230   2844
11240   2844
11250   2844
11260   2844
11270   2844
11280   2844
11290   2844
11300   2844
11310   2844
11320   2844
11330   2844
11340   2844
11350   2844
11360   2844
11370   2844
11380   2844
11390   2844
11400   2844
11410   2844
11420   2844
11430   2844
11440   2844
11450   2844
11460   2844
11470   2844
11480   2844
11490   2844
11500   2844
11510   2844
11520   2844
11530   2844
11540   2844
11550   2844
11560   2844
11570   2844
11580   2844
11590   2844
11600   2844
11610   2844
11620   2844
11630   2844
11640   2844
11650   2844
11660   2844
11670   2844
11680   2844
11690   2844
11700   2844
11710   2844
11720   2844
11730   2844
11740   2844
11750   2844
11760   2844
11770   2844
11780   2844
11790   2844
11800   2844
11810   2844
11820   2844
11830   2844
11840   2844
11850   2844
11860   2844
11870   2844
11880   2844
11890   2844
11900   2844
11910   2844
11920   2844
11930   2844
11940   2844
11950   2844
11960   2844
11970   2844
11980   2844
11990   2844
12000   2844
12010   2844
12020   2844
12030   2844
12040   2844
12050   2844
12060   2844
12070   2844
12080   2844
12090   2844
12100   2844
12110   2844
12120   2844
12130   2844
12140   2844
12150   2844
12160   2844
12170   2844
12180   2844
12190   2844
12200   2844
12210   2844
12220   2844
12230   2844
12240   2844
12250   2844
12260   2844
12270   2844
12280   2844
12290   2844
12300   2844
12310   2844
12320   2844
12330   2844
12340   2844
12350   2844
12360   2844
12370   2844
12380   2844
12390   2844
12400   2844
12410   2844
12420   2844
12430   2844
12440   2844
12450   2844
12460   2844
12470   2844
12480   2844
12490   2844
12500   2844
12510   2844
12520   2844
12530   2844
12540   2844
12550   2844
12560   2844
12570   2844
12580   2844
12590   2844
12600   2844
12610   2844
12620   2844
12630   2844
12640   2844
12650   2844
12660   2844
12670   2844
12680   2844
12690   2844
12700   2844
12710   2844
12720   2844
12730   2844
12740   2844
12750   2844
12760   2844
12770   2844
12780   2844
12790   2844
12800   2844
12810   2844
12820   2844
12830   2844
12840   2844
12850   2844
12860   2844
12870   2844
12880   2844
12890   2844
12900   2844
12910   2844
12920   2844
12930   2844
12940   2844
12950   2844
12960   2844
12970   2844
12980   2844
12990   2844
13000   2844
13010   2844
13020   2844
13030   2844
13040   2844
13050   2844
13060   2844
13070   2844
13080   2844
13090   2844
13100   2844
13110   2844
13120   2844
13130   2844
13140   2844
13150   2844
13160   2844
13170   2844
13180   2844
13190   2844
13200   2844
13210   2844
13220   2844
13230   2844
13240   2844
13250   2844
13260   2844
13270   2844
13280   2844
13290   2844
13300   2844
13310   2844
13320   2844
13330   2844
13340   2844
13350   2844
13360   2844
13370   2844
13380   2844
13390   2844
13400   2844
13410   2844
13420   2844
13430   2844
13440   2844
13450   2844
13460   2844
13470   2844
13480   2844
13490   2844
13500   2844
13510   2844
13520   2844
13530   2844
13540   2844
13550   2844
13560   2844
13570   2844
13580   2844
13590   2844
13600   2844
13610   2844
13620   2844
13630   2844
13640   2844
13650   2844
13660   2844
13670   2844
13680   2844
13690   2844
13700   2844
13710   2844
13720   2844
13730   2844
13740   2844
13750   2844
13760   2844
13770   2844
13780   2713
13790   2713
13800   2713
13810   2713
13820   2713
13830   2713
13840   2713
13850   2713
13860   2713
13870   2713
13880   2713
13890   2713
13900   2713
13910   2713
13920   2713
13930   2713
13940   2713
13950   2713
13960   2713
13970   2713
13980   2713
13990   2713
14000   2713
14010   2713
14020   2713
14030   2713
14040   2713
14050   2713
14060   2713
14070   2713
14080   2713
14090   2713
14100   2713
14110   2713
14120   2713
14130   2713
