10   3785
20   3785
30   3524
40   3524
50   3524
60   3524
70   3524
80   3524
90   3524
100   3524
110   3524
120   3524
130   3524
140   3524
150   3524
160   3524
170   3475
180   3475
190   3475
200   3475
210   3475
220   3475
230   3475
240   3475
250   3475
260   3475
270   3475
280   3475
290   3475
300   3475
310   3475
320   3475
330   3475
340   3455
350   3455
360   3447
370   3447
380   3447
390   3447
400   3447
410   3447
420   3447
430   3447
440   3447
450   3447
460   3447
470   3447
480   3447
490   3447
500   3447
510   3447
520   3447
530   3447
540   3447
550   3447
560   3447
570   3447
580   3447
590   3447
600   3420
610   3419
620   3419
630   3419
640   3419
650   3419
660   3419
670   3419
680   3419
690   3419
700   3419
710   3419
720   3419
730   3419
740   3419
750   3419
760   3419
770   3419
780   3419
790   3419
800   3419
810   3415
820   3415
830   3415
840   3415
850   3415
860   3415
870   3415
880   3415
890   3415
900   3415
910   3415
920   3415
930   3415
940   3415
950   3415
960   3415
970   3415
980   3415
990   3415
1000   3415
1010   3415
1020   3415
1030   3415
1040   3415
1050   3415
1060   3415
1070   3415
1080   3415
1090   3415
1100   3415
1110   3415
1120   3415
1130   3415
1140   3415
1150   3415
1160   3415
1170   3415
1180   3415
1190   3415
1200   3415
1210   3415
1220   3415
1230   3415
1240   3415
1250   3415
1260   3415
1270   3415
1280   3415
1290   3415
1300   3415
1310   3415
1320   3415
1330   3415
1340   3415
1350   3415
1360   3415
1370   3415
1380   3415
1390   3415
1400   3415
1410   3415
1420   3415
1430   3415
1440   3415
1450   3415
1460   3415
1470   3415
1480   3415
1490   3415
1500   3415
1510   3415
1520   3415
1530   3415
1540   3415
1550   3415
1560   3415
1570   3415
1580   3415
1590   3415
1600   3415
1610   3415
1620   3415
1630   3415
1640   3415
1650   3415
1660   3415
1670   3415
1680   3415
1690   3415
1700   3415
1710   3415
1720   3415
1730   3415
1740   3415
1750   3415
1760   3415
1770   3415
1780   3415
1790   3415
1800   3415
1810   3415
1820   3415
1830   3415
1840   3415
1850   3415
1860   3415
1870   3415
1880   3415
1890   3415
1900   3415
1910   3415
1920   3415
1930   3415
1940   3297
1950   3297
1960   3297
1970   3297
1980   3297
1990   3297
2000   3297
2010   3297
2020   3297
2030   3297
2040   3297
2050   3297
2060   3297
2070   3297
2080   3297
2090   3297
2100   3297
2110   3297
2120   3297
2130   3297
2140   3297
2150   3297
2160   3297
2170   3297
2180   3297
2190   3297
2200   3297
2210   3297
2220   3297
2230   3297
2240   3297
2250   3297
2260   3297
2270   3297
2280   3297
2290   3297
2300   3297
2310   3297
2320   3297
2330   3297
2340   3297
2350   3297
2360   3297
2370   3297
2380   3297
2390   3297
2400   3297
2410   3297
2420   3297
2430   3297
2440   3297
2450   3297
2460   3297
2470   3297
2480   3297
2490   3297
2500   3297
2510   3297
2520   3297
2530   3297
2540   3297
2550   3297
2560   3297
2570   3297
2580   3297
2590   3297
2600   3297
2610   3297
2620   3297
2630   3297
2640   3297
2650   3297
2660   3297
2670   3297
2680   3297
2690   3297
2700   3297
2710   3297
2720   3297
2730   3297
2740   3297
2750   3297
2760   3297
2770   3297
2780   3297
2790   3297
2800   3297
2810   3297
2820   3297
2830   3297
2840   3297
2850   3297
2860   3297
2870   3297
2880   3297
2890   3297
2900   3297
2910   3297
2920   3297
2930   3297
2940   3297
2950   3297
2960   3297
2970   3297
2980   3297
2990   3297
3000   3297
3010   3297
3020   3297
3030   3297
3040   3297
3050   3297
3060   3297
3070   3297
3080   3297
3090   3297
3100   3297
3110   3297
3120   3297
3130   3297
3140   3297
3150   3297
3160   3297
3170   3297
3180   3297
3190   3297
3200   3297
3210   3297
3220   3297
3230   3297
3240   3297
3250   3297
3260   3297
3270   3297
3280   3297
3290   3297
3300   3297
3310   3297
3320   3297
3330   3297
3340   3297
3350   3297
3360   3297
3370   3297
3380   3297
3390   3297
3400   3297
3410   3297
3420   3297
3430   3297
3440   3297
3450   3297
3460   3297
3470   3297
3480   3297
3490   3297
3500   3297
3510   3297
3520   3297
3530   3297
3540   3297
3550   3297
3560   3297
3570   3297
3580   3297
3590   3297
3600   3297
3610   3297
3620   3297
3630   3297
3640   3297
3650   3297
3660   3297
3670   3297
3680   3297
3690   3297
3700   3297
3710   3297
3720   3297
3730   3297
3740   3297
3750   3297
3760   3297
3770   3297
3780   3297
3790   3297
3800   3297
3810   3297
3820   3297
3830   3297
3840   3297
3850   3297
3860   3297
3870   3297
3880   3297
3890   3297
3900   3297
3910   3297
3920   3297
3930   3297
3940   3297
3950   3297
3960   3297
3970   3297
3980   3297
3990   3297
4000   3297
4010   3297
4020   3297
4030   3297
4040   3297
4050   3297
4060   3297
4070   3297
4080   3297
4090   3297
4100   3297
4110   3297
4120   3297
4130   3297
4140   3297
4150   3297
4160   3297
4170   3297
4180   3297
4190   3297
4200   3297
4210   3297
4220   3297
4230   3297
4240   3297
4250   3297
4260   3297
4270   3297
4280   3297
4290   3297
4300   3297
4310   3297
4320   3297
4330   3297
4340   3297
4350   3297
4360   3297
4370   3297
4380   3297
4390   3297
4400   3297
4410   3297
4420   3297
4430   3297
4440   3297
4450   3297
4460   3297
4470   3297
4480   3297
4490   3297
4500   3297
4510   3297
4520   3297
4530   3297
4540   3297
4550   3297
4560   3297
4570   3297
4580   3297
4590   3297
4600   3297
4610   3297
4620   3297
4630   3297
4640   3297
4650   3297
4660   3297
4670   3297
4680   3297
4690   3297
4700   3297
4710   3297
4720   3297
4730   3297
4740   3297
4750   3297
4760   3297
4770   3297
4780   3297
4790   3297
4800   3297
4810   3297
4820   3297
4830   3297
4840   3297
4850   3297
4860   3297
4870   3297
4880   3297
4890   3297
4900   3297
4910   3297
4920   3297
4930   3297
4940   3297
4950   3297
4960   3297
4970   3297
4980   3297
4990   3297
5000   3297
5010   3297
5020   3297
5030   3297
5040   3297
5050   3297
5060   3297
5070   3297
5080   3297
5090   3297
5100   3297
5110   3297
5120   3297
5130   3297
5140   3297
5150   3297
5160   3297
5170   3297
5180   3297
5190   3297
5200   3297
5210   3297
5220   3297
5230   3297
5240   3297
5250   3297
5260   3297
5270   3297
5280   3297
5290   3297
5300   3297
5310   3297
5320   3297
5330   3297
5340   3297
5350   3297
5360   3297
5370   3297
5380   3297
5390   3297
5400   3297
5410   3297
5420   3297
5430   3297
5440   3297
5450   3297
5460   3297
5470   3297
5480   3297
5490   3297
5500   3297
5510   3297
5520   3297
5530   3297
5540   3297
5550   3297
5560   3297
5570   3297
5580   3297
5590   3297
5600   3297
5610   3297
5620   3297
5630   3297
5640   3297
5650   3297
5660   3297
5670   3297
5680   3297
5690   3297
5700   3297
5710   3297
5720   3297
5730   3297
5740   3297
5750   3297
5760   3297
5770   3297
5780   3297
5790   3297
5800   3297
5810   3297
5820   3297
5830   3297
5840   3297
5850   3297
5860   3297
5870   3297
5880   3297
5890   3297
5900   3297
5910   3297
5920   3297
5930   3297
5940   3297
5950   3297
5960   3297
5970   3297
5980   3297
5990   3297
6000   3297
6010   3297
6020   3297
6030   3297
6040   3297
6050   3297
6060   3297
6070   3297
6080   3297
6090   3297
6100   3297
6110   3297
6120   3297
6130   3297
6140   3297
6150   3297
6160   3297
6170   3297
6180   3297
6190   3297
6200   3297
6210   3297
6220   3297
6230   3297
6240   3297
6250   3297
6260   3297
6270   3297
6280   3297
6290   3297
6300   3297
6310   3297
6320   3297
6330   3297
6340   3297
6350   3297
6360   3297
6370   3297
6380   3297
6390   3297
6400   3297
6410   3297
6420   3297
6430   3297
6440   3297
6450   3297
6460   3297
6470   3297
6480   3297
6490   3297
6500   3297
6510   3297
6520   3297
6530   3297
6540   3297
6550   3297
6560   3297
6570   3297
6580   3297
6590   3297
6600   3297
6610   3297
6620   3297
6630   3297
6640   3297
6650   3297
6660   3297
6670   3297
6680   3297
6690   3297
6700   3297
6710   3297
6720   3297
6730   3297
6740   3297
6750   3297
6760   3297
6770   3297
6780   3297
6790   3297
6800   3297
6810   3297
6820   3297
6830   3297
6840   3297
6850   3297
6860   3297
6870   3297
6880   3297
6890   3297
6900   3297
6910   3297
6920   3297
6930   3297
6940   3297
6950   3297
6960   3297
6970   3297
6980   3297
6990   3297
7000   3297
7010   3297
7020   3297
7030   3297
7040   3297
7050   3297
7060   3297
7070   3297
7080   3297
7090   3297
7100   3297
7110   3297
7120   3297
7130   3297
7140   3297
7150   3297
7160   3297
7170   3297
7180   3297
7190   3297
7200   3297
7210   3297
7220   3297
7230   3297
7240   3297
7250   3297
7260   3297
7270   3297
7280   3297
7290   3297
7300   3297
7310   3297
7320   3297
7330   3297
7340   3297
7350   3297
7360   3297
7370   3297
7380   3297
7390   3297
7400   3297
7410   3297
7420   3297
7430   3297
7440   3297
7450   3297
7460   3297
7470   3297
7480   3297
7490   3297
7500   3297
7510   3297
7520   3297
7530   3285
7540   3285
7550   3285
7560   3285
7570   3285
7580   3285
7590   3285
7600   3285
7610   3285
7620   3285
7630   3285
7640   3285
7650   3285
7660   3236
7670   3236
7680   3236
7690   3236
7700   3236
7710   3236
7720   3236
7730   3236
7740   3236
7750   3236
7760   3236
7770   3236
7780   3236
7790   3236
7800   3236
7810   3236
7820   3236
7830   3236
7840   3236
7850   3236
7860   3236
7870   3236
7880   3236
7890   3236
7900   3236
7910   3236
7920   3236
7930   3236
7940   3236
7950   3236
7960   3236
7970   3236
7980   3236
7990   3236
8000   3236
8010   3236
8020   3236
8030   3236
8040   3236
8050   3236
8060   3236
8070   3236
8080   3236
8090   3236
8100   3236
8110   3236
8120   3236
8130   3236
8140   3236
8150   3236
8160   3236
8170   3236
8180   3236
8190   3236
8200   3236
8210   3236
8220   3236
8230   3236
8240   3236
8250   3236
8260   3236
8270   3236
8280   3236
8290   3236
8300   3236
8310   3236
8320   3236
8330   3236
8340   3236
8350   3236
8360   3236
8370   3236
8380   3236
8390   3236
8400   3236
8410   3236
8420   3236
8430   3236
8440   3236
8450   3236
8460   3236
8470   3236
8480   3236
8490   3236
8500   3236
8510   3236
8520   3236
8530   3236
8540   3236
8550   3236
8560   3236
8570   3236
8580   3236
8590   3236
8600   3236
8610   3236
8620   3236
8630   3236
8640   3236
8650   3236
8660   3236
8670   3236
8680   3236
8690   3236
8700   3236
8710   3236
8720   3236
8730   3236
8740   3236
8750   3236
8760   3236
8770   3236
8780   3236
8790   3236
8800   3236
8810   3236
8820   3236
8830   3236
8840   3236
8850   3236
8860   3236
8870   3236
8880   3236
8890   3236
8900   3236
8910   3236
8920   3236
8930   3236
8940   3236
8950   3236
8960   3236
8970   3236
8980   3236
8990   3236
9000   3236
9010   3236
9020   3236
9030   3236
9040   3236
9050   3236
9060   3236
9070   3236
9080   3236
9090   3236
9100   3236
9110   3236
9120   3236
9130   3236
9140   3236
9150   3236
9160   3236
9170   3236
9180   3236
9190   3236
9200   3236
9210   3236
9220   3236
9230   3236
9240   3236
9250   3236
9260   3236
9270   3236
9280   3236
9290   3236
9300   3236
9310   3236
9320   3236
9330   3236
9340   3236
9350   3236
9360   3236
9370   3236
9380   3236
9390   3236
9400   3236
9410   3236
9420   3236
9430   3236
9440   3236
9450   3236
9460   3236
9470   3236
9480   3236
9490   3236
9500   3236
9510   3236
9520   3236
9530   3236
9540   3236
9550   3236
9560   3236
9570   3236
9580   3236
9590   3236
9600   3236
9610   3236
9620   3236
9630   3236
9640   3236
9650   3236
9660   3236
9670   3236
9680   3236
9690   3236
9700   3236
9710   3236
9720   3236
9730   3236
9740   3236
9750   3236
9760   3236
9770   3236
9780   3236
9790   3236
9800   3236
9810   3236
9820   3236
9830   3236
9840   3236
9850   3236
9860   3236
9870   3236
9880   3236
9890   3236
9900   3236
9910   3236
9920   3236
9930   3236
9940   3236
9950   3236
9960   3236
9970   3236
9980   3236
9990   3236
10000   3236
10010   3236
10020   3236
10030   3236
10040   3236
10050   3236
10060   3236
10070   3236
10080   3236
10090   3236
10100   3236
10110   3236
10120   3236
10130   3236
10140   3236
10150   3236
10160   3236
10170   3236
10180   3236
10190   3236
10200   3236
10210   3236
10220   3236
10230   3236
10240   3236
10250   3236
10260   3236
10270   3236
10280   3236
10290   3236
10300   3236
10310   3236
10320   3236
10330   3236
10340   3236
10350   3236
10360   3236
10370   3236
10380   3236
10390   3236
10400   3236
10410   3236
10420   3236
10430   3236
10440   3236
10450   3236
10460   3236
10470   3236
10480   3236
10490   3236
10500   3236
10510   3236
10520   3236
10530   3236
10540   3236
10550   3236
10560   3236
10570   3236
10580   3236
10590   3236
10600   3236
10610   3236
10620   3236
10630   3236
10640   3236
10650   3236
10660   3236
10670   3236
10680   3236
10690   3236
10700   3236
10710   3236
10720   3236
10730   3236
10740   3236
10750   3236
10760   3236
10770   3236
10780   3236
10790   3236
10800   3236
10810   3236
10820   3236
10830   3236
10840   3236
10850   3236
10860   3236
10870   3236
10880   3236
10890   3236
10900   3236
10910   3236
10920   3236
10930   3236
10940   3236
10950   3236
10960   3236
10970   3236
10980   3236
10990   3236
11000   3236
11010   3236
11020   3236
11030   3236
11040   3236
11050   3236
11060   3236
11070   3236
11080   3236
11090   3236
11100   3236
11110   3236
11120   3236
11130   3236
11140   3236
11150   3236
11160   3236
11170   3236
11180   3236
11190   3236
11200   3236
11210   3236
11220   3236
11230   3236
11240   3236
11250   3236
11260   3236
11270   3236
11280   3236
11290   3236
11300   3236
11310   3236
11320   3236
11330   3236
11340   3236
11350   3236
11360   3236
11370   3236
11380   3236
11390   3236
11400   3236
11410   3236
11420   3236
11430   3236
11440   3236
11450   3236
11460   3236
11470   3236
11480   3236
11490   3236
11500   3236
11510   3236
11520   3236
11530   3236
11540   3236
11550   3236
11560   3236
11570   3236
11580   3236
11590   3236
11600   3236
11610   3236
11620   3236
11630   3236
11640   3236
11650   3236
11660   3236
11670   3236
11680   3236
11690   3236
11700   3236
11710   3236
11720   3236
11730   3236
11740   3236
11750   3236
11760   3236
11770   3236
11780   3236
11790   3236
11800   3236
11810   3236
11820   3236
11830   3236
11840   3236
11850   3236
11860   3236
11870   3236
11880   3236
11890   3236
11900   3236
11910   3236
11920   3236
11930   3236
11940   3236
11950   3236
11960   3236
11970   3236
11980   3236
11990   3236
12000   3236
12010   3236
12020   3236
12030   3236
12040   3236
12050   3236
12060   3236
12070   3236
12080   3236
12090   3236
12100   3236
12110   3236
12120   3236
12130   3236
12140   3236
12150   3236
12160   3236
12170   3236
12180   3236
12190   3236
12200   3236
12210   3236
12220   3236
12230   3236
12240   3236
12250   3236
12260   3236
12270   3236
12280   3236
12290   3236
12300   3236
12310   3236
12320   3236
12330   3236
12340   3236
12350   3236
12360   3236
12370   3236
12380   3236
12390   3236
12400   3236
12410   3236
12420   3236
12430   3236
12440   3236
12450   3236
12460   3236
12470   3236
12480   3236
12490   3236
12500   3236
12510   3236
12520   3236
12530   3236
12540   3236
12550   3236
12560   3236
12570   3236
12580   3236
12590   3236
12600   3236
12610   3236
12620   3236
12630   3236
12640   3236
12650   3236
12660   3236
12670   3236
12680   3236
12690   3236
12700   3236
12710   3236
12720   3236
12730   3236
12740   3236
12750   3236
12760   3236
12770   3236
12780   3236
12790   3236
12800   3236
12810   3236
12820   3236
12830   3236
12840   3236
12850   3236
12860   3236
12870   3236
12880   3236
12890   3236
12900   3236
12910   3236
12920   3236
12930   3236
12940   3236
12950   3236
12960   3236
12970   3236
12980   3236
12990   3236
13000   3236
13010   3236
13020   3236
13030   3236
13040   3236
13050   3236
13060   3236
13070   3236
13080   3236
13090   3236
13100   3236
13110   3236
13120   3236
13130   3236
13140   3236
13150   3236
13160   3236
13170   3236
13180   3236
13190   3236
13200   3236
13210   3236
13220   3236
13230   3236
13240   3236
13250   3236
13260   3236
13270   3236
13280   3236
13290   3236
13300   3236
13310   3236
13320   3236
13330   3236
13340   3236
13350   3236
13360   3236
13370   3236
13380   3236
13390   3236
13400   3236
13410   3236
13420   3236
13430   3236
13440   3236
13450   3236
13460   3236
13470   3236
13480   3236
