10   10179
20   9999
30   9952
40   9952
50   9952
60   9952
70   9881
80   9881
90   9881
100   9881
110   9881
120   9881
130   9881
140   9881
150   9881
160   9881
170   9881
180   9881
190   9881
200   9881
210   9881
220   9881
230   9881
240   9881
250   9881
260   9837
270   9837
280   9837
290   9837
300   9837
310   9837
320   9837
330   9837
340   9837
350   9837
360   9837
370   9837
380   9837
390   9837
400   9837
410   9837
420   9837
430   9837
440   9837
450   9837
460   9837
470   9837
480   9837
490   9837
500   9837
510   9837
520   9837
530   9837
540   9837
550   9837
560   9837
570   9774
580   9774
590   9774
600   9774
610   9774
620   9774
630   9774
640   9774
650   9774
660   9774
670   9774
680   9774
690   9774
700   9774
710   9774
720   9774
730   9774
740   9774
750   9774
760   9774
770   9774
780   9774
790   9774
800   9774
810   9774
820   9774
830   9774
840   9774
850   9774
860   9774
870   9774
880   9774
890   9774
900   9774
910   9774
920   9774
930   9774
940   9774
950   9774
960   9774
970   9774
980   9774
990   9774
1000   9774
1010   9774
1020   9774
1030   9774
1040   9774
1050   9774
1060   9774
1070   9774
1080   9774
1090   9774
1100   9774
1110   9774
1120   9774
1130   9774
1140   9774
1150   9774
1160   9774
1170   9774
1180   9774
1190   9774
1200   9774
1210   9774
1220   9774
1230   9774
1240   9774
1250   9774
1260   9774
1270   9774
1280   9774
1290   9774
1300   9774
1310   9774
1320   9774
1330   9774
1340   9774
1350   9774
1360   9774
1370   9774
1380   9774
1390   9774
1400   9774
1410   9774
1420   9774
1430   9774
1440   9774
1450   9774
1460   9774
1470   9774
1480   9774
1490   9774
1500   9774
1510   9774
1520   9774
1530   9774
1540   9774
1550   9774
1560   9774
1570   9774
1580   9774
1590   9774
1600   9774
1610   9774
1620   9774
1630   9774
1640   9774
1650   9774
1660   9774
1670   9774
1680   9774
1690   9774
1700   9774
1710   9774
1720   9774
1730   9774
1740   9774
1750   9774
1760   9774
1770   9774
1780   9774
1790   9774
1800   9774
1810   9774
1820   9774
1830   9774
1840   9774
1850   9774
1860   9774
1870   9774
1880   9774
1890   9774
1900   9774
1910   9774
1920   9774
1930   9774
1940   9774
1950   9774
1960   9774
1970   9774
1980   9774
1990   9774
2000   9774
2010   9774
2020   9774
2030   9774
2040   9774
2050   9774
2060   9774
2070   9774
2080   9774
2090   9774
2100   9774
2110   9774
2120   9774
2130   9771
2140   9771
2150   9771
2160   9771
2170   9771
2180   9771
2190   9771
2200   9771
2210   9771
2220   9771
2230   9771
2240   9771
2250   9771
2260   9771
2270   9771
2280   9771
2290   9771
2300   9771
2310   9771
2320   9771
2330   9771
2340   9771
2350   9771
2360   9771
2370   9771
2380   9771
2390   9771
2400   9771
2410   9771
2420   9771
2430   9771
2440   9771
2450   9771
2460   9771
2470   9771
2480   9771
2490   9771
2500   9771
2510   9771
2520   9771
2530   9771
2540   9771
2550   9771
2560   9771
2570   9771
2580   9771
2590   9771
2600   9771
2610   9771
2620   9771
2630   9771
2640   9771
2650   9771
2660   9771
2670   9771
2680   9771
2690   9771
2700   9771
2710   9771
2720   9771
2730   9771
2740   9771
2750   9771
2760   9771
2770   9771
2780   9771
2790   9771
2800   9771
2810   9771
2820   9771
2830   9771
2840   9771
2850   9771
2860   9769
2870   9769
2880   9769
2890   9769
2900   9769
2910   9769
2920   9769
2930   9769
2940   9769
2950   9769
2960   9769
2970   9769
2980   9769
2990   9769
3000   9769
3010   9769
3020   9769
3030   9769
3040   9769
3050   9769
3060   9769
3070   9769
3080   9769
3090   9769
3100   9769
3110   9769
3120   9769
3130   9769
3140   9769
3150   9769
3160   9769
3170   9769
3180   9769
3190   9769
3200   9769
3210   9769
3220   9769
3230   9769
3240   9769
3250   9769
3260   9769
3270   9769
3280   9592
3290   9592
3300   9592
3310   9592
3320   9592
3330   9592
3340   9592
3350   9592
3360   9592
3370   9592
3380   9592
3390   9592
3400   9592
3410   9592
3420   9592
3430   9592
3440   9592
3450   9592
3460   9592
3470   9592
3480   9592
3490   9592
3500   9592
3510   9592
3520   9592
3530   9592
3540   9592
3550   9592
3560   9592
3570   9592
3580   9592
3590   9592
3600   9592
3610   9592
3620   9592
3630   9592
3640   9592
3650   9592
3660   9592
3670   9592
3680   9592
3690   9592
3700   9592
3710   9592
3720   9592
3730   9592
3740   9592
3750   9592
3760   9592
3770   9592
3780   9592
3790   9592
3800   9592
3810   9592
3820   9592
3830   9592
3840   9592
3850   9592
3860   9592
3870   9592
3880   9592
3890   9592
3900   9592
3910   9592
3920   9592
3930   9592
3940   9592
3950   9592
3960   9592
3970   9592
3980   9592
3990   9592
4000   9592
4010   9592
4020   9592
4030   9592
4040   9592
4050   9592
4060   9592
4070   9592
4080   9592
4090   9592
4100   9592
4110   9592
4120   9592
4130   9592
4140   9592
4150   9592
4160   9592
4170   9592
4180   9592
4190   9592
4200   9592
4210   9592
4220   9592
4230   9592
4240   9592
4250   9592
4260   9592
4270   9592
4280   9592
4290   9592
4300   9592
4310   9592
4320   9592
4330   9592
4340   9592
4350   9592
4360   9592
4370   9592
4380   9592
4390   9592
4400   9592
4410   9592
4420   9592
4430   9592
4440   9592
4450   9592
4460   9592
4470   9592
4480   9592
4490   9592
4500   9592
4510   9592
4520   9592
4530   9592
4540   9592
4550   9592
4560   9592
4570   9592
4580   9592
4590   9592
4600   9592
4610   9592
4620   9592
4630   9592
4640   9592
4650   9592
4660   9592
4670   9592
4680   9592
4690   9592
4700   9592
4710   9592
4720   9592
4730   9592
4740   9592
4750   9592
4760   9592
4770   9592
4780   9592
4790   9592
4800   9592
4810   9592
4820   9592
4830   9592
4840   9592
4850   9592
4860   9592
4870   9592
4880   9592
4890   9592
4900   9592
4910   9592
4920   9592
4930   9592
4940   9592
4950   9592
4960   9592
4970   9592
4980   9592
4990   9592
5000   9592
5010   9592
5020   9592
5030   9592
5040   9592
5050   9592
5060   9592
5070   9592
5080   9592
5090   9592
5100   9592
5110   9592
5120   9592
5130   9592
5140   9592
5150   9592
5160   9592
5170   9592
5180   9592
5190   9592
5200   9592
5210   9592
5220   9592
5230   9592
5240   9592
5250   9592
5260   9592
5270   9592
5280   9592
5290   9592
5300   9592
5310   9592
5320   9592
5330   9592
5340   9592
5350   9592
5360   9592
5370   9549
5380   9549
5390   9549
5400   9549
5410   9549
5420   9549
5430   9549
5440   9549
5450   9549
5460   9549
5470   9549
5480   9549
5490   9549
5500   9549
5510   9549
5520   9549
5530   9549
5540   9549
5550   9549
5560   9549
5570   9549
5580   9549
5590   9549
5600   9549
5610   9549
5620   9549
5630   9549
5640   9549
5650   9549
5660   9549
5670   9549
5680   9549
5690   9549
5700   9549
5710   9549
5720   9549
5730   9549
5740   9549
5750   9549
5760   9549
5770   9549
5780   9549
5790   9549
5800   9549
5810   9549
5820   9549
5830   9549
5840   9549
5850   9549
5860   9549
5870   9549
5880   9549
5890   9549
5900   9549
5910   9549
5920   9549
5930   9549
5940   9549
5950   9549
5960   9549
5970   9549
5980   9549
5990   9549
6000   9549
6010   9549
6020   9549
6030   9549
6040   9549
6050   9549
6060   9549
6070   9549
6080   9549
6090   9549
6100   9549
6110   9549
6120   9549
6130   9549
6140   9549
6150   9549
6160   9549
6170   9549
6180   9549
6190   9549
6200   9549
6210   9549
6220   9549
6230   9549
6240   9549
6250   9549
6260   9549
6270   9549
6280   9549
6290   9549
6300   9549
6310   9549
6320   9549
6330   9549
6340   9549
6350   9549
6360   9549
6370   9549
6380   9549
6390   9549
6400   9549
6410   9549
6420   9549
6430   9549
6440   9549
6450   9549
6460   9549
6470   9549
6480   9549
6490   9549
6500   9549
6510   9549
6520   9549
6530   9549
6540   9549
6550   9549
6560   9549
6570   9549
6580   9549
6590   9549
6600   9549
6610   9549
6620   9549
6630   9549
6640   9549
6650   9549
6660   9549
6670   9549
6680   9549
6690   9549
6700   9549
6710   9549
6720   9549
6730   9549
6740   9549
6750   9549
6760   9549
6770   9549
6780   9549
6790   9549
6800   9549
6810   9549
6820   9549
6830   9549
6840   9549
6850   9549
6860   9549
6870   9549
6880   9549
6890   9549
6900   9549
6910   9549
6920   9549
6930   9549
6940   9549
6950   9549
6960   9549
6970   9549
6980   9549
6990   9549
7000   9549
7010   9549
7020   9549
7030   9549
7040   9549
7050   9549
7060   9549
7070   9549
7080   9549
7090   9549
7100   9549
7110   9549
7120   9549
7130   9549
7140   9549
7150   9549
7160   9549
7170   9549
7180   9549
7190   9549
7200   9549
7210   9549
7220   9549
7230   9549
7240   9549
7250   9549
7260   9549
7270   9549
7280   9549
7290   9549
7300   9549
7310   9549
7320   9549
7330   9549
7340   9549
7350   9549
7360   9549
7370   9549
7380   9549
7390   9549
7400   9549
7410   9549
7420   9549
7430   9549
7440   9549
7450   9549
7460   9549
7470   9549
7480   9549
7490   9549
7500   9549
7510   9549
7520   9549
7530   9549
7540   9549
7550   9549
7560   9549
7570   9549
7580   9549
7590   9549
7600   9549
7610   9549
7620   9549
7630   9549
7640   9549
7650   9549
7660   9549
7670   9549
7680   9549
7690   9549
7700   9549
7710   9549
7720   9549
7730   9549
7740   9549
7750   9549
7760   9549
7770   9549
7780   9549
7790   9549
7800   9549
7810   9549
7820   9549
7830   9549
7840   9549
7850   9549
7860   9549
7870   9549
7880   9549
7890   9549
7900   9549
7910   9549
7920   9549
7930   9549
7940   9549
7950   9549
7960   9549
7970   9549
7980   9549
7990   9549
8000   9549
8010   9549
8020   9549
8030   9549
8040   9549
8050   9549
8060   9549
8070   9549
8080   9549
8090   9549
8100   9549
8110   9549
8120   9549
8130   9549
8140   9549
8150   9549
8160   9549
8170   9549
8180   9549
8190   9549
8200   9549
8210   9549
8220   9549
8230   9549
8240   9549
8250   9549
8260   9549
8270   9549
8280   9549
8290   9549
8300   9549
8310   9549
8320   9549
8330   9549
8340   9549
8350   9549
8360   9549
8370   9549
8380   9549
8390   9549
8400   9549
8410   9549
8420   9549
8430   9549
8440   9549
8450   9549
8460   9549
8470   9549
8480   9549
8490   9549
8500   9549
8510   9549
8520   9549
8530   9549
8540   9549
8550   9549
8560   9549
8570   9549
8580   9549
8590   9549
8600   9549
8610   9549
8620   9549
8630   9549
8640   9549
8650   9549
8660   9549
8670   9549
8680   9549
8690   9549
8700   9549
8710   9549
8720   9549
8730   9549
8740   9549
8750   9549
8760   9549
8770   9549
8780   9549
8790   9549
8800   9549
8810   9549
8820   9549
8830   9549
8840   9549
8850   9549
8860   9549
8870   9549
8880   9549
8890   9549
8900   9549
8910   9549
8920   9549
8930   9549
8940   9549
8950   9549
8960   9549
8970   9549
8980   9549
8990   9549
9000   9549
9010   9549
9020   9549
9030   9549
9040   9549
9050   9549
9060   9549
9070   9549
9080   9549
9090   9549
9100   9549
9110   9549
9120   9549
9130   9549
9140   9549
9150   9549
9160   9549
9170   9549
9180   9549
9190   9549
9200   9549
9210   9549
9220   9549
9230   9549
9240   9549
9250   9549
9260   9549
9270   9549
9280   9549
9290   9549
9300   9549
9310   9549
9320   9549
9330   9549
9340   9549
9350   9549
9360   9549
9370   9549
9380   9549
9390   9549
9400   9549
9410   9549
9420   9549
9430   9549
9440   9549
9450   9549
9460   9549
9470   9549
9480   9549
9490   9549
9500   9549
9510   9549
9520   9549
9530   9549
9540   9549
9550   9549
9560   9549
9570   9549
9580   9549
9590   9549
9600   9549
9610   9549
9620   9549
9630   9549
9640   9549
9650   9549
9660   9549
9670   9549
9680   9549
9690   9549
9700   9549
9710   9549
9720   9549
9730   9549
9740   9549
9750   9549
9760   9549
9770   9549
9780   9549
9790   9549
9800   9549
9810   9549
9820   9549
9830   9549
9840   9549
9850   9549
9860   9549
9870   9549
9880   9549
9890   9549
9900   9549
9910   9549
9920   9549
9930   9549
9940   9549
9950   9549
9960   9549
9970   9549
9980   9549
9990   9549
10000   9549
10010   9549
10020   9549
10030   9549
10040   9549
10050   9549
10060   9549
10070   9549
10080   9549
10090   9549
10100   9549
10110   9549
10120   9549
10130   9549
10140   9549
10150   9549
10160   9549
10170   9549
10180   9549
10190   9549
10200   9549
10210   9549
10220   9549
10230   9549
10240   9549
10250   9549
10260   9549
10270   9549
10280   9549
10290   9549
10300   9549
10310   9549
10320   9549
10330   9549
10340   9549
10350   9549
10360   9549
10370   9549
10380   9549
10390   9549
10400   9549
10410   9549
10420   9549
10430   9549
10440   9549
10450   9549
10460   9549
10470   9549
10480   9549
10490   9549
10500   9549
10510   9549
10520   9549
10530   9549
10540   9549
10550   9549
10560   9549
10570   9549
10580   9549
10590   9549
10600   9549
10610   9549
10620   9549
10630   9549
10640   9549
10650   9549
10660   9549
10670   9549
10680   9549
10690   9549
10700   9549
10710   9549
10720   9549
10730   9549
10740   9549
10750   9549
10760   9549
10770   9549
10780   9549
10790   9549
10800   9549
10810   9549
10820   9549
10830   9549
10840   9549
10850   9549
10860   9549
10870   9549
10880   9549
10890   9549
10900   9549
10910   9549
10920   9549
10930   9549
10940   9549
10950   9549
10960   9549
10970   9549
10980   9549
10990   9549
11000   9549
11010   9549
11020   9549
11030   9549
11040   9549
11050   9549
11060   9549
11070   9549
11080   9549
11090   9549
11100   9549
11110   9549
11120   9549
11130   9549
11140   9549
11150   9549
11160   9549
11170   9549
11180   9549
11190   9549
11200   9549
11210   9549
11220   9549
11230   9549
11240   9549
11250   9549
11260   9549
11270   9549
11280   9549
11290   9549
11300   9549
11310   9549
11320   9549
11330   9549
11340   9549
11350   9549
11360   9549
11370   9549
11380   9549
11390   9549
11400   9549
11410   9549
11420   9549
11430   9549
11440   9549
11450   9549
11460   9549
11470   9549
11480   9549
11490   9549
11500   9549
11510   9549
11520   9549
11530   9549
11540   9549
11550   9549
11560   9549
11570   9549
11580   9549
11590   9549
11600   9549
11610   9549
11620   9549
11630   9549
11640   9549
11650   9549
11660   9549
11670   9549
11680   9549
11690   9549
11700   9549
11710   9549
11720   9549
11730   9549
11740   9549
11750   9549
11760   9549
11770   9549
11780   9549
11790   9549
11800   9549
11810   9549
11820   9549
11830   9549
11840   9549
11850   9549
11860   9549
11870   9549
11880   9549
11890   9549
11900   9549
11910   9549
11920   9549
11930   9549
11940   9549
11950   9549
11960   9549
11970   9549
11980   9549
11990   9549
12000   9549
12010   9549
12020   9549
12030   9549
12040   9549
12050   9549
12060   9549
12070   9549
12080   9549
12090   9549
12100   9549
12110   9549
12120   9549
12130   9549
12140   9549
12150   9549
12160   9549
12170   9549
12180   9549
12190   9549
12200   9549
12210   9549
12220   9549
12230   9549
12240   9549
12250   9549
12260   9549
12270   9549
12280   9549
12290   9549
12300   9549
12310   9549
12320   9549
12330   9549
12340   9549
12350   9549
12360   9549
12370   9549
12380   9549
12390   9549
12400   9549
12410   9549
12420   9549
12430   9549
12440   9549
12450   9549
12460   9549
12470   9549
12480   9549
12490   9549
12500   9549
12510   9549
12520   9549
12530   9549
12540   9549
12550   9549
12560   9549
12570   9549
12580   9549
12590   9549
12600   9549
12610   9549
12620   9549
12630   9549
12640   9549
12650   9549
12660   9549
12670   9549
12680   9549
12690   9549
12700   9549
12710   9549
12720   9549
12730   9549
12740   9549
12750   9549
12760   9549
12770   9549
12780   9549
12790   9549
12800   9549
12810   9549
12820   9549
12830   9549
12840   9549
12850   9549
12860   9549
12870   9549
12880   9549
12890   9549
12900   9549
12910   9549
12920   9549
12930   9549
12940   9549
12950   9549
12960   9549
12970   9549
12980   9549
12990   9549
13000   9549
13010   9549
13020   9549
13030   9549
13040   9549
13050   9549
13060   9549
13070   9549
13080   9549
13090   9549
13100   9549
13110   9549
13120   9549
13130   9549
13140   9549
13150   9549
13160   9549
13170   9549
13180   9549
13190   9549
13200   9549
13210   9549
13220   9549
13230   9549
13240   9549
13250   9549
13260   9549
13270   9549
13280   9549
13290   9549
13300   9549
13310   9549
13320   9549
13330   9549
13340   9549
13350   9549
13360   9549
13370   9549
13380   9549
13390   9549
13400   9549
13410   9549
13420   9549
13430   9549
13440   9549
13450   9549
13460   9549
13470   9549
13480   9549
13490   9549
13500   9549
13510   9549
13520   9549
13530   9549
13540   9549
13550   9549
13560   9549
13570   9549
13580   9549
13590   9549
13600   9549
13610   9549
13620   9549
13630   9549
13640   9549
13650   9549
13660   9549
13670   9549
13680   9549
13690   9549
13700   9549
13710   9549
13720   9549
13730   9549
13740   9549
13750   9549
13760   9549
13770   9549
13780   9549
13790   9549
13800   9549
13810   9549
13820   9549
13830   9549
13840   9549
13850   9549
13860   9549
13870   9549
13880   9549
13890   9549
13900   9549
13910   9549
13920   9549
13930   9549
13940   9549
13950   9549
13960   9549
13970   9549
13980   9549
13990   9549
14000   9549
14010   9549
14020   9549
14030   9549
14040   9549
14050   9549
14060   9549
14070   9549
14080   9549
14090   9549
14100   9549
14110   9549
14120   9549
14130   9549
14140   9549
14150   9549
14160   9549
14170   9549
14180   9549
14190   9549
14200   9549
14210   9549
14220   9549
14230   9549
14240   9549
14250   9549
14260   9549
14270   9549
14280   9549
14290   9549
14300   9549
14310   9549
14320   9549
14330   9549
14340   9549
14350   9549
14360   9549
14370   9549
14380   9549
14390   9549
14400   9549
14410   9549
14420   9549
14430   9549
14440   9549
14450   9549
14460   9549
14470   9549
14480   9549
14490   9549
14500   9549
14510   9549
14520   9549
14530   9549
14540   9549
14550   9549
14560   9549
14570   9549
14580   9549
14590   9549
14600   9549
14610   9549
14620   9549
14630   9549
14640   9549
14650   9549
14660   9549
14670   9549
14680   9549
14690   9549
14700   9549
14710   9549
14720   9549
14730   9549
14740   9549
14750   9549
14760   9549
14770   9549
14780   9549
14790   9549
14800   9549
14810   9549
14820   9549
14830   9549
14840   9549
14850   9549
14860   9549
14870   9549
14880   9549
14890   9549
14900   9549
14910   9549
14920   9549
14930   9549
14940   9549
14950   9549
14960   9549
14970   9549
14980   9549
14990   9549
15000   9549
15010   9549
15020   9549
15030   9549
15040   9549
15050   9549
15060   9549
15070   9549
15080   9549
15090   9549
15100   9549
15110   9549
15120   9549
15130   9549
15140   9549
15150   9549
15160   9549
15170   9549
15180   9549
15190   9549
15200   9549
15210   9549
15220   9549
15230   9549
15240   9549
15250   9549
15260   9549
15270   9549
15280   9549
15290   9549
15300   9549
15310   9549
15320   9549
15330   9549
15340   9549
15350   9549
15360   9549
15370   9549
15380   9549
15390   9549
15400   9549
15410   9549
15420   9549
15430   9549
15440   9549
15450   9549
15460   9549
15470   9549
15480   9549
15490   9549
15500   9549
15510   9549
15520   9549
15530   9549
15540   9549
15550   9549
15560   9549
15570   9549
15580   9549
15590   9549
15600   9549
15610   9549
15620   9549
15630   9549
15640   9549
15650   9549
15660   9549
15670   9549
15680   9549
15690   9549
15700   9549
15710   9549
15720   9549
15730   9549
15740   9549
15750   9549
15760   9549
15770   9549
15780   9549
15790   9549
15800   9549
15810   9549
15820   9549
15830   9549
15840   9549
15850   9549
15860   9549
15870   9549
15880   9549
15890   9549
15900   9549
15910   9549
15920   9549
15930   9549
15940   9549
15950   9549
15960   9549
15970   9549
15980   9549
15990   9549
16000   9549
16010   9549
16020   9549
16030   9549
16040   9549
16050   9549
16060   9549
16070   9549
16080   9549
16090   9549
16100   9549
16110   9549
16120   9549
16130   9549
16140   9549
16150   9549
16160   9549
16170   9549
16180   9549
16190   9518
16200   9518
16210   9518
16220   9518
16230   9518
16240   9518
16250   9518
16260   9518
16270   9518
16280   9518
16290   9518
16300   9518
16310   9518
16320   9518
16330   9518
16340   9518
16350   9518
16360   9518
16370   9518
16380   9518
16390   9518
16400   9518
16410   9518
16420   9518
16430   9518
16440   9518
16450   9518
16460   9518
16470   9518
16480   9518
16490   9518
16500   9518
16510   9518
16520   9518
16530   9518
16540   9518
16550   9518
16560   9518
16570   9518
16580   9518
16590   9518
16600   9518
16610   9518
16620   9518
16630   9518
16640   9518
16650   9518
