10   2836
20   2702
30   2702
40   2702
50   2702
60   2702
70   2702
80   2702
90   2702
100   2702
110   2702
120   2702
130   2702
140   2702
150   2702
160   2650
170   2650
180   2650
190   2650
200   2650
210   2650
220   2650
230   2650
240   2650
250   2650
260   2650
270   2650
280   2650
290   2650
300   2650
310   2650
320   2650
330   2650
340   2650
350   2650
360   2650
370   2650
380   2650
390   2650
400   2650
410   2650
420   2650
430   2650
440   2572
450   2572
460   2572
470   2572
480   2572
490   2572
500   2572
510   2572
520   2572
530   2572
540   2572
550   2572
560   2572
570   2572
580   2572
590   2572
600   2572
610   2572
620   2572
630   2572
640   2572
650   2572
660   2572
670   2572
680   2572
690   2572
700   2572
710   2572
720   2572
730   2572
740   2572
750   2572
760   2572
770   2572
780   2545
790   2545
800   2545
810   2545
820   2545
830   2545
840   2545
850   2545
860   2545
870   2545
880   2499
890   2499
900   2499
910   2499
920   2499
930   2499
940   2499
950   2499
960   2499
970   2499
980   2499
990   2499
1000   2499
1010   2499
1020   2499
1030   2499
1040   2499
1050   2499
1060   2499
1070   2499
1080   2499
1090   2499
1100   2499
1110   2499
1120   2499
1130   2499
1140   2499
1150   2499
1160   2499
1170   2499
1180   2499
1190   2499
1200   2499
1210   2499
1220   2499
1230   2499
1240   2499
1250   2499
1260   2499
1270   2499
1280   2499
1290   2499
1300   2499
1310   2499
1320   2499
1330   2499
1340   2499
1350   2499
1360   2499
1370   2499
1380   2499
1390   2499
1400   2499
1410   2499
1420   2499
1430   2499
1440   2499
1450   2499
1460   2499
1470   2499
1480   2499
1490   2499
1500   2499
1510   2499
1520   2499
1530   2499
1540   2499
1550   2499
1560   2499
1570   2499
1580   2499
1590   2499
1600   2499
1610   2499
1620   2499
1630   2499
1640   2499
1650   2499
1660   2499
1670   2499
1680   2499
1690   2499
1700   2499
1710   2499
1720   2499
1730   2499
1740   2499
1750   2499
1760   2499
1770   2499
1780   2499
1790   2499
1800   2499
1810   2499
1820   2499
1830   2499
1840   2499
1850   2499
1860   2499
1870   2499
1880   2499
1890   2499
1900   2499
1910   2499
1920   2499
1930   2499
1940   2499
1950   2499
1960   2499
1970   2499
1980   2499
1990   2499
2000   2499
2010   2499
2020   2499
2030   2499
2040   2499
2050   2499
2060   2499
2070   2499
2080   2499
2090   2499
2100   2499
2110   2499
2120   2499
2130   2499
2140   2499
2150   2499
2160   2499
2170   2499
2180   2499
2190   2499
2200   2499
2210   2499
2220   2499
2230   2499
2240   2499
2250   2499
2260   2499
2270   2499
2280   2499
2290   2499
2300   2499
2310   2499
2320   2499
2330   2499
2340   2499
2350   2499
2360   2499
2370   2499
2380   2499
2390   2499
2400   2499
2410   2499
2420   2499
2430   2499
2440   2499
2450   2499
2460   2499
2470   2499
2480   2499
2490   2499
2500   2499
2510   2499
2520   2499
2530   2499
2540   2499
2550   2499
2560   2499
2570   2499
2580   2499
2590   2499
2600   2499
2610   2499
2620   2499
2630   2499
2640   2499
2650   2499
2660   2499
2670   2499
2680   2499
2690   2499
2700   2499
2710   2499
2720   2499
2730   2499
2740   2499
2750   2499
2760   2499
2770   2499
2780   2499
2790   2499
2800   2499
2810   2499
2820   2499
2830   2499
2840   2499
2850   2499
2860   2499
2870   2499
2880   2499
2890   2499
2900   2499
2910   2499
2920   2499
2930   2499
2940   2499
2950   2499
2960   2499
2970   2499
2980   2499
2990   2499
3000   2499
3010   2499
3020   2499
3030   2499
3040   2499
3050   2499
3060   2499
3070   2499
3080   2499
3090   2499
3100   2499
3110   2499
3120   2499
3130   2499
3140   2499
3150   2499
3160   2491
3170   2491
3180   2491
3190   2491
3200   2491
3210   2491
3220   2491
3230   2491
3240   2491
3250   2491
3260   2491
3270   2491
3280   2491
3290   2491
3300   2491
3310   2491
3320   2491
3330   2491
3340   2491
3350   2491
3360   2491
3370   2491
3380   2491
3390   2491
3400   2491
3410   2491
3420   2491
3430   2491
3440   2491
3450   2491
3460   2491
3470   2491
3480   2491
3490   2491
3500   2491
3510   2491
3520   2491
3530   2491
3540   2491
3550   2491
3560   2491
3570   2491
3580   2491
3590   2491
3600   2491
3610   2491
3620   2491
3630   2491
3640   2491
3650   2491
3660   2491
3670   2491
3680   2491
3690   2491
3700   2491
3710   2491
3720   2491
3730   2491
3740   2491
3750   2491
3760   2491
3770   2491
3780   2491
3790   2491
3800   2491
3810   2491
3820   2491
3830   2491
3840   2491
3850   2491
3860   2491
3870   2491
3880   2491
3890   2491
3900   2491
3910   2491
3920   2491
3930   2491
3940   2491
3950   2491
3960   2491
3970   2491
3980   2491
3990   2491
4000   2491
4010   2491
4020   2491
4030   2491
4040   2491
4050   2491
4060   2491
4070   2491
4080   2491
4090   2491
4100   2491
4110   2491
4120   2491
4130   2491
4140   2491
4150   2491
4160   2491
4170   2491
4180   2491
4190   2491
4200   2491
4210   2491
4220   2491
4230   2491
4240   2491
4250   2491
4260   2491
4270   2491
4280   2491
4290   2491
4300   2491
4310   2491
4320   2491
4330   2491
4340   2491
4350   2491
4360   2491
4370   2491
4380   2491
4390   2491
4400   2491
4410   2491
4420   2491
4430   2491
4440   2491
4450   2491
4460   2491
4470   2491
4480   2491
4490   2491
4500   2491
4510   2491
4520   2491
4530   2491
4540   2491
4550   2491
4560   2491
4570   2491
4580   2491
4590   2491
4600   2491
4610   2491
4620   2491
4630   2491
4640   2491
4650   2491
4660   2491
4670   2491
4680   2491
4690   2491
4700   2491
4710   2491
4720   2491
4730   2491
4740   2491
4750   2491
4760   2491
4770   2491
4780   2491
4790   2491
4800   2491
4810   2491
4820   2491
4830   2491
4840   2491
4850   2491
4860   2491
4870   2491
4880   2491
4890   2491
4900   2491
4910   2491
4920   2491
4930   2491
4940   2491
4950   2491
4960   2491
4970   2491
4980   2491
4990   2491
5000   2491
5010   2491
5020   2491
5030   2491
5040   2491
5050   2491
5060   2491
5070   2491
5080   2491
5090   2491
5100   2491
5110   2491
5120   2491
5130   2491
5140   2491
5150   2491
5160   2491
5170   2491
5180   2491
5190   2491
5200   2491
5210   2491
5220   2491
5230   2491
5240   2491
5250   2491
5260   2491
5270   2491
5280   2491
5290   2491
5300   2491
5310   2491
5320   2491
5330   2491
5340   2491
5350   2491
5360   2491
5370   2491
5380   2491
5390   2491
5400   2491
5410   2491
5420   2491
5430   2481
5440   2481
5450   2481
5460   2481
5470   2481
5480   2481
5490   2481
5500   2481
5510   2481
5520   2481
5530   2481
5540   2481
5550   2481
5560   2481
5570   2481
5580   2481
5590   2481
5600   2481
5610   2481
5620   2481
5630   2481
5640   2481
5650   2481
5660   2481
5670   2481
5680   2481
5690   2481
5700   2481
5710   2481
5720   2481
5730   2481
5740   2481
5750   2481
5760   2481
5770   2481
5780   2481
5790   2481
5800   2481
5810   2481
5820   2481
5830   2481
5840   2481
5850   2481
5860   2481
5870   2481
5880   2481
5890   2481
5900   2481
5910   2481
5920   2481
5930   2481
5940   2481
5950   2481
5960   2481
5970   2481
5980   2481
5990   2481
6000   2481
6010   2481
6020   2481
6030   2481
6040   2481
6050   2481
6060   2481
6070   2481
6080   2481
6090   2481
6100   2481
6110   2481
6120   2481
6130   2481
6140   2481
6150   2481
6160   2481
6170   2481
6180   2481
6190   2481
6200   2481
6210   2481
6220   2481
6230   2481
6240   2481
6250   2481
6260   2481
6270   2481
6280   2481
6290   2481
6300   2481
6310   2481
6320   2481
6330   2481
6340   2481
6350   2481
6360   2481
6370   2481
6380   2481
6390   2481
6400   2481
6410   2481
6420   2481
6430   2481
6440   2481
6450   2481
6460   2481
6470   2481
6480   2481
6490   2481
6500   2481
6510   2481
6520   2481
6530   2481
6540   2481
6550   2481
6560   2481
6570   2481
6580   2481
6590   2481
6600   2481
6610   2481
6620   2481
6630   2481
6640   2481
6650   2481
6660   2481
6670   2481
6680   2481
6690   2481
6700   2481
6710   2481
6720   2481
6730   2481
6740   2481
6750   2481
6760   2481
6770   2481
6780   2481
6790   2481
6800   2481
6810   2481
6820   2481
6830   2481
6840   2481
6850   2481
6860   2481
6870   2481
6880   2481
6890   2481
6900   2481
6910   2481
6920   2481
6930   2481
6940   2481
6950   2481
6960   2481
6970   2481
6980   2481
6990   2481
7000   2481
7010   2481
7020   2481
7030   2481
7040   2481
7050   2481
7060   2481
7070   2481
7080   2481
7090   2481
7100   2481
7110   2481
7120   2481
7130   2481
7140   2481
7150   2481
7160   2481
7170   2481
7180   2481
7190   2481
7200   2481
7210   2481
7220   2481
7230   2481
7240   2481
7250   2481
7260   2481
7270   2481
7280   2481
7290   2481
7300   2481
7310   2481
7320   2481
7330   2481
7340   2481
7350   2481
7360   2481
7370   2481
7380   2481
7390   2481
7400   2481
7410   2481
7420   2481
7430   2481
7440   2481
7450   2481
7460   2481
7470   2481
7480   2481
7490   2481
7500   2481
7510   2481
7520   2481
7530   2481
7540   2481
7550   2481
7560   2481
7570   2481
7580   2481
7590   2481
7600   2481
7610   2481
7620   2481
7630   2481
7640   2481
7650   2481
7660   2481
7670   2481
7680   2481
7690   2481
7700   2481
7710   2481
7720   2481
7730   2481
7740   2481
7750   2481
7760   2481
7770   2481
7780   2481
7790   2481
7800   2481
7810   2481
7820   2481
7830   2481
7840   2481
7850   2481
7860   2481
7870   2481
7880   2481
7890   2481
7900   2481
7910   2481
7920   2481
7930   2481
7940   2481
7950   2481
7960   2481
7970   2481
7980   2481
7990   2481
8000   2481
8010   2481
8020   2481
8030   2481
8040   2481
8050   2481
8060   2481
8070   2481
8080   2481
8090   2481
8100   2481
8110   2481
8120   2481
8130   2481
8140   2481
8150   2481
8160   2481
8170   2481
8180   2481
8190   2481
8200   2481
8210   2481
8220   2481
8230   2481
8240   2481
8250   2481
8260   2481
8270   2481
8280   2481
8290   2481
8300   2481
8310   2481
8320   2481
8330   2481
8340   2481
8350   2481
8360   2481
8370   2481
8380   2481
8390   2481
8400   2481
8410   2481
8420   2481
8430   2481
8440   2481
8450   2481
8460   2481
8470   2481
8480   2481
8490   2481
8500   2481
8510   2481
8520   2481
8530   2481
8540   2481
8550   2481
8560   2481
8570   2481
8580   2481
8590   2481
8600   2481
8610   2481
8620   2481
8630   2481
8640   2481
8650   2481
8660   2481
8670   2481
8680   2481
8690   2481
8700   2481
8710   2481
8720   2481
8730   2481
8740   2481
8750   2481
8760   2481
8770   2481
8780   2481
8790   2481
8800   2481
8810   2481
8820   2481
8830   2481
8840   2481
8850   2481
8860   2481
8870   2481
8880   2481
8890   2481
8900   2481
8910   2481
8920   2481
8930   2481
8940   2481
8950   2481
8960   2481
8970   2481
8980   2481
8990   2481
9000   2481
9010   2481
9020   2481
9030   2481
9040   2481
9050   2481
9060   2481
9070   2481
9080   2481
9090   2481
9100   2481
9110   2481
9120   2481
9130   2481
9140   2481
9150   2481
9160   2481
9170   2481
9180   2481
9190   2481
9200   2481
9210   2481
9220   2481
9230   2481
9240   2481
9250   2481
9260   2481
9270   2481
9280   2481
9290   2481
9300   2481
9310   2481
9320   2481
9330   2481
9340   2481
9350   2481
9360   2481
9370   2481
9380   2481
9390   2481
9400   2481
9410   2481
9420   2481
9430   2481
9440   2481
9450   2481
9460   2481
9470   2481
9480   2481
9490   2481
9500   2481
9510   2481
9520   2481
9530   2481
9540   2481
9550   2481
9560   2481
9570   2481
9580   2481
9590   2481
9600   2481
9610   2481
9620   2481
9630   2481
9640   2481
9650   2481
9660   2481
9670   2481
9680   2481
9690   2481
9700   2481
9710   2481
9720   2481
9730   2481
9740   2481
9750   2481
9760   2481
9770   2481
9780   2481
9790   2481
9800   2481
9810   2481
9820   2481
9830   2481
9840   2481
9850   2481
9860   2481
9870   2481
9880   2481
9890   2481
9900   2481
9910   2481
9920   2481
9930   2481
9940   2481
9950   2481
9960   2481
9970   2481
9980   2481
9990   2481
10000   2481
10010   2481
10020   2481
10030   2481
10040   2481
10050   2481
10060   2481
10070   2481
10080   2481
10090   2481
10100   2481
10110   2481
10120   2481
10130   2481
10140   2481
10150   2481
10160   2481
10170   2481
10180   2481
10190   2481
10200   2481
10210   2481
10220   2481
10230   2481
10240   2481
10250   2481
10260   2481
10270   2481
10280   2481
10290   2481
10300   2481
10310   2481
10320   2481
10330   2481
10340   2481
10350   2481
10360   2481
10370   2481
10380   2481
10390   2481
10400   2481
10410   2481
10420   2481
10430   2481
10440   2481
10450   2481
10460   2481
10470   2481
10480   2481
10490   2481
10500   2442
10510   2442
10520   2442
10530   2442
10540   2442
10550   2442
10560   2442
10570   2442
10580   2442
10590   2442
10600   2442
10610   2442
10620   2442
10630   2442
10640   2442
10650   2442
10660   2442
10670   2442
10680   2442
10690   2442
10700   2442
10710   2442
10720   2442
10730   2442
10740   2442
10750   2442
10760   2442
10770   2442
10780   2442
10790   2442
10800   2442
10810   2442
10820   2442
10830   2442
10840   2442
10850   2442
10860   2442
10870   2442
10880   2442
10890   2442
10900   2442
10910   2442
10920   2442
10930   2442
10940   2442
10950   2442
10960   2442
10970   2442
10980   2442
10990   2442
11000   2442
11010   2442
11020   2442
11030   2442
11040   2442
11050   2442
11060   2442
11070   2442
11080   2442
11090   2442
11100   2442
11110   2442
11120   2442
11130   2442
11140   2442
11150   2442
11160   2442
11170   2442
11180   2442
11190   2442
11200   2442
11210   2442
11220   2442
11230   2442
11240   2442
11250   2442
11260   2442
11270   2442
11280   2442
11290   2442
11300   2442
11310   2442
11320   2442
11330   2442
11340   2442
11350   2442
11360   2442
11370   2442
11380   2442
11390   2442
11400   2442
11410   2442
11420   2442
11430   2442
11440   2442
11450   2442
11460   2442
11470   2442
11480   2442
11490   2442
11500   2442
11510   2442
11520   2442
11530   2442
11540   2442
11550   2442
11560   2442
11570   2442
11580   2442
11590   2442
11600   2442
11610   2442
11620   2442
11630   2442
11640   2442
11650   2442
11660   2442
11670   2442
11680   2442
11690   2442
11700   2442
11710   2442
11720   2442
11730   2442
11740   2442
11750   2442
11760   2442
11770   2442
11780   2442
11790   2442
11800   2442
11810   2442
11820   2442
11830   2442
11840   2442
11850   2442
11860   2442
11870   2442
11880   2442
11890   2442
11900   2442
11910   2442
11920   2442
11930   2442
11940   2442
11950   2442
11960   2442
11970   2442
11980   2442
11990   2442
12000   2442
12010   2442
12020   2442
12030   2442
12040   2442
12050   2442
12060   2442
12070   2442
12080   2442
12090   2442
12100   2442
12110   2442
12120   2442
12130   2442
12140   2442
12150   2442
12160   2442
12170   2442
12180   2442
12190   2442
12200   2442
12210   2442
12220   2442
12230   2442
12240   2442
12250   2442
12260   2442
12270   2442
12280   2442
12290   2442
12300   2442
12310   2442
12320   2442
12330   2442
12340   2442
12350   2442
12360   2442
12370   2442
12380   2442
12390   2442
12400   2442
12410   2442
12420   2442
12430   2442
12440   2442
12450   2442
12460   2442
12470   2442
12480   2442
12490   2442
12500   2442
12510   2442
12520   2442
12530   2442
12540   2442
12550   2442
12560   2442
12570   2442
12580   2442
12590   2442
12600   2442
12610   2442
12620   2442
12630   2442
12640   2442
12650   2442
12660   2442
12670   2442
12680   2442
12690   2442
12700   2442
12710   2442
12720   2442
12730   2442
12740   2442
12750   2442
12760   2442
12770   2442
12780   2442
12790   2442
12800   2442
12810   2442
12820   2442
12830   2442
12840   2442
12850   2442
12860   2442
12870   2442
12880   2442
12890   2442
12900   2442
12910   2442
12920   2442
12930   2442
12940   2442
12950   2442
12960   2442
12970   2442
12980   2442
12990   2442
13000   2442
13010   2442
13020   2442
13030   2442
13040   2442
13050   2442
13060   2442
13070   2442
13080   2442
13090   2442
13100   2442
13110   2442
13120   2442
13130   2442
13140   2442
13150   2442
13160   2442
13170   2442
13180   2442
13190   2442
13200   2442
13210   2442
13220   2442
13230   2442
13240   2442
13250   2442
13260   2442
13270   2442
13280   2442
13290   2442
13300   2442
13310   2442
13320   2442
13330   2442
13340   2442
13350   2442
13360   2442
13370   2442
13380   2442
13390   2442
13400   2442
13410   2442
13420   2442
13430   2442
13440   2442
13450   2442
13460   2442
13470   2442
13480   2442
13490   2442
13500   2442
13510   2442
13520   2442
13530   2442
13540   2442
13550   2442
13560   2442
13570   2442
13580   2442
13590   2442
13600   2442
13610   2442
13620   2442
13630   2442
13640   2442
13650   2442
13660   2442
13670   2442
13680   2442
13690   2442
13700   2442
13710   2442
13720   2442
13730   2442
13740   2442
13750   2442
13760   2442
13770   2442
13780   2442
13790   2442
13800   2442
13810   2442
13820   2442
13830   2442
13840   2442
13850   2442
13860   2442
13870   2442
13880   2442
13890   2442
13900   2442
13910   2442
13920   2442
13930   2442
13940   2442
13950   2442
13960   2442
13970   2442
13980   2442
13990   2442
14000   2442
14010   2442
14020   2442
14030   2442
14040   2442
14050   2442
14060   2442
14070   2442
14080   2442
14090   2442
14100   2442
14110   2442
14120   2442
14130   2442
14140   2442
14150   2442
14160   2442
14170   2442
14180   2442
14190   2442
14200   2442
14210   2442
14220   2442
14230   2442
14240   2442
14250   2442
14260   2442
14270   2442
14280   2442
14290   2442
14300   2442
14310   2442
14320   2442
14330   2442
14340   2442
14350   2442
14360   2442
14370   2442
14380   2442
14390   2442
14400   2442
14410   2442
14420   2442
14430   2442
14440   2442
14450   2442
14460   2442
14470   2442
14480   2442
14490   2442
14500   2442
14510   2442
14520   2442
14530   2442
14540   2442
14550   2442
14560   2442
14570   2442
14580   2442
14590   2442
14600   2442
14610   2442
14620   2442
14630   2442
14640   2442
14650   2442
14660   2442
14670   2442
14680   2442
14690   2442
14700   2442
14710   2442
14720   2442
14730   2442
14740   2442
14750   2442
14760   2442
14770   2442
14780   2442
14790   2442
14800   2442
14810   2442
14820   2442
14830   2442
14840   2442
14850   2442
14860   2442
14870   2442
14880   2442
14890   2442
14900   2442
14910   2442
14920   2442
14930   2442
14940   2442
14950   2442
14960   2442
14970   2442
14980   2442
14990   2442
15000   2442
15010   2442
15020   2442
15030   2442
15040   2442
15050   2442
15060   2442
15070   2442
15080   2442
15090   2442
15100   2442
15110   2442
15120   2442
15130   2442
15140   2442
15150   2442
15160   2442
15170   2442
15180   2442
15190   2442
15200   2442
15210   2442
15220   2442
15230   2442
15240   2442
15250   2442
15260   2442
15270   2442
15280   2442
15290   2442
15300   2442
15310   2442
15320   2442
15330   2442
15340   2442
15350   2442
15360   2442
15370   2442
15380   2442
15390   2442
15400   2442
15410   2442
15420   2442
15430   2442
15440   2442
15450   2442
15460   2442
15470   2442
15480   2442
15490   2442
15500   2442
15510   2442
15520   2442
15530   2442
15540   2442
15550   2442
15560   2442
15570   2442
15580   2442
15590   2442
15600   2442
15610   2442
15620   2442
15630   2442
15640   2442
15650   2442
15660   2442
15670   2442
15680   2442
15690   2442
15700   2442
15710   2442
15720   2442
15730   2442
15740   2442
15750   2442
15760   2442
15770   2442
15780   2442
15790   2442
15800   2442
15810   2442
15820   2442
15830   2442
15840   2442
15850   2442
15860   2442
15870   2442
15880   2442
15890   2442
15900   2442
15910   2442
15920   2442
15930   2442
15940   2442
15950   2442
15960   2442
15970   2442
15980   2442
15990   2442
16000   2442
16010   2442
16020   2442
16030   2442
16040   2442
16050   2442
16060   2442
16070   2442
16080   2442
16090   2442
16100   2442
16110   2442
16120   2442
16130   2442
16140   2442
16150   2442
16160   2442
16170   2442
16180   2442
16190   2442
16200   2442
16210   2442
16220   2442
16230   2442
16240   2442
16250   2442
16260   2442
16270   2442
16280   2442
16290   2442
16300   2442
16310   2442
16320   2442
16330   2442
16340   2442
16350   2442
16360   2442
16370   2442
16380   2442
16390   2442
16400   2442
16410   2442
16420   2442
16430   2442
16440   2442
16450   2442
16460   2442
16470   2442
16480   2442
16490   2442
16500   2442
16510   2442
16520   2442
16530   2442
16540   2442
16550   2442
16560   2442
16570   2442
16580   2442
16590   2442
16600   2442
16610   2442
16620   2442
16630   2442
16640   2442
16650   2442
16660   2442
16670   2442
16680   2442
16690   2442
16700   2442
16710   2442
16720   2442
16730   2442
16740   2442
16750   2442
16760   2442
16770   2442
16780   2442
16790   2442
16800   2442
16810   2442
16820   2442
16830   2442
16840   2442
16850   2442
16860   2442
16870   2442
16880   2442
16890   2442
16900   2442
16910   2442
16920   2442
16930   2442
16940   2442
16950   2442
16960   2442
16970   2442
16980   2442
16990   2442
17000   2442
17010   2442
17020   2442
17030   2442
17040   2442
17050   2442
17060   2442
17070   2442
17080   2442
17090   2442
17100   2442
17110   2442
17120   2442
17130   2442
17140   2442
17150   2442
17160   2442
17170   2442
17180   2442
17190   2442
17200   2442
17210   2442
17220   2442
17230   2442
17240   2442
17250   2442
17260   2442
17270   2442
17280   2442
17290   2442
17300   2442
17310   2442
17320   2442
17330   2442
17340   2442
17350   2442
17360   2442
17370   2442
17380   2442
17390   2442
17400   2442
17410   2442
17420   2442
17430   2442
17440   2442
17450   2442
17460   2442
17470   2442
17480   2442
17490   2442
17500   2442
17510   2442
17520   2442
17530   2442
17540   2442
17550   2442
17560   2442
17570   2442
17580   2442
17590   2442
17600   2442
17610   2442
17620   2442
17630   2442
17640   2442
17650   2442
17660   2442
17670   2442
17680   2442
17690   2442
17700   2442
17710   2442
17720   2442
17730   2442
17740   2442
17750   2442
17760   2442
17770   2442
17780   2442
17790   2442
17800   2436
17810   2436
17820   2436
17830   2436
17840   2436
17850   2436
17860   2436
17870   2436
17880   2436
17890   2436
17900   2436
17910   2436
17920   2436
17930   2436
17940   2436
17950   2436
17960   2436
17970   2436
17980   2436
17990   2436
18000   2436
18010   2436
18020   2436
18030   2436
18040   2436
18050   2436
18060   2436
18070   2436
18080   2436
18090   2436
18100   2436
18110   2436
18120   2436
18130   2436
18140   2436
18150   2436
18160   2436
18170   2436
18180   2436
18190   2436
18200   2436
18210   2436
18220   2436
18230   2436
18240   2436
18250   2436
18260   2436
18270   2436
18280   2436
18290   2436
18300   2436
18310   2436
18320   2436
18330   2436
18340   2436
18350   2436
18360   2436
18370   2436
18380   2436
18390   2436
18400   2436
18410   2436
18420   2436
18430   2436
18440   2436
18450   2436
18460   2436
18470   2436
18480   2436
18490   2436
18500   2436
18510   2436
18520   2436
18530   2436
18540   2436
18550   2436
18560   2436
18570   2436
18580   2436
18590   2436
18600   2436
18610   2436
18620   2436
18630   2436
18640   2436
18650   2436
18660   2419
18670   2419
18680   2419
18690   2419
18700   2419
18710   2419
18720   2419
18730   2419
18740   2419
18750   2419
18760   2419
18770   2419
18780   2419
18790   2419
18800   2419
18810   2419
18820   2419
18830   2419
18840   2419
18850   2419
18860   2419
18870   2419
18880   2419
18890   2419
18900   2419
18910   2419
18920   2419
18930   2419
18940   2419
18950   2419
18960   2419
18970   2419
18980   2419
18990   2419
19000   2419
19010   2419
19020   2419
19030   2419
19040   2419
19050   2419
19060   2419
19070   2419
19080   2419
19090   2419
19100   2419
19110   2419
19120   2419
19130   2419
19140   2419
19150   2419
19160   2419
19170   2419
19180   2419
19190   2419
19200   2419
19210   2419
19220   2419
19230   2419
19240   2419
19250   2419
19260   2419
19270   2419
19280   2419
19290   2419
19300   2419
19310   2419
19320   2419
19330   2419
19340   2419
19350   2419
19360   2419
19370   2419
19380   2419
19390   2419
19400   2419
19410   2419
19420   2419
19430   2419
19440   2419
19450   2419
19460   2419
19470   2419
19480   2419
19490   2419
19500   2419
19510   2419
19520   2419
19530   2419
19540   2419
19550   2419
19560   2419
19570   2419
19580   2419
19590   2419
19600   2419
19610   2419
19620   2419
19630   2419
19640   2419
19650   2419
19660   2419
19670   2419
19680   2419
19690   2419
19700   2419
19710   2419
19720   2419
19730   2419
19740   2419
19750   2419
19760   2419
19770   2419
19780   2419
19790   2419
19800   2419
19810   2419
19820   2419
19830   2419
19840   2419
19850   2419
19860   2419
19870   2419
19880   2419
19890   2419
19900   2419
19910   2419
19920   2419
19930   2419
19940   2419
19950   2419
19960   2419
19970   2419
19980   2419
19990   2419
20000   2419
20010   2419
20020   2419
20030   2419
20040   2419
20050   2419
20060   2419
20070   2419
20080   2419
20090   2419
20100   2419
20110   2419
20120   2419
20130   2419
20140   2419
20150   2419
20160   2419
20170   2419
20180   2419
20190   2419
20200   2419
20210   2419
