10   10549
20   10549
30   10549
40   10549
50   10549
60   10549
70   10549
80   10318
90   10318
100   10318
110   10318
120   10318
130   10318
140   10318
150   10318
160   10318
170   10318
180   10318
190   10318
200   10318
210   10318
220   10318
230   10318
240   10318
250   10318
260   10318
270   10318
280   10318
290   10318
300   10318
310   10318
320   10318
330   10318
340   10318
350   10318
360   10318
370   10318
380   10318
390   10318
400   10318
410   10318
420   10318
430   10318
440   10318
450   10318
460   10318
470   10318
480   10318
490   10318
500   10318
510   10318
520   10318
530   10318
540   10318
550   10318
560   10318
570   10318
580   10318
590   10318
600   10318
610   10290
620   10290
630   10290
640   10290
650   10290
660   10290
670   10290
680   10290
690   10290
700   10290
710   10290
720   10290
730   10290
740   10290
750   10290
760   10290
770   10290
780   10290
790   10290
800   10290
810   10290
820   10290
830   10290
840   10290
850   10290
860   10290
870   10290
880   10290
890   10290
900   10290
910   10290
920   10290
930   10290
940   10290
950   10290
960   10290
970   10290
980   10290
990   10290
1000   10290
1010   10290
1020   10290
1030   10290
1040   10290
1050   10290
1060   10290
1070   10290
1080   10290
1090   10290
1100   10290
1110   10290
1120   10290
1130   10290
1140   10105
1150   10105
1160   10105
1170   10105
1180   10105
1190   10105
1200   10105
1210   10105
1220   10105
1230   10105
1240   10105
1250   10105
1260   10105
1270   10105
1280   10105
1290   10105
1300   10105
1310   10105
1320   10105
1330   10105
1340   10105
1350   10105
1360   10105
1370   10105
1380   10105
1390   10105
1400   10105
1410   10105
1420   10105
1430   10105
1440   10105
1450   10105
1460   10105
1470   10105
1480   10105
1490   10105
1500   10105
1510   10105
1520   10105
1530   10105
1540   10105
1550   10105
1560   10105
1570   10105
1580   10105
1590   10105
1600   10105
1610   10105
1620   10105
1630   10105
1640   10105
1650   10105
1660   10105
1670   10105
1680   10105
1690   10105
1700   10105
1710   10105
1720   10105
1730   10105
1740   10105
1750   10105
1760   10105
1770   10105
1780   10105
1790   10105
1800   10105
1810   10105
1820   10105
1830   10105
1840   10105
1850   10105
1860   10105
1870   10105
1880   10105
1890   10105
1900   10105
1910   10105
1920   10105
1930   10105
1940   10105
1950   10105
1960   10105
1970   10105
1980   10105
1990   10105
2000   10105
2010   10105
2020   10105
2030   10105
2040   10105
2050   10105
2060   10105
2070   10105
2080   10105
2090   10105
2100   10105
2110   10105
2120   10105
2130   10105
2140   10105
2150   10105
2160   10105
2170   10105
2180   10105
2190   10105
2200   10105
2210   10105
2220   10105
2230   10105
2240   10105
2250   10105
2260   10105
2270   10105
2280   10105
2290   10105
2300   10105
2310   10105
2320   10105
2330   10105
2340   10105
2350   10105
2360   10105
2370   10105
2380   10105
2390   10105
2400   10105
2410   10105
2420   10105
2430   10105
2440   10105
2450   10105
2460   10105
2470   10105
2480   10105
2490   10105
2500   10105
2510   10105
2520   10105
2530   10105
2540   10105
2550   10105
2560   10105
2570   10105
2580   10105
2590   10105
2600   10105
2610   10105
2620   10105
2630   10105
2640   10105
2650   10105
2660   10105
2670   10105
2680   10105
2690   10105
2700   10105
2710   10105
2720   10105
2730   10105
2740   10105
2750   10105
2760   10105
2770   10105
2780   10105
2790   10105
2800   10105
2810   10105
2820   10105
2830   10105
2840   10105
2850   10105
2860   10105
2870   10105
2880   10105
2890   10105
2900   10105
2910   10105
2920   10105
2930   10105
2940   10105
2950   10105
2960   10105
2970   10105
2980   10105
2990   10105
3000   10105
3010   10105
3020   10105
3030   10105
3040   10105
3050   10105
3060   10105
3070   10105
3080   10105
3090   10105
3100   10105
3110   10105
3120   10105
3130   10105
3140   10105
3150   10105
3160   10105
3170   10105
3180   10105
3190   10105
3200   10105
3210   10105
3220   10105
3230   10105
3240   10105
3250   10105
3260   10105
3270   10105
3280   10105
3290   10105
3300   10105
3310   10105
3320   10105
3330   10105
3340   10105
3350   10105
3360   10105
3370   10105
3380   10105
3390   10105
3400   10105
3410   10105
3420   10105
3430   10105
3440   10105
3450   10105
3460   10105
3470   10105
3480   10105
3490   10105
3500   10105
3510   10105
3520   10105
3530   10105
3540   10105
3550   10105
3560   10105
3570   10105
3580   10105
3590   10105
3600   10105
3610   10105
3620   10105
3630   10105
3640   10105
3650   10105
3660   10105
3670   10105
3680   10105
3690   10105
3700   10105
3710   10105
3720   10105
3730   10105
3740   10105
3750   10105
3760   10105
3770   10105
3780   10105
3790   10105
3800   10105
3810   10105
3820   10105
3830   10105
3840   10105
3850   10105
3860   10105
3870   10105
3880   10105
3890   10105
3900   10105
3910   10105
3920   10105
3930   10105
3940   10105
3950   10105
3960   10105
3970   10105
3980   10105
3990   10105
4000   10105
4010   10105
4020   10105
4030   10105
4040   10105
4050   10105
4060   10105
4070   10105
4080   10105
4090   10105
4100   10105
4110   10105
4120   10105
4130   10105
4140   10105
4150   10105
4160   10105
4170   10105
4180   10105
4190   10105
4200   10105
4210   10105
4220   10105
4230   10105
4240   10105
4250   10105
4260   10105
4270   10105
4280   10105
4290   10105
4300   10105
4310   10105
4320   10105
4330   10105
4340   10105
4350   10105
4360   10105
4370   10105
4380   10105
4390   10105
4400   10105
4410   10105
4420   10105
4430   10105
4440   10105
4450   10105
4460   10105
4470   10105
4480   10105
4490   10105
4500   10105
4510   10105
4520   10105
4530   10105
4540   10105
4550   10105
4560   10105
4570   10105
4580   10105
4590   10105
4600   10105
4610   10105
4620   10105
4630   10105
4640   10105
4650   10105
4660   10105
4670   10105
4680   10105
4690   10105
4700   10105
4710   10105
4720   10105
4730   10105
4740   10105
4750   10105
4760   10105
4770   10105
4780   10105
4790   10105
4800   10105
4810   10105
4820   10105
4830   10105
4840   10105
4850   10105
4860   10105
4870   10105
4880   10105
4890   10105
4900   10105
4910   10105
4920   10105
4930   10105
4940   10105
4950   10105
4960   10105
4970   10105
4980   10105
4990   10105
5000   10105
5010   10105
5020   10105
5030   10105
5040   10105
5050   10105
5060   10105
5070   10105
5080   10105
5090   10105
5100   10105
5110   10105
5120   10105
5130   10105
5140   10105
5150   10105
5160   10105
5170   10105
5180   10105
5190   10105
5200   10105
5210   10105
5220   10105
5230   10105
5240   10105
5250   10105
5260   10105
5270   10105
5280   10105
5290   10105
5300   10105
5310   10105
5320   10105
5330   10105
5340   10105
5350   10105
5360   10105
5370   10105
5380   10105
5390   10105
5400   10105
5410   10105
5420   10105
5430   10105
5440   10105
5450   10105
5460   10105
5470   10105
5480   10105
5490   10105
5500   10105
5510   10105
5520   10105
5530   10105
5540   10105
5550   10105
5560   10105
5570   10105
5580   10105
5590   10105
5600   10105
5610   10105
5620   10105
5630   10105
5640   10105
5650   10105
5660   10105
5670   10105
5680   10105
5690   10105
5700   10105
5710   10105
5720   10105
5730   10105
5740   10105
5750   10105
5760   10105
5770   10105
5780   10105
5790   10105
5800   10105
5810   10105
5820   10105
5830   10105
5840   10105
5850   10105
5860   10105
5870   10105
5880   10105
5890   10105
5900   10105
5910   10105
5920   10105
5930   10105
5940   10105
5950   10105
5960   10105
5970   10105
5980   10105
5990   10105
6000   10105
6010   10105
6020   10105
6030   10105
6040   10105
6050   10105
6060   10105
6070   10105
6080   10105
6090   10105
6100   10105
6110   10105
6120   10105
6130   10105
6140   10105
6150   10105
6160   10105
6170   10105
6180   10105
6190   10105
6200   10105
6210   10105
6220   10105
6230   10105
6240   10105
6250   10105
6260   10105
6270   10105
6280   10105
6290   10105
6300   10105
6310   10105
6320   10105
6330   10105
6340   10105
6350   10105
6360   10105
6370   10105
6380   10105
6390   10105
6400   10105
6410   10105
6420   10105
6430   10105
6440   10105
6450   10105
6460   10105
6470   10105
6480   10105
6490   10105
6500   10105
6510   10105
6520   10105
6530   10105
6540   10105
6550   10105
6560   10105
6570   10105
6580   10105
6590   10105
6600   10105
6610   10105
6620   10105
6630   10105
6640   10105
6650   10105
6660   10105
6670   10105
6680   10105
6690   10105
6700   10105
6710   10105
6720   10105
6730   10105
6740   10105
6750   10105
6760   10105
6770   10105
6780   10105
6790   10105
6800   10105
6810   10105
6820   10105
6830   10105
6840   10105
6850   10105
6860   10105
6870   10105
6880   10105
6890   10105
6900   10105
6910   10105
6920   10105
6930   10105
6940   10105
6950   10105
6960   10105
6970   10105
6980   10105
6990   10105
7000   10105
7010   10105
7020   10105
7030   10105
7040   10105
7050   10105
7060   10105
7070   10105
7080   10105
7090   10105
7100   10105
7110   10105
7120   10105
7130   10105
7140   10105
7150   10105
7160   10105
7170   10105
7180   10105
7190   10105
7200   10105
7210   10105
7220   10105
7230   10105
7240   10105
7250   10105
7260   10105
7270   10105
7280   10105
7290   10105
7300   10105
7310   10105
7320   10105
7330   10105
7340   10105
7350   10105
7360   10105
7370   10105
7380   10105
7390   10105
7400   10105
7410   10105
7420   10105
7430   10105
7440   10105
7450   10105
7460   10105
7470   10105
7480   10105
7490   10105
7500   10105
7510   10105
7520   10105
7530   10105
7540   10105
7550   10105
7560   10105
7570   10105
7580   10105
7590   10105
7600   10105
7610   10105
7620   10105
7630   10105
7640   10105
7650   10105
7660   10105
7670   10105
7680   10105
7690   10105
7700   10105
7710   10105
7720   10105
7730   10105
7740   10105
7750   10105
7760   10105
7770   10105
7780   10105
7790   10105
7800   10105
7810   10105
7820   10105
7830   10105
7840   10105
7850   10105
7860   10105
7870   10105
7880   10105
7890   10105
7900   10105
7910   10105
7920   10105
7930   10105
7940   10105
7950   10105
7960   10105
7970   10105
7980   10105
7990   10105
8000   10105
8010   10105
8020   10105
8030   10105
8040   10105
8050   10105
8060   10105
8070   10105
8080   10105
8090   10105
8100   10105
8110   10105
8120   10105
8130   10105
8140   10105
8150   10105
8160   10105
8170   10105
8180   10105
8190   10105
8200   10105
8210   10105
8220   10105
8230   10105
8240   10105
8250   10105
8260   10105
8270   10105
8280   10105
8290   10105
8300   10105
8310   10105
8320   10105
8330   10105
8340   10105
8350   10105
8360   10105
8370   10105
8380   10105
8390   10105
8400   10105
8410   10105
8420   10105
8430   10105
8440   10105
8450   10105
8460   10105
8470   10105
8480   10105
8490   10105
8500   10105
8510   10105
8520   10105
8530   10105
8540   10105
8550   10105
8560   10105
8570   10105
8580   10105
8590   10105
8600   10105
8610   10105
8620   10105
8630   10105
8640   10105
8650   10105
8660   10105
8670   10105
8680   10105
8690   10105
8700   10105
8710   10105
8720   10105
8730   10105
8740   10105
8750   10105
8760   10105
8770   10105
8780   10105
8790   10105
8800   10105
8810   10105
8820   10105
8830   10105
8840   10105
8850   10105
8860   10105
8870   10105
8880   10105
8890   10105
8900   10105
8910   10105
8920   10105
8930   10105
8940   10105
8950   10105
8960   10105
8970   10105
8980   10105
8990   10105
9000   10105
9010   10105
9020   10105
9030   10105
9040   10105
9050   10105
9060   10105
9070   10105
9080   10105
9090   10105
9100   10105
9110   10105
9120   10105
9130   10105
9140   10105
9150   10105
9160   10105
9170   10105
9180   10105
9190   10105
9200   10105
9210   10105
9220   10105
9230   10105
9240   10105
9250   10105
9260   10105
9270   10105
9280   10105
9290   10105
9300   10105
9310   10105
9320   10105
9330   10105
9340   10105
9350   10105
9360   10105
9370   10105
9380   10105
9390   10105
9400   10105
9410   10105
9420   10105
9430   10105
9440   10105
9450   10105
9460   10105
9470   10105
9480   10105
9490   10105
9500   10105
9510   10105
9520   10105
9530   10105
9540   10105
9550   10105
9560   10105
9570   10105
9580   10105
9590   10105
9600   10105
9610   10105
9620   10105
9630   10105
9640   10105
9650   10105
9660   10105
9670   10105
9680   10105
9690   10105
9700   10105
9710   10105
9720   10105
9730   10105
9740   10105
9750   10105
9760   10105
9770   10105
9780   10105
9790   10105
9800   10105
9810   10105
9820   10105
9830   10105
9840   10105
9850   10105
9860   10105
9870   10105
9880   10105
9890   10105
9900   10105
9910   10105
9920   10105
9930   10105
9940   10105
9950   10105
9960   10105
9970   10105
9980   10105
9990   10105
10000   10105
10010   10105
10020   10105
10030   10105
10040   10105
10050   10105
10060   10105
10070   10105
10080   10105
10090   10105
10100   10105
10110   10105
10120   10105
10130   10105
10140   10105
10150   10105
10160   10105
10170   10105
10180   10105
10190   10105
10200   10105
10210   10105
10220   10105
10230   10105
10240   10105
10250   10105
10260   10105
10270   10105
10280   10105
10290   10105
10300   10105
10310   10105
10320   10105
10330   10105
10340   10105
10350   10105
10360   10105
10370   10105
10380   10105
10390   10105
10400   10105
10410   10105
10420   10105
10430   10105
10440   10105
10450   10105
10460   10105
10470   10105
10480   10105
10490   10105
10500   10105
10510   10105
10520   10105
10530   10105
10540   10105
10550   10105
10560   10105
10570   10105
10580   10105
10590   10105
10600   10105
10610   10105
10620   10105
10630   10105
10640   10105
10650   10105
10660   10105
10670   10105
10680   10105
10690   10105
10700   10105
10710   10105
10720   10105
10730   10105
10740   10105
10750   10105
10760   10105
10770   10105
10780   10105
10790   10105
10800   10105
10810   10105
10820   10105
10830   10105
10840   10105
10850   10105
10860   10105
10870   10105
10880   10105
10890   10105
10900   10105
10910   10105
10920   10105
10930   10105
10940   10105
10950   10105
10960   10105
10970   10105
10980   10105
10990   10105
11000   10105
11010   10105
11020   10105
11030   10105
11040   10105
11050   10105
11060   10105
11070   10105
11080   10105
11090   10105
11100   10105
11110   10105
11120   10105
11130   10105
11140   10105
11150   10105
11160   10105
11170   10105
11180   10105
11190   10105
11200   10105
11210   10105
11220   10105
11230   10105
11240   10105
11250   10105
11260   10105
11270   10105
11280   10105
11290   10105
11300   10105
11310   10105
11320   10105
11330   10105
11340   10105
11350   10105
11360   10105
11370   10105
11380   10105
11390   10105
11400   10105
11410   10105
11420   10105
11430   10105
11440   10105
11450   10105
11460   10105
11470   10105
11480   10105
11490   10105
11500   10105
11510   10105
11520   10105
11530   10105
11540   10105
11550   10105
11560   10105
11570   10105
11580   10105
11590   10105
11600   10105
11610   10105
11620   10105
11630   10105
11640   10105
11650   10105
11660   10105
11670   10105
11680   10105
11690   10105
11700   10105
11710   10105
11720   10105
11730   10105
11740   10105
11750   10105
11760   10105
11770   10105
11780   10105
11790   10105
11800   10105
11810   10105
11820   10105
11830   10105
11840   10105
11850   10105
11860   10105
11870   10105
11880   10105
11890   10105
11900   10105
11910   10105
11920   10105
11930   10105
11940   10105
11950   10105
11960   10105
11970   10105
11980   10105
11990   10105
12000   10105
12010   10105
12020   10105
12030   10105
12040   10105
12050   10105
12060   10105
12070   10105
12080   10105
12090   10105
12100   10105
12110   10105
12120   10105
12130   10105
12140   10105
12150   10105
12160   10105
12170   10105
12180   10105
12190   10105
12200   10105
12210   10105
12220   10105
12230   10105
12240   10105
12250   10105
12260   10105
12270   10105
12280   10105
12290   10105
12300   10105
12310   10105
12320   10105
12330   10105
12340   10105
12350   10105
12360   10105
12370   10105
12380   10105
12390   10105
12400   10105
12410   10105
12420   10105
12430   10105
12440   10105
12450   10105
12460   10105
12470   10105
12480   10105
12490   10105
12500   10105
12510   10105
12520   10105
12530   10105
12540   10105
12550   10105
12560   10105
12570   10105
12580   10105
12590   10105
12600   10105
12610   10105
12620   10105
12630   10105
12640   10105
12650   10105
12660   10105
12670   10105
12680   10105
12690   10105
12700   10105
12710   10105
12720   10105
12730   10105
12740   10105
12750   10105
12760   10105
12770   10105
12780   10105
12790   10105
12800   10105
12810   10105
12820   10105
12830   10105
12840   10105
12850   10105
12860   10105
12870   10105
12880   10105
12890   10105
12900   10105
12910   10105
12920   10105
12930   10105
12940   10105
12950   10105
12960   10105
12970   10105
12980   10105
12990   10105
13000   10105
13010   10105
13020   10105
13030   10105
13040   10105
13050   10105
13060   10105
13070   10105
13080   10105
13090   10105
13100   10105
13110   10105
13120   10105
13130   10105
13140   10105
13150   10105
13160   10105
13170   10105
13180   10105
13190   10105
13200   10105
13210   10105
13220   10105
13230   10071
13240   10071
13250   10071
13260   10071
13270   10071
13280   10071
13290   10071
13300   10071
13310   10071
13320   10071
13330   10071
13340   10071
13350   10071
13360   10071
13370   10071
13380   10071
13390   10071
13400   10071
13410   10071
13420   10071
13430   10071
13440   10071
13450   10071
13460   10071
13470   10071
13480   10071
13490   10071
13500   10071
13510   10071
13520   10071
13530   10071
13540   10071
13550   10071
13560   10071
13570   10071
13580   10071
13590   10071
13600   10071
13610   10071
13620   10071
13630   10071
13640   10071
13650   10071
13660   10071
13670   10071
13680   10071
13690   10071
13700   10071
13710   10071
13720   10071
13730   10071
13740   10071
13750   10071
13760   10071
13770   10071
13780   10071
13790   10071
13800   10071
13810   10071
13820   10071
13830   10071
13840   10071
13850   10071
13860   10071
13870   10071
13880   10071
13890   10071
13900   10071
13910   10071
13920   10071
13930   10071
13940   10071
13950   10071
13960   10071
13970   10071
13980   10071
13990   10071
14000   10071
14010   10071
14020   10071
14030   10071
14040   10071
14050   10071
14060   10071
14070   10071
14080   10071
14090   10071
14100   10071
14110   10071
14120   10071
14130   10071
14140   10071
14150   10071
14160   10071
14170   10071
14180   10071
14190   10071
14200   10071
14210   10071
14220   10071
14230   10071
14240   10071
14250   10071
14260   10071
14270   10071
14280   10071
14290   10071
14300   10071
14310   10071
14320   10071
14330   10071
14340   10071
14350   10071
14360   10071
14370   10071
14380   10071
14390   10071
14400   10071
14410   10071
14420   10071
14430   10071
14440   10071
14450   10071
14460   10071
14470   10071
14480   10071
14490   10071
14500   10071
14510   10071
14520   10071
14530   10071
14540   10071
14550   10071
14560   10071
14570   10071
14580   10071
14590   10071
14600   10071
14610   10071
14620   10071
14630   10071
14640   10071
14650   10071
14660   10071
14670   10071
14680   10071
14690   10071
14700   10071
14710   10071
14720   10071
14730   10071
14740   10071
14750   10071
14760   10071
14770   10071
14780   10071
14790   10071
14800   10071
14810   10071
14820   10071
14830   10071
14840   10071
14850   10071
14860   10071
14870   10071
14880   10071
14890   10071
14900   10071
14910   10071
14920   10071
14930   10071
14940   10071
14950   10071
14960   10071
14970   10071
14980   10071
14990   10071
15000   10071
15010   10071
15020   10071
15030   10071
15040   10071
15050   10071
15060   10071
15070   10071
15080   10071
15090   10071
15100   10071
15110   10071
15120   10071
15130   10071
15140   10071
15150   10071
15160   10071
15170   10071
15180   10071
15190   10071
15200   10071
15210   10071
15220   10071
15230   10071
15240   10071
15250   10071
15260   10071
15270   10071
15280   10071
15290   10071
15300   10071
15310   10071
15320   10071
15330   10071
15340   10071
15350   10071
15360   10071
15370   10071
15380   10071
15390   10071
15400   10071
15410   10071
15420   10071
15430   10071
15440   10071
15450   10071
15460   10071
15470   10071
15480   10071
15490   10071
15500   10071
15510   10071
15520   10071
15530   10071
15540   10071
15550   10071
15560   10071
15570   10071
15580   10071
15590   10071
15600   10071
15610   10071
15620   10071
15630   10071
15640   10071
15650   10071
15660   10071
15670   10071
15680   10071
15690   10071
15700   10071
15710   10071
15720   10071
15730   10071
15740   10071
15750   10071
15760   10071
15770   10071
15780   10071
15790   10071
15800   10071
15810   10071
15820   10071
15830   10071
15840   10071
15850   10071
15860   10071
15870   10071
15880   10071
15890   10071
15900   10071
15910   10071
15920   10071
15930   10071
15940   10071
15950   10071
15960   10071
15970   10071
15980   10071
15990   10071
16000   10071
16010   10071
16020   10071
16030   10071
16040   10071
16050   10071
16060   10071
16070   10071
16080   10071
16090   10071
16100   10071
16110   10071
16120   10071
16130   10071
16140   10071
16150   10071
16160   10071
16170   10071
16180   10071
16190   10071
16200   10071
16210   10071
16220   10071
16230   10071
16240   10071
16250   10071
16260   10071
16270   10071
16280   10071
16290   10071
16300   10071
16310   10071
16320   10071
16330   10071
16340   10071
16350   10071
16360   10071
16370   10071
16380   10071
16390   10071
16400   10071
16410   10071
16420   10071
16430   10071
16440   10071
16450   10071
16460   10071
16470   10071
16480   10071
16490   10071
16500   10071
16510   10071
16520   10071
16530   10071
16540   10071
16550   10071
16560   10071
16570   10071
16580   10071
16590   9997
16600   9997
16610   9997
16620   9997
16630   9997
16640   9997
16650   9997
16660   9997
16670   9997
16680   9997
16690   9997
16700   9997
16710   9997
16720   9997
16730   9997
16740   9997
16750   9997
16760   9997
16770   9997
16780   9997
16790   9997
16800   9997
16810   9997
16820   9997
16830   9997
16840   9997
16850   9997
16860   9997
16870   9997
16880   9997
16890   9997
16900   9997
16910   9997
16920   9997
16930   9997
16940   9997
16950   9997
16960   9997
16970   9997
16980   9997
16990   9997
17000   9997
17010   9997
17020   9997
17030   9997
17040   9997
17050   9997
17060   9997
17070   9997
17080   9997
17090   9997
17100   9997
17110   9997
17120   9997
17130   9997
17140   9997
17150   9997
17160   9997
17170   9997
17180   9997
17190   9997
17200   9997
17210   9997
17220   9997
17230   9997
17240   9997
17250   9997
17260   9997
17270   9997
17280   9997
17290   9997
17300   9997
17310   9997
17320   9997
17330   9997
17340   9997
17350   9997
17360   9997
17370   9997
17380   9997
17390   9997
17400   9997
17410   9997
17420   9997
17430   9997
17440   9997
17450   9997
17460   9997
17470   9997
17480   9997
17490   9997
17500   9997
17510   9997
17520   9997
17530   9997
17540   9997
17550   9997
17560   9997
17570   9997
17580   9997
17590   9997
17600   9997
17610   9997
17620   9997
17630   9997
17640   9997
17650   9997
17660   9997
17670   9997
17680   9997
17690   9997
17700   9997
17710   9997
17720   9997
17730   9997
17740   9997
17750   9997
17760   9997
17770   9997
17780   9997
17790   9997
17800   9997
17810   9997
17820   9997
17830   9997
17840   9997
17850   9997
17860   9997
17870   9997
17880   9997
17890   9997
17900   9997
17910   9997
17920   9997
17930   9997
17940   9997
17950   9997
17960   9997
17970   9997
17980   9997
17990   9997
18000   9997
18010   9997
18020   9997
18030   9997
18040   9997
18050   9997
18060   9997
18070   9997
18080   9997
18090   9997
18100   9997
18110   9997
18120   9997
18130   9997
18140   9997
18150   9997
18160   9997
18170   9997
18180   9997
18190   9997
18200   9997
18210   9997
18220   9997
18230   9997
18240   9997
18250   9997
18260   9997
18270   9997
18280   9997
18290   9997
18300   9997
18310   9997
18320   9997
18330   9997
18340   9997
18350   9997
18360   9997
18370   9997
18380   9997
18390   9997
18400   9997
18410   9997
18420   9997
18430   9997
18440   9997
18450   9997
18460   9997
18470   9997
18480   9997
18490   9997
18500   9997
18510   9997
18520   9997
18530   9997
18540   9997
18550   9997
18560   9997
18570   9997
18580   9997
18590   9997
18600   9997
18610   9997
18620   9997
18630   9997
18640   9997
18650   9997
18660   9997
18670   9997
18680   9997
18690   9997
18700   9997
18710   9997
18720   9997
18730   9997
18740   9997
