10   4429
20   4397
30   4102
40   3972
50   3958
60   3958
70   3958
80   3958
90   3958
100   3958
110   3958
120   3958
130   3958
140   3958
150   3958
160   3790
170   3790
180   3790
190   3749
200   3749
210   3749
220   3749
230   3749
240   3749
250   3749
260   3749
270   3749
280   3749
290   3749
300   3749
310   3749
320   3749
330   3749
340   3749
350   3749
360   3749
370   3749
380   3749
390   3749
400   3749
410   3749
420   3749
430   3749
440   3749
450   3749
460   3749
470   3749
480   3749
490   3749
500   3749
510   3749
520   3749
530   3749
540   3749
550   3749
560   3749
570   3749
580   3749
590   3749
600   3749
610   3749
620   3749
630   3749
640   3749
650   3749
660   3749
670   3749
680   3749
690   3749
700   3749
710   3749
720   3749
730   3749
740   3749
750   3749
760   3749
770   3749
780   3749
790   3749
800   3749
810   3749
820   3749
830   3749
840   3749
850   3749
860   3749
870   3749
880   3749
890   3749
900   3749
910   3749
920   3749
930   3749
940   3749
950   3749
960   3749
970   3749
980   3749
990   3749
1000   3749
1010   3749
1020   3749
1030   3749
1040   3749
1050   3749
1060   3749
1070   3749
1080   3749
1090   3749
1100   3749
1110   3749
1120   3749
1130   3749
1140   3749
1150   3749
1160   3749
1170   3749
1180   3749
1190   3749
1200   3749
1210   3749
1220   3749
1230   3749
1240   3749
1250   3749
1260   3749
1270   3749
1280   3749
1290   3749
1300   3749
1310   3749
1320   3749
1330   3749
1340   3749
1350   3749
1360   3749
1370   3749
1380   3749
1390   3749
1400   3749
1410   3749
1420   3749
1430   3749
1440   3749
1450   3749
1460   3695
1470   3695
1480   3695
1490   3695
1500   3695
1510   3695
1520   3695
1530   3695
1540   3695
1550   3695
1560   3695
1570   3692
1580   3692
1590   3692
1600   3692
1610   3692
1620   3692
1630   3692
1640   3692
1650   3692
1660   3692
1670   3692
1680   3692
1690   3692
1700   3692
1710   3692
1720   3692
1730   3692
1740   3692
1750   3692
1760   3692
1770   3692
1780   3692
1790   3692
1800   3692
1810   3692
1820   3692
1830   3692
1840   3692
1850   3692
1860   3692
1870   3692
1880   3692
1890   3692
1900   3692
1910   3692
1920   3692
1930   3692
1940   3692
1950   3692
1960   3692
1970   3692
1980   3692
1990   3692
2000   3692
2010   3692
2020   3692
2030   3692
2040   3692
2050   3692
2060   3692
2070   3692
2080   3692
2090   3692
2100   3692
2110   3692
2120   3692
2130   3692
2140   3692
2150   3692
2160   3692
2170   3692
2180   3692
2190   3692
2200   3692
2210   3692
2220   3692
2230   3692
2240   3692
2250   3692
2260   3692
2270   3692
2280   3692
2290   3692
2300   3692
2310   3692
2320   3692
2330   3692
2340   3692
2350   3692
2360   3692
2370   3692
2380   3692
2390   3692
2400   3692
2410   3692
2420   3692
2430   3692
2440   3692
2450   3692
2460   3692
2470   3611
2480   3611
2490   3611
2500   3611
2510   3611
2520   3611
2530   3611
2540   3611
2550   3611
2560   3611
2570   3611
2580   3611
2590   3611
2600   3611
2610   3611
2620   3611
2630   3611
2640   3611
2650   3611
2660   3611
2670   3611
2680   3611
2690   3611
2700   3611
2710   3611
2720   3611
2730   3611
2740   3611
2750   3611
2760   3611
2770   3611
2780   3611
2790   3611
2800   3611
2810   3611
2820   3611
2830   3611
2840   3611
2850   3611
2860   3611
2870   3611
2880   3611
2890   3611
2900   3611
2910   3611
2920   3611
2930   3611
2940   3611
2950   3611
2960   3611
2970   3611
2980   3611
2990   3611
3000   3611
3010   3611
3020   3611
3030   3611
3040   3611
3050   3611
3060   3611
3070   3611
3080   3611
3090   3611
3100   3611
3110   3611
3120   3611
3130   3611
3140   3611
3150   3611
3160   3611
3170   3611
3180   3611
3190   3611
3200   3611
3210   3611
3220   3611
3230   3611
3240   3611
3250   3611
3260   3611
3270   3611
3280   3611
3290   3611
3300   3611
3310   3611
3320   3611
3330   3611
3340   3611
3350   3611
3360   3611
3370   3611
3380   3611
3390   3611
3400   3611
3410   3611
3420   3611
3430   3611
3440   3611
3450   3611
3460   3611
3470   3611
3480   3611
3490   3611
3500   3611
3510   3611
3520   3611
3530   3611
3540   3611
3550   3611
3560   3611
3570   3611
3580   3611
3590   3611
3600   3611
3610   3611
3620   3611
3630   3611
3640   3611
3650   3611
3660   3611
3670   3611
3680   3611
3690   3611
3700   3611
3710   3611
3720   3611
3730   3611
3740   3611
3750   3611
3760   3611
3770   3611
3780   3611
3790   3611
3800   3611
3810   3611
3820   3611
3830   3611
3840   3611
3850   3611
3860   3611
3870   3611
3880   3611
3890   3611
3900   3611
3910   3611
3920   3611
3930   3611
3940   3611
3950   3611
3960   3611
3970   3611
3980   3611
3990   3611
4000   3611
4010   3611
4020   3611
4030   3611
4040   3611
4050   3611
4060   3611
4070   3611
4080   3611
4090   3611
4100   3611
4110   3611
4120   3611
4130   3611
4140   3611
4150   3611
4160   3611
4170   3611
4180   3611
4190   3611
4200   3611
4210   3611
4220   3611
4230   3611
4240   3611
4250   3611
4260   3611
4270   3611
4280   3611
4290   3611
4300   3611
4310   3611
4320   3611
4330   3611
4340   3611
4350   3611
4360   3611
4370   3611
4380   3611
4390   3611
4400   3611
4410   3611
4420   3611
4430   3611
4440   3611
4450   3611
4460   3611
4470   3611
4480   3611
4490   3611
4500   3611
4510   3611
4520   3611
4530   3611
4540   3611
4550   3611
4560   3611
4570   3611
4580   3611
4590   3611
4600   3611
4610   3611
4620   3611
4630   3611
4640   3611
4650   3611
4660   3611
4670   3611
4680   3611
4690   3611
4700   3611
4710   3611
4720   3611
4730   3611
4740   3611
4750   3611
4760   3611
4770   3611
4780   3611
4790   3611
4800   3611
4810   3611
4820   3611
4830   3611
4840   3611
4850   3611
4860   3611
4870   3611
4880   3611
4890   3611
4900   3611
4910   3611
4920   3611
4930   3611
4940   3611
4950   3611
4960   3611
4970   3611
4980   3611
4990   3611
5000   3611
5010   3611
5020   3611
5030   3611
5040   3611
5050   3611
5060   3611
5070   3611
5080   3611
5090   3611
5100   3611
5110   3611
5120   3611
5130   3611
5140   3611
5150   3611
5160   3611
5170   3611
5180   3611
5190   3611
5200   3611
5210   3611
5220   3611
5230   3611
5240   3611
5250   3611
5260   3611
5270   3611
5280   3611
5290   3611
5300   3611
5310   3611
5320   3611
5330   3611
5340   3611
5350   3611
5360   3611
5370   3611
5380   3611
5390   3611
5400   3611
5410   3611
5420   3611
5430   3611
5440   3611
5450   3611
5460   3611
5470   3611
5480   3611
5490   3611
5500   3611
5510   3611
5520   3611
5530   3611
5540   3611
5550   3611
5560   3611
5570   3611
5580   3611
5590   3611
5600   3611
5610   3611
5620   3611
5630   3611
5640   3611
5650   3611
5660   3611
5670   3611
5680   3611
5690   3611
5700   3611
5710   3611
5720   3611
5730   3611
5740   3611
5750   3611
5760   3611
5770   3611
5780   3611
5790   3611
5800   3611
5810   3611
5820   3611
5830   3611
5840   3611
5850   3611
5860   3611
5870   3611
5880   3611
5890   3611
5900   3611
5910   3611
5920   3611
5930   3611
5940   3611
5950   3611
5960   3611
5970   3611
5980   3611
5990   3611
6000   3611
6010   3611
6020   3611
6030   3611
6040   3611
6050   3611
6060   3611
6070   3611
6080   3611
6090   3611
6100   3611
6110   3611
6120   3611
6130   3611
6140   3611
6150   3611
6160   3611
6170   3611
6180   3611
6190   3611
6200   3611
6210   3611
6220   3611
6230   3611
6240   3611
6250   3611
6260   3611
6270   3611
6280   3611
6290   3611
6300   3611
6310   3611
6320   3611
6330   3611
6340   3611
6350   3611
6360   3611
6370   3611
6380   3611
6390   3611
6400   3611
6410   3611
6420   3611
6430   3611
6440   3611
6450   3611
6460   3611
6470   3611
6480   3611
6490   3611
6500   3611
6510   3611
6520   3611
6530   3611
6540   3611
6550   3611
6560   3611
6570   3611
6580   3611
6590   3611
6600   3611
6610   3611
6620   3611
6630   3611
6640   3611
6650   3611
6660   3611
6670   3611
6680   3611
6690   3611
6700   3611
6710   3611
6720   3611
6730   3611
6740   3611
6750   3611
6760   3611
6770   3611
6780   3611
6790   3611
6800   3611
6810   3611
6820   3611
6830   3611
6840   3611
6850   3611
6860   3611
6870   3611
6880   3611
6890   3611
6900   3611
6910   3611
6920   3611
6930   3611
6940   3611
6950   3611
6960   3611
6970   3611
6980   3611
6990   3611
7000   3611
7010   3611
7020   3611
7030   3611
7040   3611
7050   3611
7060   3611
7070   3611
7080   3611
7090   3611
7100   3611
7110   3611
7120   3611
7130   3611
7140   3611
7150   3611
7160   3611
7170   3611
7180   3611
7190   3611
7200   3611
7210   3611
7220   3611
7230   3611
7240   3611
7250   3611
7260   3611
7270   3611
7280   3611
7290   3611
7300   3611
7310   3611
7320   3611
7330   3611
7340   3611
7350   3611
7360   3611
7370   3611
7380   3611
7390   3611
7400   3611
7410   3611
7420   3611
7430   3611
7440   3611
7450   3611
7460   3611
7470   3611
7480   3611
7490   3611
7500   3611
7510   3611
7520   3611
7530   3611
7540   3611
7550   3611
7560   3611
7570   3611
7580   3611
7590   3611
7600   3611
7610   3611
7620   3611
7630   3611
7640   3611
7650   3611
7660   3611
7670   3611
7680   3611
7690   3611
7700   3611
7710   3611
7720   3611
7730   3611
7740   3611
7750   3611
7760   3611
7770   3611
7780   3611
7790   3611
7800   3611
7810   3611
7820   3611
7830   3611
7840   3611
7850   3611
7860   3611
7870   3611
7880   3611
7890   3611
7900   3611
7910   3611
7920   3611
7930   3611
7940   3611
7950   3611
7960   3611
7970   3611
7980   3611
7990   3611
8000   3611
8010   3611
8020   3611
8030   3611
8040   3611
8050   3611
8060   3611
8070   3611
8080   3611
8090   3611
8100   3611
8110   3611
8120   3611
8130   3611
8140   3611
8150   3611
8160   3611
8170   3611
8180   3611
8190   3611
8200   3611
8210   3611
8220   3611
8230   3611
8240   3611
8250   3611
8260   3611
8270   3611
8280   3611
8290   3611
8300   3611
8310   3611
8320   3611
8330   3611
8340   3611
8350   3611
8360   3611
8370   3611
8380   3611
8390   3611
8400   3611
8410   3611
8420   3611
8430   3611
8440   3611
8450   3611
8460   3611
8470   3611
8480   3611
8490   3611
8500   3611
8510   3611
8520   3611
8530   3611
8540   3611
8550   3611
8560   3611
8570   3611
8580   3611
8590   3611
8600   3611
8610   3611
8620   3611
8630   3611
8640   3611
8650   3611
8660   3611
8670   3611
8680   3611
8690   3611
8700   3611
8710   3611
8720   3611
8730   3611
8740   3611
8750   3611
8760   3611
8770   3611
8780   3611
8790   3611
8800   3611
8810   3611
8820   3611
8830   3611
8840   3611
8850   3611
8860   3611
8870   3611
8880   3611
8890   3611
8900   3611
8910   3611
8920   3611
8930   3611
8940   3611
8950   3611
8960   3611
8970   3611
8980   3611
8990   3611
9000   3611
9010   3611
9020   3611
9030   3611
9040   3611
9050   3611
9060   3611
9070   3611
9080   3611
9090   3611
9100   3611
9110   3611
9120   3611
9130   3611
9140   3611
9150   3611
9160   3611
9170   3611
9180   3611
9190   3611
9200   3611
9210   3611
9220   3611
9230   3611
9240   3611
9250   3611
9260   3611
9270   3611
9280   3611
9290   3611
9300   3611
9310   3611
9320   3611
9330   3611
9340   3611
9350   3611
9360   3611
9370   3611
9380   3611
9390   3611
9400   3611
9410   3611
9420   3611
9430   3611
9440   3611
9450   3611
9460   3611
9470   3611
9480   3611
9490   3611
9500   3611
9510   3611
9520   3611
9530   3418
9540   3418
9550   3418
9560   3418
9570   3418
9580   3418
9590   3418
9600   3418
9610   3418
9620   3418
9630   3418
9640   3418
9650   3418
9660   3418
9670   3418
9680   3418
9690   3418
9700   3418
9710   3418
9720   3418
9730   3418
9740   3418
9750   3418
9760   3418
9770   3418
9780   3418
9790   3418
9800   3418
9810   3418
9820   3418
9830   3418
9840   3418
9850   3418
9860   3418
9870   3418
9880   3418
9890   3418
9900   3418
9910   3418
9920   3418
9930   3418
9940   3418
9950   3418
9960   3418
9970   3418
9980   3418
9990   3418
10000   3418
10010   3418
10020   3418
10030   3418
10040   3418
10050   3418
10060   3418
10070   3418
10080   3418
10090   3418
10100   3418
10110   3418
10120   3418
10130   3418
10140   3418
10150   3418
10160   3418
10170   3418
10180   3418
10190   3418
10200   3418
10210   3418
10220   3418
10230   3418
10240   3418
10250   3418
10260   3418
10270   3418
10280   3418
10290   3418
10300   3418
10310   3418
10320   3418
10330   3418
10340   3418
10350   3418
10360   3418
10370   3418
10380   3418
10390   3418
10400   3418
10410   3418
10420   3418
10430   3418
10440   3418
10450   3418
10460   3418
10470   3418
10480   3418
10490   3418
10500   3418
10510   3418
10520   3418
10530   3418
10540   3418
10550   3418
10560   3418
10570   3418
10580   3418
10590   3418
10600   3418
10610   3418
10620   3418
10630   3418
10640   3418
10650   3418
10660   3418
10670   3418
10680   3418
10690   3418
10700   3418
10710   3418
10720   3418
10730   3418
10740   3418
10750   3418
10760   3418
10770   3418
10780   3418
10790   3418
10800   3418
10810   3418
10820   3418
10830   3418
10840   3418
10850   3418
10860   3418
10870   3418
10880   3418
10890   3418
10900   3418
10910   3418
10920   3418
10930   3418
10940   3418
10950   3418
10960   3418
10970   3418
10980   3418
10990   3418
11000   3418
11010   3418
11020   3418
11030   3418
11040   3418
11050   3418
11060   3418
11070   3418
11080   3418
11090   3418
11100   3418
11110   3418
11120   3418
11130   3418
11140   3418
11150   3418
11160   3418
11170   3418
11180   3418
11190   3418
11200   3418
11210   3418
11220   3418
11230   3418
11240   3418
11250   3418
11260   3418
11270   3418
11280   3418
11290   3418
11300   3418
11310   3418
11320   3418
11330   3418
11340   3418
11350   3418
11360   3418
11370   3418
11380   3418
11390   3418
11400   3418
11410   3418
11420   3418
11430   3418
11440   3418
11450   3418
11460   3418
11470   3418
11480   3418
11490   3418
11500   3418
11510   3418
11520   3418
11530   3418
11540   3418
11550   3418
11560   3418
11570   3418
11580   3418
11590   3418
11600   3418
11610   3418
11620   3418
11630   3418
11640   3418
11650   3418
11660   3418
11670   3418
11680   3418
11690   3418
11700   3418
11710   3418
11720   3418
11730   3418
11740   3418
11750   3418
11760   3418
11770   3418
11780   3418
11790   3418
11800   3418
11810   3418
11820   3418
11830   3418
11840   3418
11850   3418
11860   3418
11870   3418
11880   3418
11890   3418
11900   3418
11910   3418
11920   3418
11930   3418
11940   3418
11950   3418
11960   3418
11970   3418
11980   3418
11990   3418
12000   3418
12010   3418
12020   3418
12030   3418
12040   3418
12050   3418
12060   3418
12070   3418
12080   3418
12090   3418
12100   3418
12110   3418
12120   3418
12130   3418
12140   3418
12150   3418
12160   3418
12170   3418
12180   3418
12190   3418
12200   3418
12210   3418
12220   3418
12230   3418
12240   3418
12250   3418
12260   3418
12270   3418
12280   3418
12290   3418
12300   3418
12310   3418
12320   3418
12330   3418
12340   3418
12350   3418
12360   3418
12370   3418
12380   3418
12390   3418
12400   3418
12410   3418
12420   3418
12430   3418
12440   3418
12450   3418
12460   3418
12470   3418
12480   3418
12490   3418
12500   3418
12510   3418
12520   3418
12530   3418
12540   3418
12550   3418
12560   3418
12570   3418
12580   3418
12590   3418
12600   3418
12610   3418
12620   3418
12630   3418
12640   3418
12650   3418
12660   3418
12670   3418
12680   3418
12690   3418
12700   3418
12710   3418
12720   3418
12730   3418
12740   3418
12750   3418
12760   3418
12770   3418
12780   3418
12790   3418
12800   3418
12810   3418
12820   3418
12830   3418
12840   3418
12850   3418
12860   3418
12870   3418
12880   3418
12890   3418
12900   3418
12910   3418
12920   3418
12930   3418
12940   3418
12950   3418
12960   3418
12970   3418
12980   3418
12990   3418
13000   3418
13010   3418
13020   3418
13030   3418
13040   3418
13050   3418
13060   3418
13070   3418
13080   3418
13090   3418
13100   3418
13110   3418
13120   3418
13130   3418
13140   3418
13150   3418
13160   3418
13170   3418
13180   3418
13190   3418
13200   3418
13210   3418
13220   3418
13230   3418
13240   3418
13250   3418
13260   3418
13270   3418
13280   3418
13290   3418
13300   3418
13310   3418
13320   3418
13330   3418
13340   3418
13350   3418
13360   3418
13370   3418
13380   3418
13390   3418
13400   3418
13410   3418
13420   3418
13430   3418
13440   3418
13450   3418
13460   3418
13470   3418
13480   3418
13490   3418
13500   3418
13510   3418
13520   3418
13530   3418
13540   3418
13550   3418
13560   3418
13570   3418
13580   3418
13590   3418
13600   3418
13610   3418
13620   3418
13630   3418
13640   3418
13650   3418
13660   3418
13670   3418
13680   3418
13690   3418
13700   3418
13710   3418
13720   3418
13730   3418
13740   3418
13750   3418
13760   3418
13770   3418
13780   3418
13790   3418
13800   3418
13810   3418
13820   3418
13830   3418
13840   3418
