10   3356
20   3282
30   3178
40   3178
50   3178
60   2927
70   2927
80   2927
90   2927
100   2927
110   2927
120   2927
130   2927
140   2927
150   2927
160   2927
170   2927
180   2927
190   2927
200   2927
210   2927
220   2927
230   2927
240   2927
250   2927
260   2927
270   2927
280   2927
290   2927
300   2927
310   2927
320   2927
330   2927
340   2927
350   2927
360   2927
370   2927
380   2927
390   2927
400   2927
410   2927
420   2927
430   2927
440   2927
450   2927
460   2927
470   2927
480   2927
490   2927
500   2927
510   2927
520   2927
530   2927
540   2927
550   2927
560   2927
570   2927
580   2927
590   2927
600   2927
610   2927
620   2927
630   2927
640   2927
650   2927
660   2927
670   2927
680   2927
690   2927
700   2927
710   2927
720   2927
730   2927
740   2927
750   2927
760   2927
770   2927
780   2927
790   2927
800   2927
810   2927
820   2927
830   2927
840   2927
850   2927
860   2927
870   2927
880   2927
890   2927
900   2927
910   2927
920   2927
930   2927
940   2927
950   2927
960   2927
970   2927
980   2927
990   2927
1000   2927
1010   2927
1020   2927
1030   2927
1040   2927
1050   2927
1060   2927
1070   2927
1080   2927
1090   2927
1100   2927
1110   2927
1120   2927
1130   2927
1140   2927
1150   2927
1160   2927
1170   2927
1180   2927
1190   2927
1200   2927
1210   2927
1220   2927
1230   2927
1240   2927
1250   2927
1260   2927
1270   2927
1280   2927
1290   2927
1300   2927
1310   2927
1320   2927
1330   2927
1340   2927
1350   2927
1360   2927
1370   2927
1380   2927
1390   2927
1400   2927
1410   2927
1420   2927
1430   2927
1440   2927
1450   2927
1460   2927
1470   2927
1480   2927
1490   2927
1500   2927
1510   2927
1520   2927
1530   2927
1540   2927
1550   2927
1560   2927
1570   2927
1580   2927
1590   2927
1600   2927
1610   2927
1620   2927
1630   2927
1640   2927
1650   2927
1660   2927
1670   2927
1680   2927
1690   2927
1700   2927
1710   2927
1720   2927
1730   2927
1740   2927
1750   2927
1760   2927
1770   2927
1780   2927
1790   2927
1800   2927
1810   2927
1820   2927
1830   2927
1840   2927
1850   2927
1860   2927
1870   2927
1880   2927
1890   2927
1900   2927
1910   2927
1920   2927
1930   2927
1940   2927
1950   2926
1960   2926
1970   2926
1980   2926
1990   2926
2000   2926
2010   2926
2020   2926
2030   2926
2040   2926
2050   2926
2060   2926
2070   2926
2080   2926
2090   2926
2100   2926
2110   2926
2120   2926
2130   2926
2140   2926
2150   2926
2160   2926
2170   2926
2180   2926
2190   2926
2200   2926
2210   2926
2220   2926
2230   2926
2240   2926
2250   2926
2260   2926
2270   2926
2280   2926
2290   2926
2300   2926
2310   2926
2320   2926
2330   2926
2340   2926
2350   2926
2360   2926
2370   2926
2380   2926
2390   2926
2400   2926
2410   2926
2420   2926
2430   2926
2440   2926
2450   2926
2460   2926
2470   2926
2480   2926
2490   2926
2500   2926
2510   2926
2520   2926
2530   2926
2540   2926
2550   2926
2560   2926
2570   2926
2580   2926
2590   2926
2600   2926
2610   2926
2620   2926
2630   2926
2640   2926
2650   2926
2660   2926
2670   2926
2680   2926
2690   2926
2700   2926
2710   2926
2720   2926
2730   2926
2740   2926
2750   2926
2760   2926
2770   2926
2780   2926
2790   2926
2800   2926
2810   2926
2820   2926
2830   2926
2840   2926
2850   2926
2860   2926
2870   2926
2880   2926
2890   2926
2900   2926
2910   2926
2920   2926
2930   2926
2940   2926
2950   2926
2960   2926
2970   2926
2980   2926
2990   2926
3000   2926
3010   2926
3020   2926
3030   2926
3040   2926
3050   2926
3060   2926
3070   2913
3080   2913
3090   2913
3100   2913
3110   2913
3120   2913
3130   2913
3140   2913
3150   2913
3160   2913
3170   2913
3180   2913
3190   2913
3200   2913
3210   2913
3220   2913
3230   2913
3240   2913
3250   2913
3260   2913
3270   2913
3280   2913
3290   2913
3300   2913
3310   2913
3320   2913
3330   2913
3340   2913
3350   2913
3360   2913
3370   2913
3380   2913
3390   2913
3400   2913
3410   2913
3420   2913
3430   2913
3440   2913
3450   2913
3460   2913
3470   2913
3480   2913
3490   2913
3500   2913
3510   2913
3520   2913
3530   2913
3540   2913
3550   2913
3560   2913
3570   2913
3580   2913
3590   2913
3600   2913
3610   2913
3620   2913
3630   2913
3640   2913
3650   2913
3660   2913
3670   2913
3680   2913
3690   2913
3700   2913
3710   2913
3720   2913
3730   2913
3740   2913
3750   2913
3760   2913
3770   2913
3780   2913
3790   2913
3800   2913
3810   2913
3820   2913
3830   2913
3840   2913
3850   2913
3860   2913
3870   2913
3880   2913
3890   2913
3900   2913
3910   2913
3920   2913
3930   2913
3940   2913
3950   2913
3960   2913
3970   2913
3980   2913
3990   2913
4000   2913
4010   2913
4020   2913
4030   2913
4040   2913
4050   2913
4060   2913
4070   2913
4080   2913
4090   2913
4100   2913
4110   2913
4120   2913
4130   2913
4140   2913
4150   2913
4160   2913
4170   2913
4180   2913
4190   2913
4200   2913
4210   2913
4220   2913
4230   2913
4240   2913
4250   2913
4260   2913
4270   2913
4280   2913
4290   2913
4300   2913
4310   2913
4320   2913
4330   2913
4340   2913
4350   2913
4360   2913
4370   2913
4380   2913
4390   2913
4400   2913
4410   2913
4420   2913
4430   2913
4440   2913
4450   2913
4460   2913
4470   2913
4480   2913
4490   2913
4500   2913
4510   2913
4520   2913
4530   2913
4540   2913
4550   2913
4560   2913
4570   2913
4580   2913
4590   2913
4600   2913
4610   2913
4620   2913
4630   2913
4640   2913
4650   2913
4660   2913
4670   2913
4680   2913
4690   2913
4700   2913
4710   2913
4720   2913
4730   2913
4740   2913
4750   2913
4760   2913
4770   2913
4780   2913
4790   2913
4800   2913
4810   2913
4820   2913
4830   2913
4840   2913
4850   2913
4860   2913
4870   2913
4880   2913
4890   2913
4900   2913
4910   2913
4920   2913
4930   2913
4940   2913
4950   2913
4960   2913
4970   2913
4980   2913
4990   2913
5000   2913
5010   2913
5020   2913
5030   2913
5040   2913
5050   2913
5060   2913
5070   2913
5080   2913
5090   2913
5100   2913
5110   2913
5120   2913
5130   2913
5140   2913
5150   2913
5160   2913
5170   2913
5180   2913
5190   2913
5200   2913
5210   2913
5220   2913
5230   2913
5240   2913
5250   2913
5260   2913
5270   2913
5280   2913
5290   2913
5300   2913
5310   2913
5320   2913
5330   2913
5340   2913
5350   2913
5360   2913
5370   2913
5380   2913
5390   2913
5400   2913
5410   2913
5420   2913
5430   2913
5440   2913
5450   2913
5460   2913
5470   2913
5480   2913
5490   2913
5500   2913
5510   2913
5520   2913
5530   2913
5540   2913
5550   2913
5560   2913
5570   2913
5580   2913
5590   2913
5600   2913
5610   2913
5620   2913
5630   2913
5640   2913
5650   2913
5660   2913
5670   2913
5680   2913
5690   2913
5700   2913
5710   2913
5720   2913
5730   2913
5740   2913
5750   2913
5760   2913
5770   2913
5780   2913
5790   2913
5800   2913
5810   2913
5820   2913
5830   2913
5840   2913
5850   2913
5860   2913
5870   2913
5880   2913
5890   2913
5900   2913
5910   2913
5920   2913
5930   2913
5940   2913
5950   2913
5960   2913
5970   2913
5980   2913
5990   2913
6000   2913
6010   2913
6020   2913
6030   2913
6040   2913
6050   2913
6060   2913
6070   2913
6080   2913
6090   2913
6100   2913
6110   2913
6120   2913
6130   2913
6140   2913
6150   2913
6160   2913
6170   2913
6180   2913
6190   2913
6200   2913
6210   2913
6220   2913
6230   2913
6240   2913
6250   2913
6260   2913
6270   2913
6280   2913
6290   2913
6300   2913
6310   2913
6320   2913
6330   2913
6340   2912
6350   2912
6360   2912
6370   2912
6380   2912
6390   2912
6400   2912
6410   2912
6420   2912
6430   2912
6440   2912
6450   2912
6460   2912
6470   2912
6480   2912
6490   2912
6500   2912
6510   2912
6520   2912
6530   2912
6540   2912
6550   2912
6560   2912
6570   2912
6580   2912
6590   2912
6600   2912
6610   2912
6620   2912
6630   2912
6640   2912
6650   2912
6660   2912
6670   2912
6680   2912
6690   2912
6700   2912
6710   2912
6720   2912
6730   2912
6740   2879
6750   2879
6760   2879
6770   2879
6780   2879
6790   2879
6800   2879
6810   2879
6820   2879
6830   2879
6840   2879
6850   2879
6860   2879
6870   2879
6880   2879
6890   2879
6900   2879
6910   2879
6920   2879
6930   2879
6940   2879
6950   2879
6960   2879
6970   2879
6980   2879
6990   2879
7000   2879
7010   2879
7020   2879
7030   2879
7040   2879
7050   2879
7060   2879
7070   2879
7080   2879
7090   2879
7100   2879
7110   2879
7120   2879
7130   2879
7140   2879
7150   2879
7160   2879
7170   2879
7180   2879
7190   2879
7200   2879
7210   2879
7220   2879
7230   2879
7240   2879
7250   2879
7260   2879
7270   2879
7280   2879
7290   2879
7300   2879
7310   2879
7320   2879
7330   2879
7340   2879
7350   2879
7360   2879
7370   2879
7380   2879
7390   2879
7400   2879
7410   2879
7420   2879
7430   2879
7440   2879
7450   2879
7460   2879
7470   2879
7480   2879
7490   2879
7500   2879
7510   2879
7520   2879
7530   2879
7540   2879
7550   2879
7560   2879
7570   2879
7580   2879
7590   2879
7600   2879
7610   2879
7620   2879
7630   2879
7640   2879
7650   2879
7660   2879
7670   2879
7680   2879
7690   2879
7700   2879
7710   2879
7720   2879
7730   2879
7740   2879
7750   2879
7760   2879
7770   2879
7780   2879
7790   2879
7800   2879
7810   2879
7820   2879
7830   2879
7840   2879
7850   2879
7860   2879
7870   2879
7880   2879
7890   2879
7900   2879
7910   2879
7920   2879
7930   2879
7940   2879
7950   2879
7960   2879
7970   2879
7980   2879
7990   2879
8000   2879
8010   2879
8020   2879
8030   2879
8040   2879
8050   2879
8060   2879
8070   2879
8080   2879
8090   2879
8100   2879
8110   2879
8120   2879
8130   2879
8140   2879
8150   2879
8160   2879
8170   2879
8180   2879
8190   2879
8200   2879
8210   2879
8220   2879
8230   2879
8240   2879
8250   2879
8260   2879
8270   2879
8280   2879
8290   2879
8300   2879
8310   2879
8320   2879
8330   2879
8340   2879
8350   2879
8360   2879
8370   2879
8380   2879
8390   2879
8400   2879
8410   2879
8420   2879
8430   2879
8440   2879
8450   2879
8460   2879
8470   2879
8480   2879
8490   2879
8500   2879
8510   2879
8520   2879
8530   2879
8540   2879
8550   2879
8560   2879
8570   2879
8580   2879
8590   2879
8600   2879
8610   2879
8620   2879
8630   2879
8640   2879
8650   2879
8660   2879
8670   2879
8680   2879
8690   2879
8700   2879
8710   2879
8720   2879
8730   2879
8740   2879
8750   2879
8760   2879
8770   2879
8780   2879
8790   2879
8800   2879
8810   2879
8820   2879
8830   2879
8840   2879
8850   2879
8860   2879
8870   2879
8880   2879
8890   2879
8900   2879
8910   2879
8920   2879
8930   2879
8940   2879
8950   2879
8960   2879
8970   2879
8980   2879
8990   2879
9000   2879
9010   2879
9020   2879
9030   2879
9040   2879
9050   2879
9060   2879
9070   2879
9080   2879
9090   2879
9100   2879
9110   2879
9120   2879
9130   2879
9140   2879
9150   2879
9160   2879
9170   2879
9180   2879
9190   2879
9200   2879
9210   2879
9220   2879
9230   2879
9240   2879
9250   2879
9260   2879
9270   2879
9280   2879
9290   2879
9300   2879
9310   2879
9320   2879
9330   2879
9340   2879
9350   2879
9360   2879
9370   2879
9380   2879
9390   2879
9400   2879
9410   2879
9420   2879
9430   2879
9440   2879
9450   2879
9460   2879
9470   2879
9480   2879
9490   2879
9500   2879
9510   2879
9520   2879
9530   2879
9540   2879
9550   2879
9560   2879
9570   2879
9580   2879
9590   2879
9600   2879
9610   2879
9620   2879
9630   2879
9640   2879
9650   2879
9660   2879
9670   2879
9680   2879
9690   2879
9700   2879
9710   2879
9720   2879
9730   2879
9740   2879
9750   2879
9760   2879
9770   2879
9780   2879
9790   2879
9800   2879
9810   2879
9820   2879
9830   2879
9840   2879
9850   2879
9860   2879
9870   2879
9880   2879
9890   2879
9900   2879
9910   2879
9920   2879
9930   2879
9940   2879
9950   2879
9960   2879
9970   2879
9980   2879
9990   2879
10000   2879
10010   2879
10020   2879
10030   2879
10040   2879
10050   2879
10060   2879
10070   2879
10080   2879
10090   2879
10100   2879
10110   2879
10120   2879
10130   2879
10140   2879
10150   2879
10160   2879
10170   2879
10180   2879
10190   2879
10200   2879
10210   2879
10220   2879
10230   2879
10240   2879
10250   2879
10260   2879
10270   2879
10280   2879
10290   2879
10300   2879
10310   2879
10320   2879
10330   2879
10340   2879
10350   2879
10360   2879
10370   2879
10380   2879
10390   2879
10400   2879
10410   2879
10420   2879
10430   2879
10440   2879
10450   2879
10460   2879
10470   2879
10480   2879
10490   2879
10500   2879
10510   2879
10520   2879
10530   2879
10540   2879
10550   2879
10560   2879
10570   2879
10580   2879
10590   2879
10600   2879
10610   2879
10620   2879
10630   2879
10640   2879
10650   2879
10660   2879
10670   2879
10680   2879
10690   2879
10700   2879
10710   2879
10720   2879
10730   2879
10740   2879
10750   2879
10760   2879
10770   2879
10780   2879
10790   2879
10800   2879
10810   2879
10820   2879
10830   2879
10840   2879
10850   2879
10860   2879
10870   2879
10880   2879
10890   2879
10900   2879
10910   2879
10920   2879
10930   2879
10940   2879
10950   2879
10960   2879
10970   2879
10980   2879
10990   2879
11000   2879
11010   2879
11020   2879
11030   2879
11040   2879
11050   2879
11060   2879
11070   2879
11080   2879
11090   2879
11100   2879
11110   2879
11120   2879
11130   2879
11140   2879
11150   2879
11160   2879
11170   2879
11180   2879
11190   2879
11200   2879
11210   2879
11220   2879
11230   2879
11240   2879
11250   2879
11260   2879
11270   2879
11280   2879
11290   2879
11300   2879
11310   2879
11320   2879
11330   2879
11340   2879
11350   2879
11360   2879
11370   2879
11380   2879
11390   2879
11400   2879
11410   2879
11420   2879
11430   2879
11440   2879
11450   2879
11460   2879
11470   2879
11480   2879
11490   2879
11500   2879
11510   2879
11520   2879
11530   2879
11540   2879
11550   2879
11560   2879
11570   2879
11580   2879
11590   2879
11600   2879
11610   2879
11620   2879
11630   2879
11640   2879
11650   2879
11660   2879
11670   2879
11680   2879
11690   2879
11700   2879
11710   2879
11720   2879
11730   2879
11740   2879
11750   2879
