10   3392
20   3204
30   3204
40   3204
50   3204
60   3204
70   3204
80   3204
90   3156
100   3156
110   3156
120   3156
130   3156
140   3156
150   3149
160   3149
170   3149
180   3149
190   3149
200   3149
210   3149
220   3149
230   3149
240   3149
250   3149
260   3149
270   3149
280   3149
290   3146
300   3146
310   3146
320   3146
330   3146
340   3146
350   3146
360   3146
370   3146
380   3146
390   3146
400   3146
410   3146
420   3146
430   3146
440   3146
450   3142
460   3142
470   3142
480   3142
490   3142
500   3142
510   3142
520   3142
530   3142
540   3142
550   3142
560   3142
570   3104
580   3104
590   3104
600   3104
610   3104
620   3104
630   3104
640   3104
650   3104
660   3104
670   3104
680   3104
690   3104
700   3104
710   3104
720   3104
730   3104
740   3104
750   3104
760   3104
770   3104
780   3104
790   3104
800   3104
810   3104
820   3104
830   3104
840   3104
850   3023
860   3023
870   3023
880   3023
890   3023
900   3023
910   3023
920   3023
930   3023
940   3023
950   3023
960   3023
970   3023
980   3023
990   3023
1000   3023
1010   3023
1020   3023
1030   3023
1040   3023
1050   3023
1060   3023
1070   3023
1080   3023
1090   3023
1100   3023
1110   3023
1120   3023
1130   3023
1140   3023
1150   3023
1160   3023
1170   3023
1180   3023
1190   3023
1200   3023
1210   3023
1220   3023
1230   3023
1240   3023
1250   3023
1260   3023
1270   3023
1280   3023
1290   3023
1300   3023
1310   3023
1320   3023
1330   3023
1340   3023
1350   3023
1360   3023
1370   3023
1380   3023
1390   3023
1400   3023
1410   3023
1420   3023
1430   3023
1440   3023
1450   3023
1460   3023
1470   3023
1480   3023
1490   3023
1500   3023
1510   3023
1520   3023
1530   3023
1540   3023
1550   3023
1560   3023
1570   3023
1580   3023
1590   3023
1600   3023
1610   3023
1620   3023
1630   3023
1640   3023
1650   3023
1660   2931
1670   2931
1680   2931
1690   2931
1700   2931
1710   2931
1720   2931
1730   2931
1740   2931
1750   2931
1760   2931
1770   2931
1780   2931
1790   2931
1800   2931
1810   2931
1820   2931
1830   2931
1840   2931
1850   2931
1860   2931
1870   2931
1880   2931
1890   2931
1900   2931
1910   2931
1920   2931
1930   2931
1940   2931
1950   2931
1960   2931
1970   2931
1980   2931
1990   2931
2000   2931
2010   2931
2020   2931
2030   2931
2040   2931
2050   2931
2060   2931
2070   2931
2080   2931
2090   2931
2100   2931
2110   2931
2120   2931
2130   2931
2140   2931
2150   2931
2160   2931
2170   2931
2180   2931
2190   2931
2200   2931
2210   2931
2220   2931
2230   2931
2240   2931
2250   2931
2260   2922
2270   2922
2280   2922
2290   2922
2300   2922
2310   2922
2320   2922
2330   2922
2340   2922
2350   2922
2360   2922
2370   2922
2380   2922
2390   2922
2400   2922
2410   2922
2420   2922
2430   2922
2440   2922
2450   2922
2460   2922
2470   2922
2480   2922
2490   2922
2500   2922
2510   2922
2520   2922
2530   2922
2540   2922
2550   2922
2560   2922
2570   2922
2580   2922
2590   2922
2600   2922
2610   2922
2620   2922
2630   2922
2640   2922
2650   2922
2660   2922
2670   2922
2680   2922
2690   2922
2700   2922
2710   2922
2720   2922
2730   2922
2740   2922
2750   2922
2760   2922
2770   2922
2780   2922
2790   2922
2800   2922
2810   2922
2820   2922
2830   2922
2840   2922
2850   2922
2860   2922
2870   2922
2880   2922
2890   2922
2900   2922
2910   2922
2920   2922
2930   2922
2940   2922
2950   2922
2960   2922
2970   2922
2980   2922
2990   2922
3000   2922
3010   2922
3020   2922
3030   2922
3040   2922
3050   2922
3060   2922
3070   2922
3080   2922
3090   2922
3100   2922
3110   2922
3120   2922
3130   2922
3140   2922
3150   2922
3160   2922
3170   2922
3180   2922
3190   2922
3200   2922
3210   2922
3220   2922
3230   2922
3240   2922
3250   2922
3260   2922
3270   2922
3280   2922
3290   2922
3300   2922
3310   2922
3320   2922
3330   2922
3340   2922
3350   2922
3360   2922
3370   2922
3380   2922
3390   2922
3400   2922
3410   2922
3420   2922
3430   2922
3440   2922
3450   2922
3460   2922
3470   2922
3480   2922
3490   2922
3500   2922
3510   2922
3520   2922
3530   2922
3540   2922
3550   2922
3560   2922
3570   2922
3580   2922
3590   2922
3600   2922
3610   2922
3620   2922
3630   2922
3640   2922
3650   2922
3660   2922
3670   2922
3680   2922
3690   2922
3700   2922
3710   2922
3720   2922
3730   2922
3740   2922
3750   2922
3760   2922
3770   2922
3780   2922
3790   2922
3800   2922
3810   2922
3820   2922
3830   2922
3840   2922
3850   2922
3860   2922
3870   2922
3880   2922
3890   2922
3900   2922
3910   2922
3920   2922
3930   2922
3940   2922
3950   2922
3960   2922
3970   2922
3980   2922
3990   2922
4000   2922
4010   2922
4020   2922
4030   2922
4040   2922
4050   2922
4060   2922
4070   2922
4080   2922
4090   2922
4100   2922
4110   2922
4120   2922
4130   2922
4140   2922
4150   2922
4160   2922
4170   2922
4180   2922
4190   2922
4200   2922
4210   2922
4220   2922
4230   2922
4240   2922
4250   2922
4260   2912
4270   2912
4280   2912
4290   2912
4300   2912
4310   2912
4320   2912
4330   2912
4340   2912
4350   2912
4360   2912
4370   2912
4380   2912
4390   2912
4400   2912
4410   2912
4420   2912
4430   2912
4440   2912
4450   2912
4460   2912
4470   2912
4480   2912
4490   2912
4500   2912
4510   2912
4520   2912
4530   2834
4540   2834
4550   2834
4560   2834
4570   2834
4580   2834
4590   2834
4600   2834
4610   2834
4620   2834
4630   2834
4640   2834
4650   2834
4660   2834
4670   2834
4680   2834
4690   2834
4700   2834
4710   2834
4720   2834
4730   2834
4740   2834
4750   2834
4760   2834
4770   2834
4780   2834
4790   2834
4800   2834
4810   2834
4820   2834
4830   2834
4840   2834
4850   2834
4860   2834
4870   2834
4880   2834
4890   2834
4900   2834
4910   2834
4920   2834
4930   2834
4940   2834
4950   2834
4960   2834
4970   2834
4980   2834
4990   2834
5000   2834
5010   2834
5020   2834
5030   2834
5040   2834
5050   2834
5060   2834
5070   2834
5080   2834
5090   2834
5100   2834
5110   2834
5120   2834
5130   2834
5140   2834
5150   2834
5160   2834
5170   2834
5180   2834
5190   2834
5200   2834
5210   2834
5220   2834
5230   2834
5240   2834
5250   2834
5260   2834
5270   2834
5280   2834
5290   2834
5300   2834
5310   2834
5320   2834
5330   2834
5340   2834
5350   2834
5360   2834
5370   2834
5380   2834
5390   2834
5400   2834
5410   2834
5420   2834
5430   2834
5440   2834
5450   2834
5460   2834
5470   2834
5480   2834
5490   2834
5500   2834
5510   2834
5520   2834
5530   2834
5540   2834
5550   2834
5560   2834
5570   2834
5580   2834
5590   2834
5600   2834
5610   2834
5620   2834
5630   2834
5640   2834
5650   2834
5660   2834
5670   2834
5680   2834
5690   2834
5700   2834
5710   2834
5720   2834
5730   2834
5740   2834
5750   2834
5760   2834
5770   2834
5780   2834
5790   2834
5800   2834
5810   2834
5820   2834
5830   2834
5840   2834
5850   2834
5860   2834
5870   2834
5880   2834
5890   2834
5900   2834
5910   2834
5920   2834
5930   2834
5940   2834
5950   2834
5960   2834
5970   2834
5980   2834
5990   2834
6000   2834
6010   2834
6020   2834
6030   2834
6040   2834
6050   2834
6060   2834
6070   2834
6080   2834
6090   2834
6100   2834
6110   2834
6120   2834
6130   2834
6140   2834
6150   2834
6160   2834
6170   2834
6180   2834
6190   2834
6200   2834
6210   2834
6220   2834
6230   2834
6240   2834
6250   2834
6260   2834
6270   2834
6280   2834
6290   2834
6300   2834
6310   2834
6320   2834
6330   2834
6340   2834
6350   2834
6360   2834
6370   2834
6380   2834
6390   2834
6400   2834
6410   2834
6420   2834
6430   2834
6440   2834
6450   2834
6460   2834
6470   2834
6480   2834
6490   2834
6500   2834
6510   2834
6520   2834
6530   2834
6540   2834
6550   2834
6560   2834
6570   2834
6580   2834
6590   2834
6600   2834
6610   2834
6620   2834
6630   2834
6640   2834
6650   2834
6660   2834
6670   2834
6680   2834
6690   2834
6700   2834
6710   2834
6720   2834
6730   2834
6740   2834
6750   2834
6760   2834
6770   2834
6780   2834
6790   2834
6800   2834
6810   2834
6820   2834
6830   2834
6840   2834
6850   2834
6860   2834
6870   2834
6880   2834
6890   2834
6900   2834
6910   2834
6920   2834
6930   2834
6940   2834
6950   2834
6960   2834
6970   2834
6980   2834
6990   2834
7000   2834
7010   2834
7020   2834
7030   2834
7040   2834
7050   2834
7060   2834
7070   2834
7080   2834
7090   2834
7100   2834
7110   2834
7120   2834
7130   2834
7140   2834
7150   2834
7160   2834
7170   2834
7180   2834
7190   2834
7200   2834
7210   2834
7220   2834
7230   2834
7240   2834
7250   2834
7260   2834
7270   2834
7280   2834
7290   2834
7300   2834
7310   2834
7320   2834
7330   2834
7340   2834
7350   2834
7360   2834
7370   2834
7380   2834
7390   2834
7400   2834
7410   2834
7420   2834
7430   2834
7440   2834
7450   2834
7460   2834
7470   2834
7480   2834
7490   2834
7500   2834
7510   2834
7520   2834
7530   2834
7540   2834
7550   2834
7560   2834
7570   2834
7580   2834
7590   2834
7600   2834
7610   2834
7620   2834
7630   2834
7640   2834
7650   2834
7660   2834
7670   2834
7680   2834
7690   2834
7700   2834
7710   2834
7720   2834
7730   2834
7740   2834
7750   2834
7760   2834
7770   2834
7780   2834
7790   2834
7800   2834
7810   2834
7820   2834
7830   2834
7840   2834
7850   2834
7860   2834
7870   2834
7880   2834
7890   2834
7900   2834
7910   2834
7920   2834
7930   2834
7940   2834
7950   2834
7960   2834
7970   2834
7980   2834
7990   2834
8000   2834
8010   2834
8020   2834
8030   2834
8040   2834
8050   2834
8060   2834
8070   2834
8080   2834
8090   2834
8100   2834
8110   2834
8120   2834
8130   2834
8140   2834
8150   2834
8160   2834
8170   2834
8180   2834
8190   2834
8200   2834
8210   2834
8220   2834
8230   2834
8240   2834
8250   2834
8260   2834
8270   2834
8280   2834
8290   2834
8300   2834
8310   2834
8320   2834
8330   2834
8340   2834
8350   2834
8360   2834
8370   2834
8380   2834
8390   2834
8400   2834
8410   2834
8420   2834
8430   2834
8440   2834
8450   2834
8460   2834
8470   2834
8480   2834
8490   2834
8500   2834
8510   2834
8520   2834
8530   2834
8540   2834
8550   2834
8560   2834
8570   2834
8580   2834
8590   2834
8600   2834
8610   2834
8620   2834
8630   2834
8640   2834
8650   2834
8660   2834
8670   2834
8680   2834
8690   2834
8700   2834
8710   2834
8720   2834
8730   2834
8740   2834
8750   2834
8760   2834
8770   2834
8780   2834
8790   2834
8800   2834
8810   2834
8820   2834
8830   2834
8840   2834
8850   2834
8860   2834
8870   2834
8880   2834
8890   2834
8900   2834
8910   2834
8920   2834
8930   2834
8940   2834
8950   2834
8960   2834
8970   2834
8980   2834
8990   2834
9000   2834
9010   2834
9020   2834
9030   2834
9040   2834
9050   2834
9060   2834
9070   2834
9080   2834
9090   2834
9100   2834
9110   2834
9120   2834
9130   2834
9140   2834
9150   2834
9160   2834
9170   2834
9180   2834
9190   2834
9200   2834
9210   2834
9220   2834
9230   2834
9240   2834
9250   2834
9260   2834
9270   2834
9280   2834
9290   2834
9300   2834
9310   2834
9320   2834
9330   2834
9340   2834
9350   2834
9360   2834
9370   2834
9380   2834
9390   2834
9400   2834
9410   2834
9420   2834
9430   2834
9440   2834
9450   2834
9460   2834
9470   2834
9480   2834
9490   2834
9500   2834
9510   2834
9520   2834
9530   2834
9540   2834
9550   2834
9560   2834
9570   2834
9580   2834
9590   2834
9600   2834
9610   2834
9620   2834
9630   2834
9640   2834
9650   2834
9660   2834
9670   2834
9680   2834
9690   2834
9700   2834
9710   2834
9720   2834
9730   2834
9740   2834
9750   2834
9760   2834
9770   2834
9780   2834
9790   2834
9800   2834
9810   2834
9820   2834
9830   2834
9840   2834
9850   2834
9860   2834
9870   2834
9880   2834
9890   2834
9900   2834
9910   2834
9920   2834
9930   2834
9940   2834
9950   2834
9960   2834
9970   2834
9980   2834
9990   2834
10000   2834
10010   2834
10020   2834
10030   2834
10040   2834
10050   2834
10060   2834
10070   2834
10080   2834
10090   2834
10100   2834
10110   2834
10120   2834
10130   2834
10140   2834
10150   2834
10160   2834
10170   2834
10180   2834
10190   2834
10200   2834
10210   2834
10220   2834
10230   2834
10240   2834
10250   2834
10260   2834
10270   2834
10280   2834
10290   2834
10300   2834
10310   2834
10320   2834
10330   2834
10340   2834
10350   2834
10360   2834
10370   2834
10380   2834
10390   2834
10400   2834
10410   2834
10420   2834
10430   2834
10440   2834
10450   2834
10460   2834
10470   2834
10480   2834
10490   2834
10500   2834
10510   2834
10520   2834
10530   2834
10540   2834
10550   2834
10560   2834
10570   2834
10580   2834
10590   2834
10600   2834
10610   2834
10620   2834
10630   2834
10640   2834
10650   2834
10660   2834
10670   2834
10680   2834
10690   2834
10700   2834
10710   2834
10720   2834
10730   2834
10740   2834
10750   2834
10760   2834
10770   2834
10780   2834
10790   2834
10800   2834
10810   2834
10820   2834
10830   2834
10840   2834
10850   2834
10860   2834
10870   2834
10880   2834
10890   2834
10900   2834
10910   2834
10920   2834
10930   2834
10940   2834
10950   2834
10960   2834
10970   2834
10980   2834
10990   2834
11000   2834
11010   2834
11020   2834
11030   2834
11040   2834
11050   2834
11060   2834
11070   2834
11080   2834
11090   2834
11100   2834
11110   2834
11120   2834
11130   2834
11140   2834
11150   2834
11160   2834
11170   2834
11180   2834
11190   2834
11200   2834
11210   2834
11220   2834
11230   2834
11240   2834
11250   2834
11260   2834
11270   2834
11280   2834
11290   2834
11300   2834
11310   2834
11320   2834
11330   2834
11340   2834
11350   2834
11360   2834
11370   2834
11380   2834
11390   2834
11400   2834
11410   2834
11420   2834
11430   2834
11440   2834
11450   2834
11460   2834
11470   2834
11480   2834
11490   2834
11500   2834
11510   2834
11520   2834
11530   2834
11540   2834
11550   2834
11560   2834
11570   2834
11580   2834
11590   2834
11600   2834
11610   2834
11620   2834
11630   2834
11640   2834
11650   2834
11660   2834
11670   2834
11680   2834
11690   2834
11700   2834
11710   2834
11720   2834
11730   2834
11740   2834
11750   2834
11760   2834
11770   2834
11780   2834
11790   2834
11800   2834
11810   2834
11820   2834
11830   2834
11840   2834
11850   2834
11860   2834
11870   2834
11880   2834
11890   2834
11900   2834
11910   2834
11920   2834
11930   2834
11940   2834
11950   2834
11960   2834
11970   2834
11980   2834
11990   2834
12000   2834
12010   2834
12020   2834
12030   2834
12040   2834
12050   2834
12060   2834
12070   2834
12080   2834
12090   2834
12100   2834
12110   2834
12120   2834
12130   2834
12140   2834
12150   2834
12160   2834
12170   2834
12180   2834
12190   2834
12200   2834
12210   2834
12220   2834
12230   2834
12240   2834
12250   2834
12260   2834
12270   2834
12280   2834
12290   2834
12300   2834
12310   2834
12320   2834
12330   2834
12340   2834
12350   2834
12360   2834
12370   2834
12380   2834
12390   2834
12400   2834
12410   2834
12420   2834
12430   2834
12440   2834
12450   2834
12460   2834
12470   2834
12480   2834
12490   2834
12500   2834
12510   2834
12520   2834
12530   2834
12540   2834
12550   2834
12560   2834
12570   2834
12580   2834
12590   2834
12600   2834
12610   2834
12620   2834
12630   2834
12640   2834
12650   2834
12660   2834
12670   2834
12680   2834
12690   2834
12700   2834
12710   2834
12720   2834
12730   2834
12740   2834
12750   2834
12760   2834
12770   2834
12780   2834
12790   2834
12800   2834
