10   3482
20   3482
30   3468
40   3468
50   3468
60   3354
70   3354
80   3354
90   3354
100   3354
110   3354
120   3354
130   3354
140   3354
150   3210
160   3210
170   3210
180   3210
190   3210
200   3210
210   3210
220   3210
230   3210
240   3210
250   3210
260   3210
270   3160
280   3160
290   3160
300   3160
310   3160
320   3160
330   3160
340   3160
350   3160
360   3160
370   3160
380   3160
390   3160
400   3160
410   3160
420   3160
430   3160
440   3160
450   3160
460   3160
470   3160
480   3160
490   3160
500   3160
510   3160
520   3160
530   3160
540   3160
550   3160
560   3160
570   3160
580   3160
590   3160
600   3160
610   3160
620   3160
630   3160
640   3160
650   3160
660   3160
670   3160
680   3160
690   3160
700   3160
710   3160
720   3160
730   3160
740   3160
750   3160
760   3160
770   3160
780   3160
790   3160
800   3160
810   3160
820   3160
830   3160
840   3160
850   3160
860   3160
870   3160
880   3160
890   3160
900   3160
910   3160
920   3160
930   3160
940   3160
950   3160
960   3160
970   3160
980   3160
990   3160
1000   3160
1010   3160
1020   3160
1030   3160
1040   3160
1050   3160
1060   3160
1070   3160
1080   3160
1090   3160
1100   3160
1110   3160
1120   3160
1130   3160
1140   3160
1150   3160
1160   3160
1170   3160
1180   3160
1190   3160
1200   3160
1210   3160
1220   3160
1230   3160
1240   3160
1250   3160
1260   3160
1270   3160
1280   3160
1290   3160
1300   3160
1310   3160
1320   3160
1330   3160
1340   3160
1350   3160
1360   3160
1370   3160
1380   3160
1390   3160
1400   3160
1410   3160
1420   3160
1430   3160
1440   3160
1450   3160
1460   3160
1470   3160
1480   3160
1490   3160
1500   3160
1510   3160
1520   3160
1530   3160
1540   3160
1550   3160
1560   3160
1570   3160
1580   3160
1590   3160
1600   3160
1610   3160
1620   3160
1630   3160
1640   3160
1650   3160
1660   3160
1670   3160
1680   3160
1690   3160
1700   3160
1710   3160
1720   3160
1730   3129
1740   3129
1750   3129
1760   3129
1770   3129
1780   3129
1790   3129
1800   3129
1810   3129
1820   3129
1830   3129
1840   3129
1850   3129
1860   3129
1870   3129
1880   3129
1890   3129
1900   3129
1910   3129
1920   3129
1930   3129
1940   3129
1950   3129
1960   3129
1970   3129
1980   3129
1990   3129
2000   3129
2010   3129
2020   3129
2030   3129
2040   3129
2050   3129
2060   3129
2070   3129
2080   3129
2090   3129
2100   3129
2110   3129
2120   3129
2130   3129
2140   3129
2150   2978
2160   2978
2170   2978
2180   2978
2190   2978
2200   2978
2210   2978
2220   2978
2230   2978
2240   2978
2250   2978
2260   2978
2270   2978
2280   2978
2290   2978
2300   2978
2310   2978
2320   2978
2330   2978
2340   2978
2350   2978
2360   2978
2370   2978
2380   2978
2390   2978
2400   2978
2410   2978
2420   2978
2430   2978
2440   2978
2450   2978
2460   2978
2470   2978
2480   2978
2490   2978
2500   2978
2510   2978
2520   2978
2530   2978
2540   2978
2550   2978
2560   2978
2570   2978
2580   2978
2590   2978
2600   2978
2610   2978
2620   2978
2630   2978
2640   2978
2650   2978
2660   2978
2670   2978
2680   2978
2690   2978
2700   2978
2710   2978
2720   2978
2730   2978
2740   2978
2750   2978
2760   2978
2770   2978
2780   2978
2790   2978
2800   2978
2810   2978
2820   2978
2830   2978
2840   2978
2850   2978
2860   2978
2870   2978
2880   2978
2890   2978
2900   2978
2910   2978
2920   2978
2930   2978
2940   2978
2950   2978
2960   2978
2970   2978
2980   2978
2990   2978
3000   2978
3010   2978
3020   2978
3030   2978
3040   2978
3050   2978
3060   2978
3070   2978
3080   2978
3090   2978
3100   2978
3110   2978
3120   2978
3130   2978
3140   2978
3150   2978
3160   2978
3170   2978
3180   2978
3190   2978
3200   2978
3210   2978
3220   2978
3230   2978
3240   2978
3250   2978
3260   2978
3270   2978
3280   2978
3290   2978
3300   2978
3310   2978
3320   2978
3330   2978
3340   2978
3350   2978
3360   2978
3370   2978
3380   2978
3390   2978
3400   2978
3410   2978
3420   2978
3430   2978
3440   2978
3450   2978
3460   2978
3470   2978
3480   2978
3490   2978
3500   2978
3510   2978
3520   2978
3530   2978
3540   2978
3550   2978
3560   2978
3570   2978
3580   2978
3590   2978
3600   2978
3610   2978
3620   2978
3630   2978
3640   2978
3650   2978
3660   2978
3670   2978
3680   2978
3690   2978
3700   2978
3710   2978
3720   2978
3730   2978
3740   2978
3750   2978
3760   2978
3770   2978
3780   2978
3790   2978
3800   2978
3810   2978
3820   2978
3830   2978
3840   2978
3850   2978
3860   2978
3870   2978
3880   2978
3890   2978
3900   2978
3910   2978
3920   2978
3930   2978
3940   2978
3950   2978
3960   2978
3970   2978
3980   2978
3990   2978
4000   2978
4010   2978
4020   2978
4030   2978
4040   2978
4050   2978
4060   2978
4070   2978
4080   2978
4090   2978
4100   2978
4110   2978
4120   2978
4130   2978
4140   2978
4150   2978
4160   2978
4170   2978
4180   2978
4190   2978
4200   2978
4210   2978
4220   2978
4230   2978
4240   2978
4250   2978
4260   2978
4270   2978
4280   2978
4290   2978
4300   2978
4310   2978
4320   2978
4330   2978
4340   2978
4350   2978
4360   2978
4370   2978
4380   2978
4390   2978
4400   2978
4410   2978
4420   2978
4430   2978
4440   2978
4450   2978
4460   2978
4470   2978
4480   2978
4490   2978
4500   2978
4510   2978
4520   2978
4530   2978
4540   2978
4550   2978
4560   2978
4570   2978
4580   2978
4590   2978
4600   2978
4610   2978
4620   2978
4630   2978
4640   2978
4650   2978
4660   2978
4670   2978
4680   2978
4690   2978
4700   2978
4710   2978
4720   2978
4730   2978
4740   2978
4750   2978
4760   2978
4770   2978
4780   2978
4790   2978
4800   2978
4810   2978
4820   2978
4830   2978
4840   2978
4850   2978
4860   2978
4870   2978
4880   2978
4890   2978
4900   2978
4910   2978
4920   2978
4930   2978
4940   2978
4950   2978
4960   2978
4970   2978
4980   2978
4990   2978
5000   2978
5010   2978
5020   2978
5030   2978
5040   2978
5050   2978
5060   2978
5070   2978
5080   2978
5090   2978
5100   2978
5110   2978
5120   2978
5130   2978
5140   2978
5150   2978
5160   2978
5170   2978
5180   2978
5190   2978
5200   2978
5210   2978
5220   2978
5230   2978
5240   2978
5250   2978
5260   2978
5270   2978
5280   2978
5290   2978
5300   2978
5310   2978
5320   2978
5330   2978
5340   2978
5350   2978
5360   2978
5370   2978
5380   2978
5390   2978
5400   2978
5410   2978
5420   2978
5430   2978
5440   2978
5450   2978
5460   2978
5470   2978
5480   2978
5490   2978
5500   2978
5510   2978
5520   2978
5530   2978
5540   2978
5550   2978
5560   2978
5570   2978
5580   2978
5590   2978
5600   2978
5610   2978
5620   2978
5630   2978
5640   2978
5650   2978
5660   2978
5670   2978
5680   2978
5690   2978
5700   2978
5710   2978
5720   2978
5730   2978
5740   2978
5750   2978
5760   2978
5770   2978
5780   2978
5790   2978
5800   2978
5810   2978
5820   2978
5830   2978
5840   2978
5850   2978
5860   2978
5870   2978
5880   2978
5890   2978
5900   2978
5910   2978
5920   2978
5930   2978
5940   2978
5950   2978
5960   2978
5970   2978
5980   2978
5990   2978
6000   2978
6010   2978
6020   2978
6030   2978
6040   2978
6050   2978
6060   2978
6070   2978
6080   2978
6090   2978
6100   2978
6110   2978
6120   2978
6130   2978
6140   2978
6150   2978
6160   2978
6170   2978
6180   2978
6190   2978
6200   2978
6210   2978
6220   2978
6230   2978
6240   2978
6250   2978
6260   2978
6270   2978
6280   2978
6290   2978
6300   2978
6310   2978
6320   2978
6330   2978
6340   2978
6350   2978
6360   2978
6370   2978
6380   2978
6390   2978
6400   2978
6410   2978
6420   2978
6430   2978
6440   2978
6450   2978
6460   2978
6470   2978
6480   2978
6490   2978
6500   2978
6510   2978
6520   2978
6530   2978
6540   2978
6550   2978
6560   2978
6570   2978
6580   2978
6590   2978
6600   2978
6610   2978
6620   2978
6630   2978
6640   2978
6650   2978
6660   2978
6670   2978
6680   2978
6690   2978
6700   2978
6710   2978
6720   2978
6730   2978
6740   2978
6750   2978
6760   2978
6770   2978
6780   2978
6790   2978
6800   2978
6810   2978
6820   2978
6830   2978
6840   2978
6850   2978
6860   2978
6870   2978
6880   2978
6890   2978
6900   2978
6910   2978
6920   2978
6930   2978
6940   2978
6950   2978
6960   2978
6970   2978
6980   2978
6990   2978
7000   2978
7010   2978
7020   2978
7030   2978
7040   2978
7050   2978
7060   2978
7070   2978
7080   2978
7090   2978
7100   2978
7110   2978
7120   2978
7130   2978
7140   2978
7150   2978
7160   2978
7170   2978
7180   2978
7190   2978
7200   2978
7210   2978
7220   2978
7230   2978
7240   2978
7250   2978
7260   2978
7270   2978
7280   2978
7290   2978
7300   2978
7310   2978
7320   2978
7330   2978
7340   2978
7350   2978
7360   2978
7370   2978
7380   2978
7390   2978
7400   2978
7410   2978
7420   2978
7430   2978
7440   2978
7450   2978
7460   2978
7470   2978
7480   2978
7490   2978
7500   2978
7510   2978
7520   2978
7530   2978
7540   2978
7550   2978
7560   2978
7570   2978
7580   2978
7590   2978
7600   2978
7610   2978
7620   2978
7630   2978
7640   2978
7650   2978
7660   2978
7670   2978
7680   2978
7690   2978
7700   2978
7710   2978
7720   2978
7730   2978
7740   2978
7750   2978
7760   2978
7770   2978
7780   2978
7790   2978
7800   2978
7810   2978
7820   2978
7830   2978
7840   2978
7850   2978
7860   2978
7870   2978
7880   2978
7890   2978
7900   2978
7910   2978
7920   2978
7930   2978
7940   2978
7950   2978
7960   2978
7970   2978
7980   2978
7990   2978
8000   2978
8010   2978
8020   2978
8030   2978
8040   2978
8050   2978
8060   2978
8070   2978
8080   2978
8090   2978
8100   2978
8110   2978
8120   2978
8130   2978
8140   2978
8150   2978
8160   2978
8170   2978
8180   2978
8190   2978
8200   2978
8210   2978
8220   2978
8230   2978
8240   2978
8250   2978
8260   2978
8270   2978
8280   2978
8290   2978
8300   2978
8310   2978
8320   2978
8330   2978
8340   2978
8350   2978
8360   2978
8370   2978
8380   2978
8390   2978
8400   2978
8410   2978
8420   2978
8430   2978
8440   2978
8450   2978
8460   2978
8470   2978
8480   2978
8490   2978
8500   2978
8510   2978
8520   2978
8530   2978
8540   2978
8550   2978
8560   2978
8570   2978
8580   2978
8590   2978
8600   2978
8610   2978
8620   2978
8630   2978
8640   2978
8650   2978
8660   2978
8670   2978
8680   2978
8690   2978
8700   2978
8710   2978
8720   2978
8730   2978
8740   2978
8750   2978
8760   2978
8770   2978
8780   2978
8790   2978
8800   2978
8810   2978
8820   2978
8830   2978
8840   2978
8850   2978
8860   2978
8870   2978
8880   2978
8890   2978
8900   2978
8910   2978
8920   2978
8930   2978
8940   2978
8950   2978
8960   2978
8970   2978
8980   2978
8990   2978
9000   2978
9010   2978
9020   2978
9030   2978
9040   2978
9050   2978
9060   2978
9070   2978
9080   2978
9090   2978
9100   2978
9110   2978
9120   2978
9130   2978
9140   2978
9150   2978
9160   2978
9170   2978
9180   2978
9190   2978
9200   2978
9210   2978
9220   2978
9230   2978
9240   2978
9250   2978
9260   2978
9270   2978
9280   2978
9290   2978
9300   2978
9310   2978
9320   2978
9330   2978
9340   2978
9350   2978
9360   2978
9370   2978
9380   2978
9390   2978
9400   2978
9410   2978
9420   2978
9430   2978
9440   2978
9450   2978
9460   2978
9470   2978
9480   2978
9490   2978
9500   2978
9510   2978
9520   2978
9530   2978
9540   2978
9550   2978
9560   2978
9570   2978
9580   2978
9590   2978
9600   2978
9610   2978
9620   2978
9630   2978
9640   2978
9650   2978
9660   2978
9670   2978
9680   2978
9690   2978
9700   2978
9710   2978
9720   2978
9730   2978
9740   2978
9750   2978
9760   2978
9770   2978
9780   2978
9790   2978
9800   2978
9810   2978
9820   2978
9830   2978
9840   2978
9850   2978
9860   2978
9870   2978
9880   2978
9890   2978
9900   2978
9910   2978
9920   2978
9930   2978
9940   2978
9950   2978
9960   2978
9970   2978
9980   2978
9990   2978
10000   2978
10010   2978
10020   2978
10030   2978
10040   2978
10050   2978
10060   2978
10070   2978
10080   2978
10090   2978
10100   2978
10110   2978
10120   2978
10130   2978
10140   2978
10150   2978
10160   2978
10170   2978
10180   2978
10190   2978
10200   2978
10210   2978
10220   2978
10230   2978
10240   2978
10250   2978
10260   2978
10270   2978
10280   2978
10290   2978
10300   2978
10310   2978
10320   2978
10330   2978
10340   2978
10350   2978
10360   2978
10370   2978
10380   2978
10390   2978
10400   2978
10410   2978
10420   2978
10430   2978
10440   2978
10450   2978
10460   2978
10470   2978
10480   2978
10490   2978
10500   2978
10510   2978
10520   2978
10530   2978
10540   2978
10550   2978
10560   2978
10570   2978
10580   2978
10590   2978
10600   2978
10610   2978
10620   2978
10630   2978
10640   2978
10650   2978
10660   2978
10670   2978
10680   2978
10690   2978
10700   2978
10710   2978
10720   2978
10730   2978
10740   2978
10750   2978
10760   2978
10770   2978
10780   2978
10790   2978
10800   2978
10810   2978
10820   2978
10830   2978
10840   2978
10850   2978
10860   2978
10870   2978
10880   2978
10890   2978
10900   2978
10910   2978
10920   2978
10930   2978
10940   2978
10950   2978
10960   2978
10970   2978
10980   2978
10990   2978
11000   2978
11010   2978
11020   2978
11030   2978
11040   2978
11050   2978
11060   2978
11070   2978
11080   2978
11090   2978
11100   2978
11110   2978
11120   2978
11130   2978
11140   2978
11150   2978
11160   2978
11170   2978
11180   2978
11190   2978
11200   2978
11210   2978
11220   2978
11230   2978
11240   2978
11250   2978
11260   2978
11270   2978
11280   2978
11290   2978
11300   2978
11310   2978
11320   2978
11330   2978
11340   2978
11350   2978
11360   2978
11370   2978
11380   2978
11390   2978
11400   2978
11410   2978
11420   2978
11430   2978
11440   2978
11450   2978
11460   2978
11470   2978
11480   2978
11490   2978
11500   2978
11510   2978
11520   2978
11530   2978
11540   2978
11550   2978
11560   2978
11570   2978
11580   2978
11590   2978
11600   2978
11610   2978
11620   2978
11630   2978
11640   2978
11650   2978
11660   2978
11670   2978
11680   2978
11690   2978
11700   2978
11710   2978
11720   2978
11730   2978
11740   2978
11750   2978
11760   2978
11770   2978
11780   2978
11790   2978
11800   2978
11810   2978
11820   2978
11830   2978
11840   2978
11850   2978
11860   2978
11870   2978
11880   2978
11890   2978
11900   2978
11910   2978
11920   2978
11930   2978
11940   2978
11950   2978
11960   2978
11970   2978
11980   2978
11990   2978
