10   3387
20   2794
30   2794
40   2783
50   2783
60   2783
70   2783
80   2775
90   2775
100   2775
110   2775
120   2775
130   2775
140   2775
150   2775
160   2775
170   2775
180   2775
190   2596
200   2596
210   2596
220   2596
230   2596
240   2596
250   2596
260   2596
270   2596
280   2596
290   2596
300   2596
310   2596
320   2596
330   2596
340   2530
350   2530
360   2530
370   2530
380   2530
390   2530
400   2530
410   2530
420   2530
430   2530
440   2530
450   2530
460   2530
470   2530
480   2530
490   2530
500   2530
510   2530
520   2482
530   2482
540   2482
550   2482
560   2482
570   2482
580   2482
590   2482
600   2482
610   2482
620   2482
630   2482
640   2482
650   2482
660   2482
670   2482
680   2482
690   2482
700   2482
710   2482
720   2482
730   2482
740   2482
750   2482
760   2482
770   2482
780   2482
790   2482
800   2482
810   2482
820   2482
830   2482
840   2482
850   2482
860   2482
870   2482
880   2482
890   2482
900   2482
910   2482
920   2482
930   2482
940   2482
950   2482
960   2482
970   2482
980   2482
990   2482
1000   2482
1010   2482
1020   2482
1030   2482
1040   2482
1050   2482
1060   2482
1070   2482
1080   2482
1090   2482
1100   2482
1110   2482
1120   2482
1130   2482
1140   2482
1150   2482
1160   2482
1170   2482
1180   2482
1190   2482
1200   2482
1210   2482
1220   2482
1230   2482
1240   2482
1250   2482
1260   2482
1270   2482
1280   2482
1290   2482
1300   2482
1310   2482
1320   2482
1330   2482
1340   2482
1350   2482
1360   2482
1370   2482
1380   2482
1390   2482
1400   2482
1410   2482
1420   2482
1430   2482
1440   2482
1450   2482
1460   2482
1470   2482
1480   2482
1490   2482
1500   2482
1510   2482
1520   2482
1530   2482
1540   2482
1550   2482
1560   2482
1570   2482
1580   2482
1590   2482
1600   2482
1610   2482
1620   2482
1630   2482
1640   2482
1650   2482
1660   2482
1670   2482
1680   2482
1690   2482
1700   2482
1710   2482
1720   2482
1730   2482
1740   2482
1750   2482
1760   2482
1770   2482
1780   2482
1790   2482
1800   2482
1810   2482
1820   2482
1830   2482
1840   2482
1850   2482
1860   2482
1870   2482
1880   2482
1890   2482
1900   2482
1910   2482
1920   2482
1930   2482
1940   2482
1950   2482
1960   2482
1970   2482
1980   2482
1990   2482
2000   2482
2010   2482
2020   2482
2030   2482
2040   2482
2050   2482
2060   2482
2070   2482
2080   2482
2090   2482
2100   2482
2110   2482
2120   2482
2130   2482
2140   2482
2150   2482
2160   2482
2170   2482
2180   2482
2190   2482
2200   2482
2210   2482
2220   2482
2230   2482
2240   2482
2250   2482
2260   2482
2270   2482
2280   2482
2290   2482
2300   2482
2310   2482
2320   2482
2330   2482
2340   2482
2350   2482
2360   2482
2370   2482
2380   2482
2390   2482
2400   2482
2410   2482
2420   2482
2430   2482
2440   2482
2450   2482
2460   2482
2470   2482
2480   2482
2490   2482
2500   2482
2510   2482
2520   2482
2530   2482
2540   2482
2550   2482
2560   2482
2570   2482
2580   2482
2590   2482
2600   2482
2610   2482
2620   2482
2630   2482
2640   2482
2650   2482
2660   2482
2670   2482
2680   2482
2690   2482
2700   2482
2710   2482
2720   2482
2730   2482
2740   2482
2750   2482
2760   2482
2770   2482
2780   2482
2790   2482
2800   2482
2810   2482
2820   2482
2830   2482
2840   2482
2850   2482
2860   2482
2870   2482
2880   2482
2890   2482
2900   2482
2910   2482
2920   2482
2930   2482
2940   2482
2950   2482
2960   2482
2970   2482
2980   2482
2990   2482
3000   2482
3010   2482
3020   2482
3030   2482
3040   2482
3050   2482
3060   2482
3070   2482
3080   2482
3090   2482
3100   2482
3110   2482
3120   2482
3130   2482
3140   2482
3150   2482
3160   2482
3170   2482
3180   2482
3190   2482
3200   2482
3210   2482
3220   2482
3230   2482
3240   2482
3250   2482
3260   2482
3270   2482
3280   2482
3290   2482
3300   2482
3310   2482
3320   2482
3330   2482
3340   2482
3350   2482
3360   2482
3370   2482
3380   2482
3390   2482
3400   2482
3410   2482
3420   2482
3430   2482
3440   2482
3450   2482
3460   2482
3470   2482
3480   2482
3490   2482
3500   2482
3510   2482
3520   2482
3530   2482
3540   2482
3550   2482
3560   2482
3570   2482
3580   2482
3590   2482
3600   2482
3610   2482
3620   2482
3630   2482
3640   2482
3650   2482
3660   2482
3670   2482
3680   2482
3690   2482
3700   2482
3710   2482
3720   2482
3730   2482
3740   2482
3750   2482
3760   2482
3770   2482
3780   2482
3790   2482
3800   2482
3810   2482
3820   2482
3830   2482
3840   2482
3850   2482
3860   2482
3870   2482
3880   2482
3890   2482
3900   2482
3910   2482
3920   2482
3930   2482
3940   2482
3950   2482
3960   2482
3970   2482
3980   2482
3990   2482
4000   2482
4010   2482
4020   2482
4030   2482
4040   2482
4050   2482
4060   2482
4070   2482
4080   2482
4090   2482
4100   2482
4110   2482
4120   2482
4130   2482
4140   2482
4150   2482
4160   2482
4170   2482
4180   2482
4190   2482
4200   2482
4210   2482
4220   2482
4230   2482
4240   2482
4250   2482
4260   2482
4270   2482
4280   2482
4290   2482
4300   2482
4310   2482
4320   2482
4330   2482
4340   2482
4350   2482
4360   2482
4370   2482
4380   2482
4390   2482
4400   2482
4410   2482
4420   2482
4430   2482
4440   2482
4450   2482
4460   2482
4470   2482
4480   2482
4490   2482
4500   2482
4510   2482
4520   2482
4530   2482
4540   2482
4550   2482
4560   2482
4570   2482
4580   2482
4590   2482
4600   2482
4610   2482
4620   2482
4630   2482
4640   2482
4650   2482
4660   2482
4670   2482
4680   2482
4690   2482
4700   2482
4710   2482
4720   2482
4730   2482
4740   2482
4750   2482
4760   2482
4770   2482
4780   2482
4790   2482
4800   2482
4810   2482
4820   2482
4830   2482
4840   2482
4850   2482
4860   2482
4870   2482
4880   2482
4890   2482
4900   2482
4910   2482
4920   2482
4930   2482
4940   2482
4950   2482
4960   2482
4970   2482
4980   2482
4990   2482
5000   2482
5010   2482
5020   2482
5030   2482
5040   2482
5050   2482
5060   2482
5070   2482
5080   2482
5090   2482
5100   2482
5110   2482
5120   2482
5130   2482
5140   2482
5150   2482
5160   2482
5170   2482
5180   2482
5190   2482
5200   2482
5210   2482
5220   2482
5230   2482
5240   2482
5250   2482
5260   2482
5270   2482
5280   2482
5290   2482
5300   2482
5310   2482
5320   2482
5330   2482
5340   2482
5350   2482
5360   2482
5370   2482
5380   2482
5390   2482
5400   2482
5410   2482
5420   2482
5430   2482
5440   2482
5450   2482
5460   2482
5470   2482
5480   2482
5490   2482
5500   2482
5510   2482
5520   2482
5530   2482
5540   2482
5550   2482
5560   2482
5570   2482
5580   2482
5590   2482
5600   2482
5610   2482
5620   2482
5630   2482
5640   2482
5650   2482
5660   2482
5670   2482
5680   2482
5690   2482
5700   2482
5710   2482
5720   2482
5730   2482
5740   2482
5750   2482
5760   2482
5770   2482
5780   2482
5790   2482
5800   2482
5810   2482
5820   2482
5830   2482
5840   2482
5850   2482
5860   2482
5870   2482
5880   2482
5890   2482
5900   2482
5910   2482
5920   2482
5930   2482
5940   2482
5950   2482
5960   2482
5970   2482
5980   2482
5990   2482
6000   2482
6010   2482
6020   2482
6030   2482
6040   2482
6050   2482
6060   2482
6070   2482
6080   2482
6090   2482
6100   2482
6110   2482
6120   2482
6130   2482
6140   2482
6150   2482
6160   2482
6170   2482
6180   2482
6190   2482
6200   2482
6210   2482
6220   2482
6230   2482
6240   2482
6250   2482
6260   2482
6270   2482
6280   2482
6290   2482
6300   2482
6310   2482
6320   2482
6330   2482
6340   2482
6350   2482
6360   2482
6370   2482
6380   2482
6390   2482
6400   2482
6410   2482
6420   2482
6430   2482
6440   2482
6450   2482
6460   2482
6470   2482
6480   2482
6490   2482
6500   2482
6510   2482
6520   2482
6530   2482
6540   2482
6550   2482
6560   2482
6570   2482
6580   2482
6590   2482
6600   2482
6610   2482
6620   2482
6630   2482
6640   2482
6650   2482
6660   2482
6670   2482
6680   2482
6690   2482
6700   2482
6710   2482
6720   2482
6730   2482
6740   2482
6750   2482
6760   2482
6770   2482
6780   2482
6790   2482
6800   2482
6810   2482
6820   2482
6830   2482
6840   2482
6850   2482
6860   2482
6870   2482
6880   2482
6890   2482
6900   2482
6910   2482
6920   2482
6930   2482
6940   2482
6950   2482
6960   2482
6970   2482
6980   2482
6990   2482
7000   2482
7010   2482
7020   2482
7030   2482
7040   2482
7050   2482
7060   2482
7070   2482
7080   2482
7090   2482
7100   2482
7110   2482
7120   2482
7130   2482
7140   2482
7150   2482
7160   2482
7170   2482
7180   2482
7190   2482
7200   2482
7210   2482
7220   2482
7230   2482
7240   2482
7250   2482
7260   2482
7270   2482
7280   2482
7290   2482
7300   2482
7310   2482
7320   2482
7330   2482
7340   2482
7350   2482
7360   2482
7370   2482
7380   2482
7390   2482
7400   2482
7410   2482
7420   2482
7430   2482
7440   2482
7450   2482
7460   2482
7470   2482
7480   2482
7490   2482
7500   2482
7510   2482
7520   2482
7530   2482
7540   2482
7550   2482
7560   2482
7570   2482
7580   2482
7590   2482
7600   2482
7610   2482
7620   2482
7630   2482
7640   2482
7650   2482
7660   2482
7670   2482
7680   2482
7690   2482
7700   2482
7710   2482
7720   2482
7730   2482
7740   2482
7750   2482
7760   2482
7770   2482
7780   2482
7790   2482
7800   2482
7810   2482
7820   2482
7830   2482
7840   2482
7850   2482
7860   2482
7870   2482
7880   2482
7890   2482
7900   2482
7910   2482
7920   2482
7930   2482
7940   2482
7950   2482
7960   2482
7970   2482
7980   2482
7990   2482
8000   2482
8010   2482
8020   2482
8030   2482
8040   2482
8050   2482
8060   2482
8070   2482
8080   2482
8090   2482
8100   2482
8110   2482
8120   2482
8130   2482
8140   2482
8150   2482
8160   2482
8170   2482
8180   2482
8190   2482
8200   2482
8210   2482
8220   2482
8230   2482
8240   2482
8250   2482
8260   2482
8270   2482
8280   2482
8290   2482
8300   2482
8310   2482
8320   2482
8330   2482
8340   2482
8350   2482
8360   2482
8370   2482
8380   2482
8390   2482
8400   2482
8410   2482
8420   2482
8430   2482
8440   2482
8450   2482
8460   2482
8470   2482
8480   2482
8490   2482
8500   2482
8510   2482
8520   2482
8530   2482
8540   2482
8550   2482
8560   2482
8570   2482
8580   2482
8590   2482
8600   2482
8610   2482
8620   2482
8630   2482
8640   2482
8650   2482
8660   2482
8670   2482
8680   2482
8690   2482
8700   2482
8710   2482
8720   2482
8730   2482
8740   2482
8750   2482
8760   2482
8770   2482
8780   2482
8790   2482
8800   2482
8810   2482
8820   2482
8830   2482
8840   2482
8850   2482
8860   2482
8870   2482
8880   2482
8890   2482
8900   2482
8910   2482
8920   2482
8930   2482
8940   2482
8950   2482
8960   2482
8970   2482
8980   2482
8990   2482
9000   2482
9010   2482
9020   2482
9030   2482
9040   2482
9050   2482
9060   2482
9070   2482
9080   2482
9090   2482
9100   2482
9110   2482
9120   2482
9130   2482
9140   2482
9150   2482
9160   2482
9170   2482
9180   2482
9190   2482
9200   2482
9210   2482
9220   2482
9230   2482
9240   2482
9250   2482
9260   2482
9270   2482
9280   2482
9290   2482
9300   2482
9310   2482
9320   2482
9330   2482
9340   2482
9350   2482
9360   2482
9370   2482
9380   2482
9390   2482
9400   2482
9410   2482
9420   2482
9430   2482
9440   2482
9450   2482
9460   2482
9470   2482
9480   2482
9490   2482
9500   2482
9510   2482
9520   2482
9530   2482
9540   2482
9550   2482
9560   2482
9570   2482
9580   2482
9590   2482
9600   2482
9610   2482
9620   2482
9630   2482
9640   2482
9650   2482
9660   2482
9670   2482
9680   2482
9690   2482
9700   2482
9710   2482
9720   2482
9730   2482
9740   2482
9750   2482
9760   2482
9770   2482
9780   2482
9790   2482
9800   2482
9810   2482
9820   2482
9830   2482
9840   2482
9850   2482
9860   2482
9870   2482
9880   2482
9890   2482
9900   2482
9910   2482
9920   2482
9930   2482
9940   2482
9950   2482
9960   2482
9970   2482
9980   2482
9990   2482
10000   2482
10010   2482
10020   2482
10030   2482
10040   2482
10050   2482
10060   2482
10070   2482
10080   2482
10090   2482
10100   2482
10110   2482
10120   2482
10130   2482
10140   2482
10150   2482
10160   2482
10170   2482
10180   2482
10190   2482
10200   2482
10210   2482
10220   2482
10230   2482
10240   2482
10250   2482
10260   2482
10270   2482
10280   2482
10290   2482
10300   2482
10310   2482
10320   2482
10330   2482
10340   2482
10350   2482
10360   2482
10370   2482
10380   2482
10390   2482
10400   2482
10410   2482
10420   2482
10430   2482
10440   2482
10450   2482
10460   2482
10470   2482
10480   2482
10490   2482
10500   2482
10510   2482
10520   2482
10530   2482
10540   2482
10550   2482
10560   2482
10570   2482
10580   2482
10590   2482
10600   2482
10610   2482
10620   2482
10630   2482
10640   2482
10650   2482
10660   2482
10670   2482
