10   3792
20   3792
30   3792
40   3792
50   3792
60   3792
70   3792
80   3641
90   3641
100   3641
110   3641
120   3641
130   3641
140   3641
150   3641
160   3641
170   3641
180   3610
190   3610
200   3610
210   3610
220   3610
230   3610
240   3610
250   3610
260   3610
270   3610
280   3610
290   3610
300   3610
310   3610
320   3610
330   3610
340   3610
350   3610
360   3498
370   3498
380   3498
390   3498
400   3498
410   3498
420   3498
430   3498
440   3498
450   3498
460   3498
470   3498
480   3498
490   3498
500   3498
510   3498
520   3498
530   3498
540   3498
550   3498
560   3498
570   3498
580   3498
590   3498
600   3498
610   3498
620   3498
630   3498
640   3498
650   3498
660   3498
670   3498
680   3498
690   3498
700   3498
710   3498
720   3498
730   3498
740   3498
750   3498
760   3498
770   3498
780   3498
790   3498
800   3498
810   3498
820   3498
830   3498
840   3498
850   3498
860   3498
870   3498
880   3498
890   3498
900   3498
910   3498
920   3498
930   3498
940   3498
950   3498
960   3498
970   3498
980   3498
990   3498
1000   3498
1010   3498
1020   3498
1030   3498
1040   3498
1050   3498
1060   3498
1070   3498
1080   3498
1090   3498
1100   3498
1110   3498
1120   3498
1130   3498
1140   3498
1150   3498
1160   3498
1170   3498
1180   3498
1190   3498
1200   3498
1210   3498
1220   3498
1230   3498
1240   3498
1250   3498
1260   3498
1270   3498
1280   3498
1290   3498
1300   3498
1310   3498
1320   3498
1330   3498
1340   3498
1350   3498
1360   3498
1370   3410
1380   3410
1390   3410
1400   3410
1410   3410
1420   3305
1430   3305
1440   3305
1450   3305
1460   3305
1470   3305
1480   3305
1490   3305
1500   3305
1510   3305
1520   3305
1530   3305
1540   3305
1550   3305
1560   3305
1570   3305
1580   3305
1590   3305
1600   3305
1610   3305
1620   3305
1630   3305
1640   3305
1650   3305
1660   3305
1670   3305
1680   3305
1690   3305
1700   3305
1710   3305
1720   3305
1730   3305
1740   3305
1750   3305
1760   3305
1770   3305
1780   3305
1790   3305
1800   3305
1810   3305
1820   3305
1830   3305
1840   3305
1850   3305
1860   3305
1870   3305
1880   3305
1890   3305
1900   3305
1910   3305
1920   3305
1930   3305
1940   3305
1950   3305
1960   3305
1970   3305
1980   3305
1990   3305
2000   3305
2010   3305
2020   3305
2030   3305
2040   3305
2050   3305
2060   3305
2070   3305
2080   3305
2090   3305
2100   3305
2110   3305
2120   3305
2130   3305
2140   3305
2150   3305
2160   3305
2170   3305
2180   3305
2190   3305
2200   3305
2210   3305
2220   3305
2230   3305
2240   3305
2250   3305
2260   3305
2270   3305
2280   3156
2290   3156
2300   3156
2310   3156
2320   3156
2330   3156
2340   3156
2350   3156
2360   3156
2370   3156
2380   3156
2390   3156
2400   3156
2410   3156
2420   3156
2430   3156
2440   3156
2450   3156
2460   3156
2470   3156
2480   3156
2490   3156
2500   3156
2510   3156
2520   3156
2530   3156
2540   3156
2550   3156
2560   3156
2570   3156
2580   3156
2590   3156
2600   3156
2610   3156
2620   3156
2630   3156
2640   3156
2650   3156
2660   3156
2670   3156
2680   3156
2690   3156
2700   3156
2710   3156
2720   3156
2730   3156
2740   3156
2750   3156
2760   3156
2770   3156
2780   3156
2790   3156
2800   3156
2810   3156
2820   3156
2830   3156
2840   3156
2850   3156
2860   3156
2870   3156
2880   3156
2890   3156
2900   3156
2910   3156
2920   3156
2930   3156
2940   3156
2950   3156
2960   3156
2970   3156
2980   3156
2990   3156
3000   3156
3010   3156
3020   3156
3030   3156
3040   3156
3050   3156
3060   3156
3070   3156
3080   3156
3090   3156
3100   3156
3110   3156
3120   3156
3130   3156
3140   3156
3150   3156
3160   3156
3170   3156
3180   3156
3190   3156
3200   3156
3210   3156
3220   3156
3230   3156
3240   3156
3250   3156
3260   3156
3270   3156
3280   3156
3290   3156
3300   3156
3310   3156
3320   3156
3330   3156
3340   3156
3350   3156
3360   3156
3370   3156
3380   3156
3390   3156
3400   3156
3410   3156
3420   3156
3430   3156
3440   3156
3450   3156
3460   3156
3470   3156
3480   3156
3490   3156
3500   3156
3510   3156
3520   3156
3530   3156
3540   3156
3550   3156
3560   3156
3570   3156
3580   3156
3590   3156
3600   3156
3610   3156
3620   3156
3630   3156
3640   3156
3650   3156
3660   3156
3670   3156
3680   3156
3690   3156
3700   3156
3710   3156
3720   3156
3730   3156
3740   3156
3750   3156
3760   3156
3770   3156
3780   3156
3790   3156
3800   3156
3810   3156
3820   3156
3830   3156
3840   3156
3850   3156
3860   3156
3870   3156
3880   3156
3890   3156
3900   3156
3910   3156
3920   3156
3930   3156
3940   3156
3950   3156
3960   3156
3970   3156
3980   3156
3990   3156
4000   3156
4010   3156
4020   3156
4030   3156
4040   3156
4050   3156
4060   3156
4070   3156
4080   3156
4090   3156
4100   3156
4110   3156
4120   3156
4130   3156
4140   3156
4150   3156
4160   3156
4170   3156
4180   3156
4190   3156
4200   3156
4210   3156
4220   3156
4230   3156
4240   3156
4250   3156
4260   3156
4270   3156
4280   3156
4290   3156
4300   3156
4310   3156
4320   3156
4330   3156
4340   3156
4350   3156
4360   3156
4370   3156
4380   3156
4390   3156
4400   3156
4410   3156
4420   3156
4430   3156
4440   3156
4450   3156
4460   3156
4470   3156
4480   3156
4490   3156
4500   3156
4510   3156
4520   3156
4530   3156
4540   3156
4550   3156
4560   3156
4570   3156
4580   3156
4590   3156
4600   3156
4610   3156
4620   3156
4630   3156
4640   3156
4650   3156
4660   3156
4670   3156
4680   3156
4690   3156
4700   3156
4710   3156
4720   3156
4730   3156
4740   3156
4750   3156
4760   3156
4770   3156
4780   3156
4790   3156
4800   3156
4810   3156
4820   3156
4830   3156
4840   3156
4850   3156
4860   3156
4870   3156
4880   3156
4890   3156
4900   3156
4910   3156
4920   3156
4930   3156
4940   3156
4950   3156
4960   3156
4970   3156
4980   3156
4990   3156
5000   3156
5010   3156
5020   3156
5030   3156
5040   3156
5050   3156
5060   3156
5070   3156
5080   3156
5090   3156
5100   3156
5110   3156
5120   3156
5130   3156
5140   3156
5150   3156
5160   3156
5170   3156
5180   3156
5190   3156
5200   3156
5210   3156
5220   3156
5230   3156
5240   3156
5250   3156
5260   3156
5270   3156
5280   3156
5290   3156
5300   3156
5310   3156
5320   3156
5330   3156
5340   3156
5350   3156
5360   3156
5370   3156
5380   3156
5390   3156
5400   3156
5410   3156
5420   3156
5430   3156
5440   3156
5450   3156
5460   3156
5470   3156
5480   3156
5490   3156
5500   3156
5510   3156
5520   3156
5530   3156
5540   3156
5550   3156
5560   3156
5570   3156
5580   3156
5590   3156
5600   3156
5610   3156
5620   3156
5630   3156
5640   3156
5650   3156
5660   3156
5670   3156
5680   3156
5690   3156
5700   3156
5710   3156
5720   3156
5730   3156
5740   3156
5750   3156
5760   3156
5770   3156
5780   3156
5790   3156
5800   3156
5810   3156
5820   3156
5830   3156
5840   3156
5850   3156
5860   3156
5870   3156
5880   3156
5890   3156
5900   3156
5910   3156
5920   3156
5930   3156
5940   3156
5950   3156
5960   3156
5970   3156
5980   3156
5990   3156
6000   3156
6010   3156
6020   3156
6030   3156
6040   3156
6050   3156
6060   3156
6070   3156
6080   3156
6090   3156
6100   3156
6110   3156
6120   3156
6130   3156
6140   3156
6150   3156
6160   3156
6170   3156
6180   3156
6190   3156
6200   3156
6210   3156
6220   3156
6230   3156
6240   3156
6250   3156
6260   3156
6270   3156
6280   3156
6290   3156
6300   3156
6310   3156
6320   3156
6330   3156
6340   3156
6350   3156
6360   3156
6370   3156
6380   3156
6390   3156
6400   3156
6410   3156
6420   3156
6430   3156
6440   3156
6450   3156
6460   3156
6470   3156
6480   3156
6490   3156
6500   3156
6510   3156
6520   3156
6530   3156
6540   3156
6550   3156
6560   3156
6570   3156
6580   3156
6590   3156
6600   3156
6610   3156
6620   3156
6630   3156
6640   3156
6650   3156
6660   3156
6670   3156
6680   3156
6690   3156
6700   3156
6710   3156
6720   3156
6730   3156
6740   3156
6750   3156
6760   3156
6770   3156
6780   3156
6790   3156
6800   3156
6810   3156
6820   3156
6830   3156
6840   3156
6850   3156
6860   3156
6870   3156
6880   3156
6890   3156
6900   3156
6910   3156
6920   3156
6930   3156
6940   3156
6950   3156
6960   3156
6970   3156
6980   3156
6990   3156
7000   3156
7010   3156
7020   3156
7030   3156
7040   3156
7050   3156
7060   3156
7070   3156
7080   3156
7090   3156
7100   3156
7110   3156
7120   3156
7130   3156
7140   3156
7150   3156
7160   3156
7170   3156
7180   3156
7190   3156
7200   3156
7210   3156
7220   3156
7230   3156
7240   3156
7250   3156
7260   3156
7270   3156
7280   3156
7290   3156
7300   3156
7310   3156
7320   3156
7330   3156
7340   3156
7350   3156
7360   3156
7370   3156
7380   3156
7390   3156
7400   3156
7410   3156
7420   3156
7430   3156
7440   3156
7450   3156
7460   3156
7470   3156
7480   3156
7490   3156
7500   3156
7510   3156
7520   3156
7530   3156
7540   3156
7550   3156
7560   3156
7570   3156
7580   3156
7590   3156
7600   3156
7610   3156
7620   3156
7630   3156
7640   3156
7650   3156
7660   3156
7670   3156
7680   3156
7690   3156
7700   3156
7710   3156
7720   3156
7730   3156
7740   3156
7750   3156
7760   3156
7770   3156
7780   3156
7790   3156
7800   3156
7810   3156
7820   3156
7830   3156
7840   3156
7850   3156
7860   3156
7870   3156
7880   3156
7890   3156
7900   3156
7910   3156
7920   3156
7930   3156
7940   3156
7950   3156
7960   3156
7970   3156
7980   3156
7990   3156
8000   3156
8010   3156
8020   3156
8030   3156
8040   3156
8050   3156
8060   3156
8070   3156
8080   3156
8090   3156
8100   3156
8110   3156
8120   3156
8130   3156
8140   3156
8150   3156
8160   3156
8170   3156
8180   3156
8190   3156
8200   3156
8210   3156
8220   3156
8230   3156
8240   3156
8250   3156
8260   3156
8270   3156
8280   3156
8290   3156
8300   3156
8310   3156
8320   3156
8330   3156
8340   3156
8350   3156
8360   3156
8370   3156
8380   3156
8390   3156
8400   3156
8410   3156
8420   3156
8430   3156
8440   3156
8450   3156
8460   3156
8470   3156
8480   3156
8490   3156
8500   3156
8510   3156
8520   3156
8530   3156
8540   3156
8550   3156
8560   3156
8570   3156
8580   3156
8590   3156
8600   3156
8610   3156
8620   3156
8630   3156
8640   3156
8650   3156
8660   3156
8670   3156
8680   3156
8690   3156
8700   3156
8710   3156
8720   3156
8730   3156
8740   3156
8750   3156
8760   3156
8770   3156
8780   3156
8790   3156
8800   3156
8810   3156
8820   3156
8830   3156
8840   3156
8850   3156
8860   3156
8870   3156
8880   3156
8890   3156
8900   3156
8910   3156
8920   3156
8930   3156
8940   3156
8950   3156
8960   3156
8970   3156
8980   3156
8990   3156
9000   3156
9010   3156
9020   3156
9030   3156
9040   3156
9050   3156
9060   3156
9070   3156
9080   3156
9090   3156
9100   3156
9110   3156
9120   3156
9130   3156
9140   3156
9150   3156
9160   3156
9170   3156
9180   3156
9190   3156
9200   3156
9210   3156
9220   3156
9230   3156
9240   3156
9250   3156
9260   3156
9270   3156
9280   3156
9290   3156
9300   3156
9310   3156
9320   3156
9330   3156
9340   3156
9350   3156
9360   3156
9370   3156
9380   3156
9390   3156
9400   3156
9410   3156
9420   3156
9430   3156
9440   3156
9450   3156
9460   3156
9470   3156
9480   3156
9490   3156
9500   3156
9510   3156
9520   3156
9530   3156
9540   3156
9550   3156
9560   3156
9570   3156
9580   3156
9590   3156
9600   3156
9610   3156
9620   3156
9630   3156
9640   3156
9650   3156
9660   3156
9670   3156
9680   3156
9690   3156
9700   3156
9710   3156
9720   3156
9730   3156
9740   3156
9750   3156
9760   3156
9770   3156
9780   3156
9790   3156
9800   3156
9810   3156
9820   3156
9830   3156
9840   3156
9850   3156
9860   3156
9870   3156
9880   3156
9890   3156
9900   3156
9910   3156
9920   3156
9930   3156
9940   3156
9950   3156
9960   3156
9970   3156
9980   3156
9990   3156
10000   3156
10010   3156
10020   3156
10030   3156
10040   3156
10050   3156
10060   3156
10070   3156
10080   3156
10090   3156
10100   3156
10110   3156
10120   3156
10130   3156
10140   3156
10150   3156
10160   3156
10170   3156
10180   3156
10190   3156
10200   3156
10210   3156
10220   3156
10230   3156
10240   3156
10250   3156
10260   3156
10270   3156
10280   3156
10290   3156
10300   3156
10310   3156
10320   3156
10330   3156
10340   3156
10350   3156
10360   3156
10370   3156
10380   3156
10390   3156
10400   3156
10410   3156
10420   3156
10430   3156
10440   3156
10450   3156
10460   3156
10470   3156
10480   3156
10490   3156
10500   3156
10510   3156
10520   3156
10530   3156
10540   3156
10550   3156
10560   3156
10570   3156
10580   3156
10590   3156
10600   3156
10610   3156
10620   3156
10630   3156
10640   3156
10650   3156
10660   3156
10670   3156
10680   3156
10690   3156
10700   3156
10710   3156
10720   3156
10730   3156
10740   3156
10750   3156
10760   3156
10770   3156
10780   3156
10790   3156
10800   3156
10810   3156
10820   3156
10830   3156
10840   3156
10850   3156
10860   3156
10870   3156
10880   3156
10890   3156
10900   3156
10910   3156
10920   3156
10930   3156
10940   3156
10950   3156
10960   3156
10970   3156
10980   3156
10990   3156
11000   3156
11010   3156
11020   3156
11030   3156
11040   3156
11050   3156
11060   3156
11070   3156
11080   3156
11090   3156
11100   3156
11110   3156
11120   3156
11130   3156
11140   3156
11150   3156
11160   3156
11170   3156
11180   3156
11190   3156
11200   3156
11210   3156
11220   3156
11230   3156
11240   3156
11250   3156
11260   3156
11270   3156
11280   3156
11290   3156
11300   3156
11310   3156
11320   3156
11330   3156
11340   3156
11350   3156
11360   3156
11370   3156
11380   3156
11390   3156
11400   3156
11410   3156
11420   3156
11430   3156
11440   3156
11450   3156
11460   3156
11470   3156
11480   3156
11490   3156
11500   3156
11510   3156
11520   3156
11530   3156
11540   3156
11550   3156
11560   3156
11570   3156
11580   3156
11590   3156
11600   3156
11610   3156
11620   3156
11630   3156
11640   3156
11650   3156
11660   3156
11670   3156
11680   3156
11690   3156
11700   3156
11710   3156
11720   3156
11730   3156
11740   3156
11750   3156
11760   3156
11770   3156
11780   3156
11790   3156
11800   3156
11810   3156
11820   3156
11830   3156
11840   3156
11850   3156
11860   3156
11870   3156
11880   3156
11890   3156
11900   3156
11910   3156
11920   3156
11930   3156
11940   3156
11950   3156
11960   3156
11970   3156
11980   3156
11990   3156
12000   3156
12010   3156
12020   3156
12030   3156
12040   3156
12050   3156
12060   3156
12070   3156
12080   3156
12090   3156
12100   3156
12110   3156
12120   3156
12130   3156
12140   3156
12150   3156
12160   3156
12170   3156
12180   3156
12190   3156
12200   3156
12210   3156
12220   3156
12230   3156
12240   3156
12250   3156
12260   3156
12270   3156
12280   3156
12290   3156
12300   3156
12310   3156
12320   3156
12330   3156
12340   3156
12350   3156
12360   3156
12370   3156
12380   3156
12390   3156
12400   3156
12410   3156
12420   3156
12430   3156
12440   3156
12450   3156
12460   3156
12470   3156
12480   3156
12490   3156
12500   3156
12510   3156
12520   3156
12530   3156
12540   3156
12550   3156
12560   3156
12570   3156
12580   3156
12590   3156
12600   3156
12610   3156
12620   3156
12630   3156
12640   3156
12650   3156
12660   3156
12670   3156
12680   3156
12690   3156
12700   3156
12710   3156
12720   3156
12730   3156
12740   3156
12750   3156
12760   3156
12770   3156
12780   3156
12790   3156
12800   3156
12810   3156
12820   3156
12830   3156
12840   3156
12850   3156
12860   3156
12870   3156
12880   3156
12890   3156
12900   3156
12910   3156
12920   3156
12930   3156
12940   3156
12950   3156
12960   3156
12970   3156
12980   3156
12990   3156
13000   3156
13010   3156
13020   3156
13030   3156
13040   3156
13050   3156
13060   3156
13070   3156
13080   3156
13090   3156
13100   3156
13110   3156
13120   3156
13130   3156
13140   3156
13150   3156
13160   3156
13170   3156
13180   3156
13190   3156
13200   3156
13210   3156
