10   3207
20   3201
30   3100
40   3038
50   2849
60   2849
70   2849
80   2666
90   2666
100   2666
110   2666
120   2666
130   2666
140   2666
150   2666
160   2666
170   2666
180   2609
190   2609
200   2609
210   2609
220   2609
230   2609
240   2609
250   2609
260   2609
270   2609
280   2609
290   2609
300   2609
310   2609
320   2609
330   2609
340   2609
350   2609
360   2609
370   2609
380   2609
390   2609
400   2609
410   2609
420   2609
430   2609
440   2609
450   2609
460   2609
470   2609
480   2609
490   2609
500   2609
510   2609
520   2609
530   2609
540   2609
550   2609
560   2609
570   2609
580   2609
590   2609
600   2609
610   2609
620   2609
630   2609
640   2609
650   2609
660   2609
670   2609
680   2609
690   2609
700   2609
710   2609
720   2609
730   2609
740   2609
750   2609
760   2609
770   2609
780   2609
790   2609
800   2609
810   2609
820   2609
830   2609
840   2609
850   2609
860   2609
870   2609
880   2609
890   2609
900   2609
910   2609
920   2609
930   2609
940   2609
950   2609
960   2609
970   2609
980   2609
990   2609
1000   2609
1010   2609
1020   2609
1030   2609
1040   2609
1050   2609
1060   2609
1070   2609
1080   2609
1090   2609
1100   2609
1110   2609
1120   2609
1130   2609
1140   2609
1150   2609
1160   2609
1170   2609
1180   2609
1190   2609
1200   2609
1210   2609
1220   2609
1230   2609
1240   2609
1250   2609
1260   2609
1270   2609
1280   2609
1290   2609
1300   2609
1310   2609
1320   2609
1330   2609
1340   2609
1350   2609
1360   2609
1370   2609
1380   2609
1390   2609
1400   2609
1410   2609
1420   2609
1430   2609
1440   2609
1450   2609
1460   2609
1470   2609
1480   2609
1490   2609
1500   2609
1510   2609
1520   2609
1530   2609
1540   2609
1550   2609
1560   2609
1570   2609
1580   2609
1590   2609
1600   2609
1610   2609
1620   2609
1630   2609
1640   2609
1650   2609
1660   2609
1670   2609
1680   2609
1690   2609
1700   2609
1710   2609
1720   2609
1730   2609
1740   2609
1750   2609
1760   2609
1770   2609
1780   2609
1790   2609
1800   2609
1810   2609
1820   2609
1830   2609
1840   2609
1850   2609
1860   2609
1870   2609
1880   2609
1890   2609
1900   2609
1910   2609
1920   2609
1930   2609
1940   2609
1950   2609
1960   2609
1970   2609
1980   2609
1990   2609
2000   2609
2010   2609
2020   2609
2030   2609
2040   2609
2050   2609
2060   2557
2070   2557
2080   2557
2090   2557
2100   2557
2110   2557
2120   2557
2130   2557
2140   2557
2150   2557
2160   2557
2170   2557
2180   2557
2190   2557
2200   2557
2210   2557
2220   2557
2230   2557
2240   2557
2250   2557
2260   2557
2270   2557
2280   2557
2290   2557
2300   2557
2310   2557
2320   2557
2330   2557
2340   2557
2350   2557
2360   2557
2370   2557
2380   2557
2390   2557
2400   2557
2410   2557
2420   2557
2430   2557
2440   2557
2450   2557
2460   2557
2470   2557
2480   2557
2490   2557
2500   2557
2510   2557
2520   2557
2530   2557
2540   2557
2550   2557
2560   2557
2570   2557
2580   2557
2590   2557
2600   2557
2610   2557
2620   2557
2630   2557
2640   2557
2650   2557
2660   2557
2670   2557
2680   2557
2690   2557
2700   2458
2710   2458
2720   2458
2730   2458
2740   2419
2750   2419
2760   2419
2770   2419
2780   2419
2790   2419
2800   2419
2810   2419
2820   2419
2830   2419
2840   2419
2850   2419
2860   2419
2870   2419
2880   2419
2890   2419
2900   2419
2910   2419
2920   2419
2930   2419
2940   2419
2950   2419
2960   2419
2970   2419
2980   2419
2990   2419
3000   2419
3010   2419
3020   2419
3030   2419
3040   2419
3050   2419
3060   2419
3070   2419
3080   2419
3090   2419
3100   2419
3110   2419
3120   2419
3130   2419
3140   2419
3150   2419
3160   2419
3170   2419
3180   2419
3190   2419
3200   2419
3210   2419
3220   2419
3230   2419
3240   2419
3250   2419
3260   2419
3270   2419
3280   2419
3290   2419
3300   2419
3310   2419
3320   2419
3330   2419
3340   2419
3350   2419
3360   2419
3370   2419
3380   2419
3390   2419
3400   2419
3410   2419
3420   2419
3430   2419
3440   2419
3450   2419
3460   2419
3470   2419
3480   2419
3490   2419
3500   2419
3510   2419
3520   2419
3530   2419
3540   2419
3550   2419
3560   2419
3570   2419
3580   2419
3590   2419
3600   2419
3610   2419
3620   2419
3630   2419
3640   2419
3650   2419
3660   2419
3670   2419
3680   2419
3690   2419
3700   2419
3710   2419
3720   2419
3730   2419
3740   2419
3750   2419
3760   2419
3770   2419
3780   2419
3790   2419
3800   2419
3810   2419
3820   2419
3830   2419
3840   2419
3850   2419
3860   2419
3870   2419
3880   2419
3890   2419
3900   2419
3910   2419
3920   2419
3930   2419
3940   2419
3950   2419
3960   2419
3970   2419
3980   2419
3990   2419
4000   2419
4010   2419
4020   2419
4030   2419
4040   2419
4050   2419
4060   2419
4070   2419
4080   2419
4090   2419
4100   2419
4110   2419
4120   2419
4130   2419
4140   2419
4150   2419
4160   2419
4170   2419
4180   2419
4190   2419
4200   2419
4210   2419
4220   2419
4230   2419
4240   2419
4250   2419
4260   2419
4270   2419
4280   2419
4290   2419
4300   2419
4310   2419
4320   2419
4330   2419
4340   2419
4350   2419
4360   2419
4370   2419
4380   2419
4390   2419
4400   2419
4410   2419
4420   2419
4430   2419
4440   2419
4450   2419
4460   2419
4470   2419
4480   2419
4490   2419
4500   2419
4510   2419
4520   2419
4530   2419
4540   2419
4550   2419
4560   2419
4570   2419
4580   2419
4590   2419
4600   2419
4610   2419
4620   2419
4630   2419
4640   2419
4650   2419
4660   2419
4670   2419
4680   2419
4690   2419
4700   2419
4710   2419
4720   2419
4730   2419
4740   2419
4750   2419
4760   2419
4770   2419
4780   2419
4790   2419
4800   2419
4810   2419
4820   2419
4830   2419
4840   2419
4850   2419
4860   2419
4870   2419
4880   2419
4890   2419
4900   2419
4910   2419
4920   2419
4930   2419
4940   2419
4950   2419
4960   2419
4970   2419
4980   2419
4990   2419
5000   2419
5010   2419
5020   2419
5030   2419
5040   2419
5050   2419
5060   2419
5070   2419
5080   2419
5090   2419
5100   2419
5110   2419
5120   2419
5130   2419
5140   2419
5150   2419
5160   2419
5170   2419
5180   2419
5190   2419
5200   2419
5210   2419
5220   2419
5230   2419
5240   2419
5250   2419
5260   2419
5270   2419
5280   2419
5290   2419
5300   2419
5310   2419
5320   2419
5330   2419
5340   2419
5350   2419
5360   2419
5370   2419
5380   2419
5390   2419
5400   2419
5410   2419
5420   2419
5430   2419
5440   2419
5450   2419
5460   2419
5470   2419
5480   2419
5490   2419
5500   2419
5510   2419
5520   2419
5530   2419
5540   2419
5550   2419
5560   2419
5570   2419
5580   2419
5590   2419
5600   2419
5610   2419
5620   2419
5630   2419
5640   2419
5650   2419
5660   2419
5670   2419
5680   2419
5690   2419
5700   2419
5710   2419
5720   2419
5730   2419
5740   2419
5750   2419
5760   2419
5770   2419
5780   2419
5790   2419
5800   2419
5810   2419
5820   2419
5830   2419
5840   2419
5850   2419
5860   2419
5870   2419
5880   2419
5890   2419
5900   2419
5910   2419
5920   2419
5930   2419
5940   2419
5950   2419
5960   2419
5970   2419
5980   2419
5990   2419
6000   2419
6010   2419
6020   2419
6030   2419
6040   2419
6050   2419
6060   2419
6070   2419
6080   2419
6090   2419
6100   2419
6110   2419
6120   2419
6130   2419
6140   2419
6150   2419
6160   2419
6170   2419
6180   2419
6190   2419
6200   2419
6210   2419
6220   2419
6230   2419
6240   2419
6250   2419
6260   2419
6270   2419
6280   2419
6290   2419
6300   2419
6310   2419
6320   2419
6330   2419
6340   2419
6350   2419
6360   2419
6370   2419
6380   2419
6390   2419
6400   2419
6410   2419
6420   2419
6430   2419
6440   2419
6450   2419
6460   2419
6470   2419
6480   2419
6490   2419
6500   2419
6510   2419
6520   2419
6530   2419
6540   2419
6550   2419
6560   2419
6570   2419
6580   2419
6590   2419
6600   2419
6610   2419
6620   2419
6630   2419
6640   2419
6650   2419
6660   2419
6670   2419
6680   2419
6690   2419
6700   2419
6710   2419
6720   2419
6730   2419
6740   2419
6750   2419
6760   2419
6770   2419
6780   2419
6790   2419
6800   2419
6810   2419
6820   2419
6830   2419
6840   2419
6850   2419
6860   2419
6870   2419
6880   2419
6890   2419
6900   2419
6910   2419
6920   2419
6930   2419
6940   2419
6950   2419
6960   2419
6970   2419
6980   2419
6990   2419
7000   2419
7010   2419
7020   2419
7030   2419
7040   2419
7050   2419
7060   2419
7070   2419
7080   2419
7090   2419
7100   2419
7110   2419
7120   2419
7130   2419
7140   2419
7150   2419
7160   2419
7170   2419
7180   2419
7190   2419
7200   2419
7210   2419
7220   2419
7230   2419
7240   2419
7250   2419
7260   2419
7270   2419
7280   2419
7290   2419
7300   2419
7310   2419
7320   2419
7330   2419
7340   2419
7350   2419
7360   2419
7370   2419
7380   2419
7390   2419
7400   2419
7410   2419
7420   2419
7430   2419
7440   2419
7450   2419
7460   2419
7470   2419
7480   2419
7490   2419
7500   2419
7510   2419
7520   2419
7530   2419
7540   2419
7550   2419
7560   2419
7570   2419
7580   2419
7590   2419
7600   2419
7610   2419
7620   2419
7630   2419
7640   2419
7650   2419
7660   2419
7670   2419
7680   2419
7690   2419
7700   2419
7710   2419
7720   2419
7730   2419
7740   2419
7750   2419
7760   2419
7770   2419
7780   2419
7790   2419
7800   2419
7810   2419
7820   2419
7830   2419
7840   2419
7850   2419
7860   2419
7870   2419
7880   2419
7890   2419
7900   2419
7910   2419
7920   2419
7930   2419
7940   2419
7950   2419
7960   2419
7970   2419
7980   2419
7990   2419
8000   2419
8010   2419
8020   2419
8030   2419
8040   2419
8050   2419
8060   2419
8070   2419
8080   2419
8090   2419
8100   2419
8110   2419
8120   2419
8130   2419
8140   2419
8150   2419
8160   2419
8170   2419
8180   2419
8190   2419
8200   2419
8210   2419
8220   2419
8230   2419
8240   2419
8250   2419
8260   2419
8270   2419
8280   2419
8290   2419
8300   2419
8310   2419
8320   2419
8330   2419
8340   2419
8350   2419
8360   2419
8370   2419
8380   2419
8390   2419
8400   2419
8410   2419
8420   2419
8430   2419
8440   2419
8450   2419
8460   2419
8470   2419
8480   2419
8490   2419
8500   2419
8510   2419
8520   2419
8530   2419
8540   2419
8550   2419
8560   2419
8570   2419
8580   2419
8590   2419
8600   2419
8610   2419
8620   2419
8630   2419
8640   2419
8650   2419
8660   2419
8670   2419
8680   2419
8690   2419
8700   2419
8710   2419
8720   2419
8730   2419
8740   2419
8750   2419
8760   2419
8770   2419
8780   2419
8790   2419
8800   2419
8810   2419
8820   2419
8830   2419
8840   2419
8850   2419
8860   2419
8870   2419
8880   2419
8890   2419
8900   2419
8910   2419
8920   2419
8930   2419
8940   2419
8950   2419
8960   2419
8970   2419
8980   2419
8990   2419
9000   2419
9010   2419
9020   2419
9030   2419
9040   2419
9050   2419
9060   2419
9070   2419
9080   2419
9090   2419
9100   2419
9110   2419
9120   2419
9130   2419
9140   2419
9150   2419
9160   2419
9170   2419
9180   2419
9190   2419
9200   2419
9210   2419
9220   2419
9230   2419
9240   2419
9250   2419
9260   2419
9270   2419
9280   2419
9290   2419
9300   2419
9310   2419
9320   2419
9330   2419
9340   2419
9350   2419
9360   2419
9370   2419
9380   2419
9390   2419
9400   2419
9410   2419
9420   2419
9430   2419
9440   2419
9450   2226
9460   2226
9470   2226
9480   2226
9490   2226
9500   2226
9510   2226
9520   2226
9530   2226
9540   2226
9550   2226
9560   2226
9570   2226
9580   2226
9590   2226
9600   2226
9610   2226
9620   2226
9630   2226
9640   2226
9650   2226
9660   2226
9670   2226
9680   2226
9690   2226
9700   2226
9710   2226
9720   2226
9730   2226
9740   2226
9750   2226
9760   2226
9770   2226
9780   2226
9790   2226
9800   2226
9810   2226
9820   2226
9830   2226
9840   2226
9850   2226
9860   2226
9870   2226
9880   2226
9890   2226
9900   2226
9910   2226
9920   2226
9930   2226
9940   2226
9950   2226
9960   2226
9970   2226
9980   2226
9990   2226
10000   2226
10010   2226
10020   2226
10030   2226
10040   2226
10050   2226
10060   2226
10070   2226
10080   2226
