10   3685
20   3465
30   3465
40   3232
50   3232
60   3232
70   3232
80   3232
90   3232
100   3232
110   3232
120   3232
130   3232
140   3232
150   3232
160   3232
170   3232
180   3232
190   3232
200   3232
210   3202
220   3202
230   3202
240   3202
250   3202
260   3202
270   3200
280   3200
290   3200
300   3200
310   3200
320   3200
330   3200
340   3200
350   3200
360   3200
370   3200
380   3200
390   3200
400   3200
410   3200
420   3200
430   3200
440   3200
450   3200
460   3200
470   3200
480   3200
490   3200
500   3200
510   3200
520   3200
530   3200
540   3200
550   3200
560   3200
570   3200
580   3200
590   3200
600   3200
610   3200
620   3200
630   3200
640   3200
650   3200
660   3200
670   3200
680   3200
690   3200
700   3200
710   3200
720   3200
730   3200
740   3200
750   3200
760   3200
770   3200
780   3200
790   3200
800   3200
810   3200
820   3200
830   3200
840   3200
850   3200
860   3200
870   3200
880   3200
890   3200
900   3200
910   3200
920   3200
930   3200
940   3200
950   3200
960   3200
970   3200
980   3200
990   3200
1000   3200
1010   3200
1020   3200
1030   3200
1040   3200
1050   3200
1060   3200
1070   3200
1080   3200
1090   3200
1100   3200
1110   3200
1120   3200
1130   3200
1140   3200
1150   3200
1160   3200
1170   3200
1180   3200
1190   3200
1200   3200
1210   3200
1220   3200
1230   3200
1240   3200
1250   3200
1260   3200
1270   3200
1280   3200
1290   3200
1300   3200
1310   3200
1320   3200
1330   3200
1340   3200
1350   3200
1360   3200
1370   3200
1380   3200
1390   3200
1400   3200
1410   3200
1420   3200
1430   3200
1440   3200
1450   3200
1460   3200
1470   3200
1480   3200
1490   3200
1500   3200
1510   3200
1520   3200
1530   3200
1540   3200
1550   3200
1560   3200
1570   3200
1580   3200
1590   3200
1600   3200
1610   3200
1620   3200
1630   3200
1640   3200
1650   3200
1660   3200
1670   3200
1680   3200
1690   3200
1700   3200
1710   3200
1720   3200
1730   3200
1740   3200
1750   3200
1760   3200
1770   3200
1780   3200
1790   3200
1800   3200
1810   3200
1820   3200
1830   3200
1840   3200
1850   3200
1860   3200
1870   3200
1880   3200
1890   3200
1900   3200
1910   3200
1920   3168
1930   3168
1940   3168
1950   3168
1960   3168
1970   3168
1980   3168
1990   3168
2000   3168
2010   3168
2020   3168
2030   3168
2040   3168
2050   3168
2060   3168
2070   3168
2080   3168
2090   3168
2100   3168
2110   3168
2120   3168
2130   3168
2140   3168
2150   3168
2160   3168
2170   3168
2180   3168
2190   3168
2200   3168
2210   3168
2220   3168
2230   3168
2240   3168
2250   3168
2260   3168
2270   3168
2280   3168
2290   3168
2300   3168
2310   3168
2320   3168
2330   3168
2340   3168
2350   3168
2360   3168
2370   3168
2380   3168
2390   3168
2400   3168
2410   3168
2420   3168
2430   3168
2440   3168
2450   3168
2460   3168
2470   3168
2480   3168
2490   3168
2500   3168
2510   3168
2520   3168
2530   3168
2540   3168
2550   3168
2560   3168
2570   3168
2580   3168
2590   3168
2600   3168
2610   3168
2620   3050
2630   3050
2640   3050
2650   3050
2660   3050
2670   3050
2680   3050
2690   3050
2700   3050
2710   3050
2720   3050
2730   3050
2740   3050
2750   3050
2760   3050
2770   3050
2780   3050
2790   3050
2800   3050
2810   3050
2820   3050
2830   3050
2840   3050
2850   3050
2860   3050
2870   3050
2880   3050
2890   3050
2900   3050
2910   3050
2920   3050
2930   3050
2940   3050
2950   3050
2960   3050
2970   3050
2980   3050
2990   3050
3000   3050
3010   2948
3020   2948
3030   2948
3040   2948
3050   2948
3060   2948
3070   2948
3080   2948
3090   2948
3100   2948
3110   2948
3120   2948
3130   2948
3140   2948
3150   2948
3160   2948
3170   2948
3180   2948
3190   2948
3200   2948
3210   2948
3220   2948
3230   2948
3240   2948
3250   2948
3260   2948
3270   2948
3280   2948
3290   2948
3300   2948
3310   2948
3320   2948
3330   2948
3340   2948
3350   2948
3360   2948
3370   2948
3380   2948
3390   2948
3400   2948
3410   2948
3420   2948
3430   2948
3440   2948
3450   2948
3460   2948
3470   2948
3480   2948
3490   2948
3500   2948
3510   2948
3520   2948
3530   2948
3540   2948
3550   2948
3560   2948
3570   2948
3580   2948
3590   2948
3600   2948
3610   2948
3620   2948
3630   2948
3640   2948
3650   2948
3660   2948
3670   2948
3680   2948
3690   2948
3700   2948
3710   2948
3720   2948
3730   2948
3740   2948
3750   2948
3760   2948
3770   2948
3780   2948
3790   2948
3800   2948
3810   2948
3820   2948
3830   2948
3840   2948
3850   2948
3860   2948
3870   2948
3880   2948
3890   2948
3900   2948
3910   2948
3920   2948
3930   2948
3940   2948
3950   2948
3960   2948
3970   2948
3980   2948
3990   2948
4000   2948
4010   2948
4020   2948
4030   2948
4040   2948
4050   2948
4060   2948
4070   2948
4080   2948
4090   2948
4100   2948
4110   2948
4120   2948
4130   2948
4140   2948
4150   2948
4160   2948
4170   2948
4180   2948
4190   2948
4200   2948
4210   2948
4220   2948
4230   2948
4240   2948
4250   2948
4260   2948
4270   2948
4280   2948
4290   2948
4300   2948
4310   2948
4320   2948
4330   2948
4340   2948
4350   2948
4360   2948
4370   2948
4380   2948
4390   2948
4400   2948
4410   2948
4420   2948
4430   2948
4440   2948
4450   2948
4460   2948
4470   2948
4480   2948
4490   2948
4500   2948
4510   2948
4520   2948
4530   2948
4540   2948
4550   2948
4560   2948
4570   2948
4580   2948
4590   2948
4600   2948
4610   2948
4620   2948
4630   2948
4640   2948
4650   2948
4660   2948
4670   2948
4680   2948
4690   2948
4700   2948
4710   2948
4720   2948
4730   2948
4740   2948
4750   2948
4760   2948
4770   2948
4780   2948
4790   2948
4800   2948
4810   2948
4820   2948
4830   2948
4840   2948
4850   2948
4860   2948
4870   2948
4880   2948
4890   2948
4900   2948
4910   2948
4920   2948
4930   2948
4940   2948
4950   2948
4960   2948
4970   2948
4980   2948
4990   2948
5000   2948
5010   2948
5020   2948
5030   2948
5040   2948
5050   2948
5060   2948
5070   2948
5080   2948
5090   2948
5100   2948
5110   2948
5120   2948
5130   2948
5140   2948
5150   2948
5160   2948
5170   2948
5180   2948
5190   2948
5200   2948
5210   2948
5220   2948
5230   2948
5240   2948
5250   2948
5260   2948
5270   2948
5280   2948
5290   2948
5300   2948
5310   2948
5320   2948
5330   2948
5340   2948
5350   2948
5360   2948
5370   2948
5380   2948
5390   2948
5400   2948
5410   2948
5420   2948
5430   2948
5440   2948
5450   2948
5460   2948
5470   2948
5480   2948
5490   2948
5500   2948
5510   2948
5520   2948
5530   2948
5540   2948
5550   2948
5560   2948
5570   2948
5580   2948
5590   2948
5600   2948
5610   2948
5620   2948
5630   2948
5640   2948
5650   2948
5660   2948
5670   2948
5680   2948
5690   2948
5700   2948
5710   2948
5720   2948
5730   2948
5740   2948
5750   2948
5760   2948
5770   2948
5780   2948
5790   2948
5800   2948
5810   2948
5820   2948
5830   2948
5840   2948
5850   2948
5860   2948
5870   2948
5880   2948
5890   2948
5900   2948
5910   2948
5920   2948
5930   2948
5940   2948
5950   2948
5960   2948
5970   2948
5980   2948
5990   2948
6000   2948
6010   2948
6020   2948
6030   2948
6040   2948
6050   2948
6060   2948
6070   2948
6080   2948
6090   2948
6100   2948
6110   2948
6120   2948
6130   2948
6140   2948
6150   2948
6160   2948
6170   2948
6180   2948
6190   2948
6200   2948
6210   2948
6220   2948
6230   2948
6240   2948
6250   2948
6260   2948
6270   2948
6280   2948
6290   2948
6300   2948
6310   2948
6320   2948
6330   2948
6340   2948
6350   2948
6360   2948
6370   2948
6380   2948
6390   2948
6400   2948
6410   2948
6420   2948
6430   2948
6440   2948
6450   2948
6460   2948
6470   2948
6480   2948
6490   2948
6500   2948
6510   2948
6520   2948
6530   2948
6540   2948
6550   2948
6560   2948
6570   2948
6580   2948
6590   2948
6600   2948
6610   2948
6620   2948
6630   2948
6640   2948
6650   2948
6660   2948
6670   2948
6680   2948
6690   2948
6700   2948
6710   2948
6720   2948
6730   2948
6740   2948
6750   2948
6760   2948
6770   2948
6780   2948
6790   2948
6800   2948
6810   2948
6820   2948
6830   2948
6840   2948
6850   2948
6860   2948
6870   2948
6880   2948
6890   2948
6900   2948
6910   2948
6920   2948
6930   2948
6940   2948
6950   2948
6960   2948
6970   2948
6980   2948
6990   2948
7000   2948
7010   2948
7020   2948
7030   2948
7040   2948
7050   2948
7060   2948
7070   2948
7080   2948
7090   2948
7100   2948
7110   2948
7120   2948
7130   2948
7140   2948
7150   2948
7160   2948
7170   2948
7180   2948
7190   2948
7200   2948
7210   2948
7220   2948
7230   2948
7240   2948
7250   2948
7260   2948
7270   2948
7280   2948
7290   2948
7300   2948
7310   2948
7320   2948
7330   2948
7340   2948
7350   2948
7360   2948
7370   2948
7380   2948
7390   2948
7400   2948
7410   2948
7420   2948
7430   2948
7440   2948
7450   2948
7460   2948
7470   2948
7480   2948
7490   2948
7500   2948
7510   2948
7520   2948
7530   2948
7540   2948
7550   2948
7560   2948
7570   2948
7580   2948
7590   2948
7600   2948
7610   2948
7620   2948
7630   2948
7640   2948
7650   2948
7660   2948
7670   2948
7680   2948
7690   2948
7700   2948
7710   2948
7720   2948
7730   2948
7740   2948
7750   2948
7760   2948
7770   2948
7780   2948
7790   2948
7800   2948
7810   2948
7820   2948
7830   2948
7840   2948
7850   2948
7860   2948
7870   2948
7880   2948
7890   2948
7900   2948
7910   2948
7920   2948
7930   2948
7940   2948
7950   2948
7960   2948
7970   2948
7980   2948
7990   2948
8000   2948
8010   2948
8020   2948
8030   2948
8040   2948
8050   2948
8060   2948
8070   2948
8080   2948
8090   2948
8100   2948
8110   2948
8120   2948
8130   2948
8140   2948
8150   2948
8160   2948
8170   2948
8180   2948
8190   2948
8200   2948
8210   2948
8220   2948
8230   2948
8240   2948
8250   2948
8260   2948
8270   2948
8280   2948
8290   2948
8300   2948
8310   2948
8320   2948
8330   2948
8340   2948
8350   2948
8360   2948
8370   2948
8380   2948
8390   2948
8400   2948
8410   2948
8420   2948
8430   2948
8440   2948
8450   2948
8460   2948
8470   2948
8480   2948
8490   2948
8500   2948
8510   2948
8520   2948
8530   2948
8540   2948
8550   2948
8560   2948
8570   2948
8580   2948
8590   2948
8600   2948
8610   2948
8620   2948
8630   2948
8640   2948
8650   2948
8660   2948
8670   2948
8680   2948
8690   2948
8700   2948
8710   2948
8720   2948
8730   2948
8740   2948
8750   2948
8760   2948
8770   2948
8780   2948
8790   2948
8800   2948
8810   2948
8820   2948
8830   2948
8840   2948
8850   2948
8860   2948
8870   2948
8880   2948
8890   2948
8900   2948
8910   2948
8920   2948
8930   2948
8940   2948
8950   2948
8960   2948
8970   2948
8980   2948
8990   2948
9000   2948
9010   2948
9020   2948
9030   2948
9040   2948
9050   2948
9060   2948
9070   2948
9080   2948
9090   2948
9100   2948
9110   2948
9120   2948
9130   2948
9140   2948
9150   2948
9160   2948
9170   2948
9180   2948
9190   2948
9200   2948
9210   2948
9220   2948
9230   2948
9240   2948
9250   2948
9260   2948
9270   2948
9280   2948
9290   2948
9300   2948
9310   2948
9320   2948
9330   2948
9340   2948
9350   2948
9360   2948
9370   2948
9380   2948
9390   2948
9400   2948
9410   2948
9420   2948
9430   2948
9440   2948
9450   2948
9460   2948
9470   2948
9480   2948
9490   2948
9500   2948
9510   2948
9520   2948
9530   2948
9540   2948
9550   2948
9560   2948
9570   2948
9580   2948
9590   2948
9600   2948
9610   2948
9620   2948
9630   2948
9640   2948
9650   2948
9660   2948
9670   2948
9680   2948
9690   2948
9700   2948
9710   2948
9720   2948
9730   2948
9740   2948
9750   2948
9760   2948
9770   2948
9780   2948
9790   2948
9800   2948
9810   2948
9820   2948
9830   2948
9840   2948
9850   2948
9860   2948
9870   2948
9880   2948
9890   2948
9900   2948
9910   2948
9920   2948
9930   2948
9940   2948
9950   2948
9960   2948
9970   2948
9980   2948
9990   2948
10000   2948
10010   2948
10020   2948
10030   2948
10040   2948
10050   2948
10060   2948
10070   2948
10080   2948
10090   2948
10100   2948
10110   2948
10120   2948
10130   2948
10140   2948
10150   2948
10160   2948
10170   2948
10180   2948
10190   2948
10200   2948
10210   2948
10220   2948
10230   2948
10240   2948
10250   2948
10260   2948
10270   2948
10280   2948
10290   2948
10300   2948
10310   2948
10320   2948
10330   2948
10340   2948
10350   2948
10360   2948
10370   2948
10380   2948
10390   2948
10400   2948
10410   2948
10420   2948
10430   2948
10440   2948
10450   2948
10460   2948
10470   2948
10480   2948
10490   2948
10500   2948
10510   2948
10520   2948
10530   2948
10540   2948
10550   2948
10560   2948
10570   2948
10580   2948
10590   2948
10600   2948
10610   2948
10620   2948
10630   2948
10640   2948
10650   2948
10660   2948
10670   2948
10680   2948
10690   2948
10700   2948
10710   2948
10720   2948
10730   2948
10740   2948
10750   2948
10760   2948
10770   2948
10780   2948
10790   2948
10800   2948
10810   2948
10820   2948
10830   2948
10840   2948
10850   2948
10860   2948
10870   2948
10880   2948
10890   2948
10900   2948
10910   2948
10920   2948
10930   2948
10940   2948
10950   2948
10960   2948
10970   2948
10980   2948
10990   2948
11000   2948
11010   2948
11020   2948
11030   2948
11040   2948
11050   2948
11060   2948
11070   2948
11080   2948
11090   2948
11100   2948
11110   2948
11120   2948
11130   2948
11140   2948
11150   2948
11160   2948
11170   2948
11180   2948
11190   2948
11200   2948
11210   2948
11220   2948
11230   2948
11240   2948
11250   2948
11260   2948
11270   2948
11280   2948
