10   2779
20   2763
30   2763
40   2763
50   2763
60   2763
70   2446
80   2446
90   2446
100   2446
110   2446
120   2446
130   2446
140   2446
150   2446
160   2446
170   2446
180   2446
190   2446
200   2446
210   2446
220   2446
230   2446
240   2446
250   2446
260   2446
270   2446
280   2446
290   2446
300   2446
310   2446
320   2446
330   2446
340   2446
350   2446
360   2446
370   2446
380   2446
390   2446
400   2446
410   2446
420   2446
430   2446
440   2446
450   2446
460   2446
470   2446
480   2446
490   2446
500   2446
510   2446
520   2446
530   2446
540   2446
550   2446
560   2446
570   2446
580   2446
590   2431
600   2431
610   2431
620   2431
630   2431
640   2431
650   2431
660   2431
670   2431
680   2431
690   2431
700   2431
710   2431
720   2431
730   2431
740   2431
750   2431
760   2431
770   2431
780   2431
790   2431
800   2431
810   2431
820   2431
830   2431
840   2431
850   2431
860   2431
870   2431
880   2431
890   2431
900   2431
910   2431
920   2431
930   2431
940   2431
950   2431
960   2431
970   2431
980   2431
990   2431
1000   2431
1010   2431
1020   2431
1030   2431
1040   2431
1050   2431
1060   2431
1070   2431
1080   2431
1090   2431
1100   2431
1110   2431
1120   2431
1130   2431
1140   2431
1150   2431
1160   2431
1170   2431
1180   2431
1190   2431
1200   2227
1210   2227
1220   2227
1230   2227
1240   2227
1250   2227
1260   2227
1270   2227
1280   2227
1290   2227
1300   2227
1310   2227
1320   2227
1330   2227
1340   2227
1350   2227
1360   2227
1370   2227
1380   2227
1390   2227
1400   2227
1410   2227
1420   2227
1430   2227
1440   2227
1450   2227
1460   2227
1470   2227
1480   2227
1490   2227
1500   2227
1510   2227
1520   2227
1530   2227
1540   2227
1550   2227
1560   2227
1570   2227
1580   2227
1590   2227
1600   2227
1610   2227
1620   2227
1630   2227
1640   2227
1650   2227
1660   2227
1670   2227
1680   2227
1690   2227
1700   2227
1710   2227
1720   2227
1730   2227
1740   2227
1750   2227
1760   2227
1770   2227
1780   2227
1790   2227
1800   2227
1810   2227
1820   2227
1830   2227
1840   2227
1850   2227
1860   2227
1870   2227
1880   2227
1890   2227
1900   2227
1910   2227
1920   2227
1930   2227
1940   2227
1950   2227
1960   2227
1970   2227
1980   2227
1990   2227
2000   2227
2010   2227
2020   2227
2030   2227
2040   2227
2050   2227
2060   2227
2070   2227
2080   2227
2090   2227
2100   2227
2110   2227
2120   2227
2130   2227
2140   2227
2150   2227
2160   2227
2170   2227
2180   2227
2190   2227
2200   2227
2210   2227
2220   2227
2230   2227
2240   2227
2250   2227
2260   2227
2270   2227
2280   2227
2290   2227
2300   2227
2310   2227
2320   2227
2330   2227
2340   2227
2350   2227
2360   2227
2370   2227
2380   2227
2390   2227
2400   2227
2410   2227
2420   2227
2430   2227
2440   2227
2450   2227
2460   2227
2470   2227
2480   2227
2490   2227
2500   2227
2510   2227
2520   2227
2530   2227
2540   2227
2550   2227
2560   2227
2570   2227
2580   2227
2590   2227
2600   2227
2610   2227
2620   2227
2630   2227
2640   2227
2650   2227
2660   2227
2670   2227
2680   2227
2690   2227
2700   2227
2710   2227
2720   2227
2730   2227
2740   2227
2750   2227
2760   2227
2770   2227
2780   2227
2790   2227
2800   2227
2810   2227
2820   2227
2830   2227
2840   2227
2850   2227
2860   2227
2870   2227
2880   2227
2890   2227
2900   2227
2910   2227
2920   2227
2930   2227
2940   2227
2950   2227
2960   2227
2970   2227
2980   2227
2990   2227
3000   2227
3010   2227
3020   2227
3030   2227
3040   2227
3050   2227
3060   2227
3070   2227
3080   2227
3090   2227
3100   2227
3110   2227
3120   2227
3130   2227
3140   2227
3150   2227
3160   2227
3170   2227
3180   2227
3190   2227
3200   2227
3210   2227
3220   2227
3230   2227
3240   2227
3250   2227
3260   2227
3270   2227
3280   2227
3290   2227
3300   2227
3310   2227
3320   2227
3330   2227
3340   2227
3350   2227
3360   2227
3370   2227
3380   2227
3390   2227
3400   2227
3410   2227
3420   2227
3430   2227
3440   2227
3450   2227
3460   2227
3470   2227
3480   2227
3490   2227
3500   2227
3510   2227
3520   2227
3530   2227
3540   2227
3550   2227
3560   2227
3570   2227
3580   2227
3590   2227
3600   2227
3610   2227
3620   2227
3630   2227
3640   2227
3650   2227
3660   2227
3670   2227
3680   2227
3690   2227
3700   2227
3710   2227
3720   2227
3730   2227
3740   2227
3750   2227
3760   2227
3770   2227
3780   2227
3790   2227
3800   2227
3810   2227
3820   2227
3830   2227
3840   2227
3850   2227
3860   2227
3870   2227
3880   2227
3890   2227
3900   2227
3910   2227
3920   2227
3930   2227
3940   2227
3950   2227
3960   2227
3970   2227
3980   2227
3990   2227
4000   2227
4010   2227
4020   2227
4030   2227
4040   2227
4050   2227
4060   2227
4070   2227
4080   2227
4090   2227
4100   2227
4110   2227
4120   2227
4130   2227
4140   2227
4150   2227
4160   2227
4170   2227
4180   2227
4190   2227
4200   2227
4210   2227
4220   2227
4230   2227
4240   2227
4250   2227
4260   2227
4270   2227
4280   2227
4290   2227
4300   2227
4310   2227
4320   2227
4330   2227
4340   2227
4350   2227
4360   2227
4370   2227
4380   2227
4390   2227
4400   2227
4410   2227
4420   2227
4430   2227
4440   2227
4450   2227
4460   2227
4470   2227
4480   2227
4490   2227
4500   2227
4510   2227
4520   2227
4530   2227
4540   2227
4550   2227
4560   2227
4570   2227
4580   2227
4590   2227
4600   2227
4610   2096
4620   2096
4630   2096
4640   2096
4650   2096
4660   2096
4670   2096
4680   2096
4690   2096
4700   2096
4710   2096
4720   2096
4730   2096
4740   2096
4750   2096
4760   2096
4770   2096
4780   2096
4790   2096
4800   2096
4810   2096
4820   2096
4830   2096
4840   2096
4850   2096
4860   2096
4870   2096
4880   2096
4890   2096
4900   2096
4910   2096
4920   2096
4930   2096
4940   2096
4950   2096
4960   2096
4970   2096
4980   2096
4990   2096
5000   2096
5010   2096
5020   2096
5030   2096
5040   2096
5050   2096
5060   2096
5070   2096
5080   2096
5090   2096
5100   2096
5110   2096
5120   2096
5130   2096
5140   2096
5150   2096
5160   2096
5170   2096
5180   2096
5190   2096
5200   2096
5210   2096
5220   2096
5230   2096
5240   2096
5250   2096
5260   2096
5270   2096
5280   2096
5290   2096
5300   2096
5310   2096
5320   2096
5330   2096
5340   2096
5350   2096
5360   2096
5370   2096
5380   2096
5390   2096
5400   2096
5410   2096
5420   2096
5430   2096
5440   2096
5450   2096
5460   2096
5470   2096
5480   2096
5490   2096
5500   2096
5510   2096
5520   2096
5530   2096
5540   2096
5550   2096
5560   2096
5570   2096
5580   2096
5590   2096
5600   2096
5610   2096
5620   2096
5630   2096
5640   2096
5650   2096
5660   2096
5670   2096
5680   2096
5690   2096
5700   2096
5710   2096
5720   2096
5730   2096
5740   2096
5750   2096
5760   2096
5770   2096
5780   2096
5790   2096
5800   2096
5810   2096
5820   2096
5830   2096
5840   2096
5850   2096
5860   2096
5870   2096
5880   2096
5890   2096
5900   2096
5910   2096
5920   2096
5930   2096
5940   2096
5950   2096
5960   2096
5970   2096
5980   2096
5990   2096
6000   2096
6010   2096
6020   2096
6030   2096
6040   2096
6050   2096
6060   2096
6070   2096
6080   2096
6090   2096
6100   2096
6110   2096
6120   2096
6130   2096
6140   2096
6150   2096
6160   2096
6170   2096
6180   2096
6190   2096
6200   2096
6210   2096
6220   2096
6230   2096
6240   2096
6250   2096
6260   2096
6270   2096
6280   2096
6290   2096
6300   2096
6310   2096
6320   2096
6330   2096
6340   2096
6350   2096
6360   2096
6370   2096
6380   2096
6390   2096
6400   2096
6410   2096
6420   2096
6430   2096
6440   2096
6450   2096
6460   2096
6470   2096
6480   2096
6490   2096
6500   2096
6510   2096
6520   2096
6530   2096
6540   2096
6550   2096
6560   2096
6570   2096
6580   2096
6590   2096
6600   2096
6610   2096
6620   2096
6630   2096
6640   2096
6650   2096
6660   2096
6670   2096
6680   2096
6690   2096
6700   2096
6710   2096
6720   2096
6730   2096
6740   2096
6750   2096
6760   2096
6770   2096
6780   2096
6790   2096
6800   2096
6810   2096
6820   2096
6830   2096
6840   2096
6850   2096
6860   2096
6870   2096
6880   2096
6890   2096
6900   2096
6910   2096
6920   2096
6930   2096
6940   2096
6950   2096
6960   2096
6970   2096
6980   2096
6990   2096
7000   2096
7010   2096
7020   2096
7030   2096
7040   2096
7050   2096
7060   2096
7070   2096
7080   2096
7090   2096
7100   2096
7110   2096
7120   2096
7130   2096
7140   2096
7150   2096
7160   2096
7170   2096
7180   2096
7190   2096
7200   2096
7210   2096
7220   2096
7230   2096
7240   2096
7250   2096
7260   2096
7270   2096
7280   2096
7290   2096
7300   2096
7310   2096
7320   2096
7330   2096
7340   2096
7350   2096
7360   2096
7370   2096
7380   2096
7390   2096
7400   2096
7410   2096
7420   2096
7430   2096
7440   2096
7450   2096
7460   2096
7470   2096
7480   2096
7490   2096
7500   2096
7510   2096
7520   2096
7530   2096
7540   2096
7550   2096
7560   2096
7570   2096
7580   2096
7590   2096
7600   2096
7610   2096
7620   2096
7630   2096
7640   2096
7650   2096
7660   2096
7670   2096
7680   2096
7690   2096
7700   2096
7710   2096
7720   2096
7730   2096
7740   2096
7750   2096
7760   2096
7770   2096
7780   2096
7790   2096
7800   2096
7810   2096
7820   2096
7830   2096
7840   2096
7850   2096
7860   2096
7870   2096
7880   2096
7890   2096
7900   2096
7910   2096
7920   2096
7930   2096
7940   2096
7950   2096
7960   2096
7970   2096
7980   2096
7990   2096
8000   2096
8010   2096
8020   2096
8030   2096
8040   2096
8050   2096
8060   2096
8070   2096
8080   2096
8090   2096
8100   2096
8110   2096
8120   2096
8130   2096
8140   2096
8150   2096
8160   2096
8170   2096
8180   2096
8190   2096
8200   2096
8210   2096
8220   2096
8230   2096
8240   2096
8250   2096
8260   2096
8270   2096
8280   2096
8290   2096
8300   2096
8310   2096
8320   2096
8330   2096
8340   2096
8350   2096
8360   2096
8370   2096
8380   2096
8390   2096
8400   2096
8410   2096
8420   2096
8430   2096
8440   2096
8450   2096
8460   2096
8470   2096
8480   2096
8490   2096
8500   2096
8510   2096
8520   2096
8530   2096
8540   2096
8550   2096
8560   2096
8570   2096
8580   2096
8590   2096
8600   2096
8610   2096
8620   2096
8630   2096
8640   2096
8650   2096
8660   2096
8670   2096
8680   2096
8690   2096
8700   2096
8710   2096
8720   2096
8730   2096
8740   2096
8750   2096
8760   2096
8770   2096
8780   2096
8790   2096
8800   2096
8810   2096
8820   2096
8830   2096
8840   2096
8850   2096
8860   2096
8870   2096
8880   2096
8890   2096
8900   2096
8910   2096
8920   2096
8930   2096
8940   2096
8950   2096
8960   2096
8970   2096
8980   2096
8990   2096
9000   2096
9010   2096
9020   2096
9030   2096
9040   2096
9050   2096
9060   2096
9070   2096
9080   2096
9090   2096
9100   2096
9110   2096
9120   2096
9130   2096
9140   2096
9150   2096
9160   2096
9170   2096
9180   2096
9190   2096
9200   2096
9210   2096
9220   2096
9230   2096
9240   2096
9250   2096
9260   2096
9270   2096
9280   2096
9290   2096
9300   2096
9310   2096
9320   2096
9330   2096
9340   2096
9350   2096
9360   2096
9370   2096
9380   2096
9390   2096
9400   2096
9410   2096
9420   2096
9430   2096
9440   2096
9450   2096
9460   2096
9470   2096
9480   2096
9490   2096
9500   2096
9510   2096
9520   2096
9530   2096
9540   2096
9550   2096
9560   2096
9570   2096
9580   2096
9590   2096
9600   2096
9610   2096
9620   2096
9630   2096
9640   2096
9650   2096
9660   2096
9670   2096
9680   2096
9690   2096
9700   2096
9710   2096
9720   2096
9730   2096
9740   2096
9750   2096
9760   2096
9770   2096
9780   2096
9790   2096
9800   2096
9810   2096
9820   2096
9830   2096
9840   2096
9850   2096
9860   2096
9870   2096
9880   2096
9890   2096
9900   2096
9910   2096
9920   2096
9930   2096
9940   2096
9950   2096
9960   2096
9970   2096
9980   2096
9990   2096
10000   2096
10010   2096
10020   2096
10030   2096
10040   2096
10050   2096
10060   2096
10070   2096
10080   2096
10090   2096
10100   2096
10110   2096
10120   2096
10130   2096
10140   2096
10150   2096
10160   2096
10170   2096
10180   2096
10190   2096
10200   2096
10210   2096
10220   2096
10230   2096
10240   2096
10250   2096
10260   2096
10270   2096
10280   2096
10290   2096
10300   2096
10310   2096
10320   2096
10330   2096
10340   2096
10350   2096
10360   2096
10370   2096
10380   2096
10390   2096
10400   2096
10410   2096
10420   2096
10430   2096
10440   2096
10450   2096
10460   2096
10470   2096
10480   2096
10490   2096
10500   2096
10510   2096
10520   2096
10530   2096
10540   2096
10550   2096
10560   2096
10570   2096
10580   2096
10590   2096
10600   2096
10610   2096
10620   2096
10630   2096
10640   2096
10650   2096
10660   2096
10670   2096
10680   2096
10690   2096
10700   2096
10710   2096
10720   2096
10730   2096
10740   2096
10750   2096
10760   2096
10770   2096
10780   2096
10790   2096
10800   2096
10810   2096
10820   2096
10830   2096
10840   2096
10850   2096
10860   2096
10870   2096
10880   2096
10890   2096
10900   2096
10910   2096
10920   2096
10930   2096
10940   2096
10950   2096
10960   2096
10970   2096
10980   2096
10990   2096
11000   2096
11010   2096
11020   2096
11030   2096
11040   2096
11050   2096
11060   2096
11070   2096
11080   2096
11090   2096
11100   2096
11110   2096
11120   2096
11130   2096
11140   2096
11150   2096
11160   2096
11170   2096
11180   2096
11190   2096
11200   2096
11210   2096
11220   2096
11230   2096
11240   2096
11250   2096
11260   2096
11270   2096
11280   2096
11290   2096
11300   2096
11310   2096
11320   2096
11330   2096
11340   2096
11350   2096
11360   2096
11370   2096
11380   2096
11390   2096
11400   2096
11410   2096
11420   2096
11430   2096
11440   2096
11450   2096
11460   2096
11470   2096
11480   2096
11490   2096
11500   2096
11510   2096
11520   2096
11530   2096
11540   2096
11550   2096
11560   2096
11570   2096
11580   2096
11590   2096
11600   2096
11610   2096
11620   2096
11630   2096
11640   2096
11650   2096
11660   2096
11670   2096
11680   2096
11690   2096
11700   2096
11710   2096
11720   2096
11730   2096
11740   2096
11750   2096
11760   2096
11770   2096
11780   2096
11790   2096
11800   2096
11810   2096
11820   2096
11830   2096
11840   2096
11850   2096
11860   2096
11870   2096
11880   2096
11890   2096
11900   2096
11910   2096
11920   2096
11930   2096
11940   2096
11950   2096
11960   2096
11970   2096
11980   2096
11990   2096
12000   2096
12010   2096
12020   2096
12030   2096
12040   2096
12050   2096
12060   2096
12070   2096
12080   2096
12090   2096
12100   2096
12110   2096
12120   2096
12130   2096
12140   2096
12150   2096
12160   2096
12170   2096
12180   2096
