10   3410
20   3410
30   3410
40   3392
50   3352
60   3352
70   3352
80   3352
90   3269
100   3255
110   3255
120   3255
130   3255
140   3255
150   3255
160   3255
170   3255
180   3255
190   3255
200   3255
210   3255
220   3255
230   3255
240   3255
250   3255
260   3255
270   3255
280   3255
290   3255
300   3255
310   3255
320   3255
330   3255
340   3255
350   3255
360   3250
370   3122
380   3122
390   2989
400   2989
410   2989
420   2989
430   2989
440   2989
450   2989
460   2989
470   2989
480   2989
490   2989
500   2989
510   2989
520   2989
530   2989
540   2989
550   2989
560   2989
570   2989
580   2989
590   2989
600   2989
610   2989
620   2989
630   2989
640   2989
650   2989
660   2989
670   2989
680   2989
690   2989
700   2989
710   2989
720   2989
730   2989
740   2989
750   2989
760   2989
770   2989
780   2989
790   2989
800   2989
810   2989
820   2989
830   2989
840   2989
850   2989
860   2989
870   2989
880   2989
890   2989
900   2989
910   2989
920   2989
930   2989
940   2989
950   2989
960   2989
970   2989
980   2989
990   2989
1000   2989
1010   2989
1020   2989
1030   2989
1040   2989
1050   2989
1060   2989
1070   2989
1080   2989
1090   2989
1100   2989
1110   2989
1120   2989
1130   2989
1140   2989
1150   2989
1160   2989
1170   2989
1180   2989
1190   2989
1200   2989
1210   2989
1220   2989
1230   2989
1240   2989
1250   2989
1260   2989
1270   2989
1280   2989
1290   2989
1300   2989
1310   2989
1320   2989
1330   2989
1340   2989
1350   2989
1360   2989
1370   2989
1380   2989
1390   2989
1400   2989
1410   2989
1420   2989
1430   2989
1440   2989
1450   2989
1460   2989
1470   2989
1480   2989
1490   2989
1500   2989
1510   2989
1520   2989
1530   2989
1540   2989
1550   2989
1560   2989
1570   2989
1580   2989
1590   2989
1600   2989
1610   2989
1620   2989
1630   2989
1640   2989
1650   2989
1660   2989
1670   2989
1680   2989
1690   2989
1700   2989
1710   2989
1720   2989
1730   2989
1740   2989
1750   2989
1760   2989
1770   2989
1780   2989
1790   2989
1800   2989
1810   2905
1820   2905
1830   2905
1840   2905
1850   2905
1860   2905
1870   2905
1880   2905
1890   2905
1900   2905
1910   2905
1920   2905
1930   2905
1940   2905
1950   2905
1960   2905
1970   2905
1980   2905
1990   2905
2000   2905
2010   2905
2020   2905
2030   2905
2040   2905
2050   2905
2060   2905
2070   2905
2080   2905
2090   2905
2100   2905
2110   2905
2120   2905
2130   2905
2140   2905
2150   2905
2160   2905
2170   2905
2180   2905
2190   2905
2200   2905
2210   2905
2220   2905
2230   2905
2240   2905
2250   2905
2260   2905
2270   2905
2280   2905
2290   2905
2300   2905
2310   2905
2320   2905
2330   2905
2340   2905
2350   2905
2360   2905
2370   2905
2380   2905
2390   2905
2400   2905
2410   2905
2420   2905
2430   2905
2440   2905
2450   2905
2460   2905
2470   2905
2480   2905
2490   2905
2500   2905
2510   2905
2520   2905
2530   2905
2540   2905
2550   2905
2560   2905
2570   2905
2580   2905
2590   2905
2600   2905
2610   2905
2620   2905
2630   2905
2640   2905
2650   2905
2660   2905
2670   2905
2680   2905
2690   2905
2700   2905
2710   2905
2720   2905
2730   2905
2740   2905
2750   2905
2760   2905
2770   2905
2780   2905
2790   2905
2800   2905
2810   2905
2820   2905
2830   2905
2840   2905
2850   2905
2860   2905
2870   2905
2880   2905
2890   2905
2900   2905
2910   2905
2920   2905
2930   2905
2940   2905
2950   2905
2960   2905
2970   2905
2980   2905
2990   2905
3000   2905
3010   2905
3020   2905
3030   2905
3040   2905
3050   2905
3060   2905
3070   2905
3080   2905
3090   2905
3100   2905
3110   2905
3120   2905
3130   2905
3140   2905
3150   2905
3160   2905
3170   2905
3180   2905
3190   2905
3200   2905
3210   2905
3220   2905
3230   2905
3240   2905
3250   2905
3260   2905
3270   2905
3280   2905
3290   2905
3300   2905
3310   2905
3320   2905
3330   2905
3340   2905
3350   2905
3360   2905
3370   2905
3380   2905
3390   2905
3400   2905
3410   2905
3420   2905
3430   2905
3440   2905
3450   2905
3460   2905
3470   2905
3480   2905
3490   2905
3500   2905
3510   2905
3520   2905
3530   2905
3540   2905
3550   2905
3560   2905
3570   2905
3580   2905
3590   2905
3600   2905
3610   2905
3620   2905
3630   2905
3640   2905
3650   2905
3660   2905
3670   2905
3680   2905
3690   2905
3700   2905
3710   2905
3720   2905
3730   2905
3740   2905
3750   2905
3760   2905
3770   2905
3780   2905
3790   2905
3800   2905
3810   2905
3820   2905
3830   2905
3840   2905
3850   2905
3860   2905
3870   2905
3880   2905
3890   2905
3900   2905
3910   2905
3920   2905
3930   2905
3940   2905
3950   2905
3960   2905
3970   2905
3980   2905
3990   2905
4000   2905
4010   2905
4020   2905
4030   2905
4040   2905
4050   2905
4060   2905
4070   2905
4080   2905
4090   2905
4100   2905
4110   2905
4120   2905
4130   2905
4140   2905
4150   2905
4160   2905
4170   2905
4180   2905
4190   2905
4200   2905
4210   2905
4220   2905
4230   2905
4240   2905
4250   2905
4260   2905
4270   2905
4280   2905
4290   2905
4300   2905
4310   2905
4320   2905
4330   2905
4340   2905
4350   2905
4360   2905
4370   2905
4380   2905
4390   2905
4400   2905
4410   2905
4420   2905
4430   2905
4440   2905
4450   2905
4460   2905
4470   2905
4480   2905
4490   2905
4500   2905
4510   2905
4520   2905
4530   2905
4540   2905
4550   2905
4560   2905
4570   2905
4580   2905
4590   2905
4600   2905
4610   2905
4620   2905
4630   2905
4640   2905
4650   2905
4660   2905
4670   2905
4680   2905
4690   2905
4700   2905
4710   2905
4720   2905
4730   2905
4740   2905
4750   2905
4760   2905
4770   2905
4780   2905
4790   2905
4800   2905
4810   2905
4820   2905
4830   2905
4840   2905
4850   2905
4860   2905
4870   2905
4880   2905
4890   2905
4900   2905
4910   2905
4920   2905
4930   2905
4940   2905
4950   2905
4960   2905
4970   2905
4980   2905
4990   2905
5000   2905
5010   2905
5020   2905
5030   2905
5040   2905
5050   2905
5060   2905
5070   2905
5080   2905
5090   2905
5100   2905
5110   2905
5120   2905
5130   2905
5140   2905
5150   2905
5160   2905
5170   2905
5180   2905
5190   2905
5200   2905
5210   2905
5220   2905
5230   2905
5240   2905
5250   2905
5260   2905
5270   2905
5280   2905
5290   2905
5300   2905
5310   2905
5320   2905
5330   2905
5340   2905
5350   2905
5360   2905
5370   2905
5380   2905
5390   2905
5400   2905
5410   2905
5420   2905
5430   2905
5440   2905
5450   2905
5460   2905
5470   2905
5480   2905
5490   2905
5500   2905
5510   2905
5520   2905
5530   2905
5540   2905
5550   2905
5560   2905
5570   2905
5580   2905
5590   2905
5600   2905
5610   2905
5620   2905
5630   2905
5640   2905
5650   2905
5660   2905
5670   2905
5680   2905
5690   2905
5700   2905
5710   2905
5720   2905
5730   2905
5740   2905
5750   2905
5760   2905
5770   2905
5780   2905
5790   2905
5800   2905
5810   2905
5820   2905
5830   2905
5840   2905
5850   2905
5860   2905
5870   2905
5880   2905
5890   2905
5900   2905
5910   2905
5920   2905
5930   2905
5940   2905
5950   2905
5960   2905
5970   2905
5980   2905
5990   2905
6000   2905
6010   2905
6020   2905
6030   2905
6040   2905
6050   2905
6060   2905
6070   2905
6080   2905
6090   2905
6100   2905
6110   2905
6120   2905
6130   2905
6140   2905
6150   2905
6160   2905
6170   2905
6180   2905
6190   2905
6200   2905
6210   2905
6220   2905
6230   2905
6240   2905
6250   2905
6260   2905
6270   2905
6280   2905
6290   2905
6300   2905
6310   2905
6320   2905
6330   2905
6340   2905
6350   2905
6360   2905
6370   2905
6380   2905
6390   2905
6400   2905
6410   2905
6420   2905
6430   2905
6440   2905
6450   2905
6460   2905
6470   2905
6480   2905
6490   2905
6500   2905
6510   2905
6520   2905
6530   2905
6540   2905
6550   2905
6560   2905
6570   2905
6580   2905
6590   2905
6600   2905
6610   2905
6620   2905
6630   2905
6640   2905
6650   2905
6660   2905
6670   2905
6680   2905
6690   2905
6700   2905
6710   2905
6720   2905
6730   2905
6740   2905
6750   2905
6760   2905
6770   2905
6780   2905
6790   2905
6800   2905
6810   2905
6820   2905
6830   2905
6840   2905
6850   2905
6860   2905
6870   2905
6880   2905
6890   2905
6900   2905
6910   2905
6920   2905
6930   2905
6940   2905
6950   2905
6960   2905
6970   2905
6980   2905
6990   2905
7000   2905
7010   2905
7020   2905
7030   2905
7040   2905
7050   2905
7060   2905
7070   2905
7080   2905
7090   2905
7100   2905
7110   2905
7120   2905
7130   2905
7140   2905
7150   2905
7160   2905
7170   2905
7180   2905
7190   2905
7200   2905
7210   2905
7220   2905
7230   2905
7240   2905
7250   2905
7260   2905
7270   2905
7280   2905
7290   2905
7300   2905
7310   2905
7320   2905
7330   2905
7340   2905
7350   2905
7360   2905
7370   2905
7380   2905
7390   2905
7400   2905
7410   2905
7420   2905
7430   2905
7440   2905
7450   2905
7460   2905
7470   2905
7480   2905
7490   2905
7500   2905
7510   2905
7520   2905
7530   2905
7540   2905
7550   2905
7560   2905
7570   2905
7580   2905
7590   2905
7600   2905
7610   2905
7620   2905
7630   2905
7640   2905
7650   2905
7660   2905
7670   2905
7680   2905
7690   2905
7700   2905
7710   2905
7720   2905
7730   2905
7740   2905
7750   2905
7760   2905
7770   2905
7780   2905
7790   2905
7800   2905
7810   2905
7820   2905
7830   2905
7840   2905
7850   2905
7860   2905
7870   2905
7880   2905
7890   2905
7900   2905
7910   2905
7920   2905
7930   2905
7940   2905
7950   2905
7960   2905
7970   2905
7980   2905
7990   2905
8000   2905
8010   2905
8020   2905
8030   2905
8040   2905
8050   2905
8060   2905
8070   2905
8080   2905
8090   2905
8100   2905
8110   2905
8120   2905
8130   2905
8140   2905
8150   2905
8160   2905
8170   2905
8180   2905
8190   2905
8200   2905
8210   2905
8220   2905
8230   2905
8240   2905
8250   2905
8260   2905
8270   2905
8280   2905
8290   2905
8300   2905
8310   2905
8320   2905
8330   2905
8340   2905
8350   2905
8360   2905
8370   2905
8380   2905
8390   2905
8400   2905
8410   2905
8420   2905
8430   2905
8440   2905
8450   2905
8460   2905
8470   2905
8480   2905
8490   2905
8500   2905
8510   2905
8520   2905
8530   2905
8540   2905
8550   2905
8560   2905
8570   2905
8580   2905
8590   2905
8600   2905
8610   2905
8620   2905
8630   2905
8640   2905
8650   2905
8660   2905
8670   2905
8680   2905
8690   2905
8700   2905
8710   2905
8720   2905
8730   2905
8740   2905
8750   2905
8760   2905
8770   2905
8780   2905
8790   2905
8800   2905
8810   2905
8820   2905
8830   2905
8840   2905
8850   2905
8860   2905
8870   2905
8880   2905
8890   2905
8900   2905
8910   2905
8920   2905
8930   2905
8940   2905
8950   2905
8960   2905
8970   2905
8980   2905
8990   2905
9000   2905
9010   2905
9020   2905
9030   2905
9040   2905
9050   2905
9060   2905
9070   2905
9080   2905
9090   2905
9100   2905
9110   2905
9120   2905
9130   2905
9140   2905
9150   2905
9160   2905
9170   2905
9180   2905
9190   2905
9200   2905
9210   2905
9220   2905
9230   2905
9240   2905
9250   2905
9260   2905
9270   2905
9280   2905
9290   2905
9300   2905
9310   2905
9320   2905
9330   2905
9340   2905
9350   2905
9360   2905
9370   2905
9380   2905
9390   2905
9400   2905
9410   2905
9420   2905
9430   2905
9440   2905
9450   2905
9460   2905
9470   2905
9480   2905
9490   2905
9500   2905
9510   2905
9520   2905
9530   2905
9540   2905
9550   2905
9560   2905
9570   2905
9580   2905
9590   2905
9600   2905
9610   2905
9620   2905
9630   2905
9640   2905
9650   2905
9660   2905
9670   2905
9680   2905
9690   2905
9700   2905
9710   2905
9720   2905
9730   2905
9740   2905
9750   2905
9760   2905
9770   2905
9780   2905
9790   2905
9800   2905
9810   2905
9820   2905
9830   2905
9840   2905
9850   2905
9860   2905
9870   2905
9880   2905
9890   2905
9900   2905
9910   2905
9920   2905
9930   2905
9940   2905
9950   2905
9960   2905
9970   2905
9980   2905
9990   2905
10000   2905
10010   2905
10020   2905
10030   2905
10040   2905
10050   2905
10060   2905
10070   2905
10080   2905
10090   2905
10100   2905
10110   2905
10120   2905
10130   2905
10140   2905
10150   2905
10160   2905
10170   2905
10180   2905
10190   2905
10200   2905
10210   2905
10220   2905
10230   2905
10240   2905
10250   2905
10260   2905
10270   2905
10280   2905
10290   2905
10300   2905
10310   2905
10320   2905
10330   2905
10340   2905
10350   2905
10360   2905
10370   2905
10380   2905
10390   2905
10400   2905
10410   2905
10420   2905
10430   2905
10440   2905
10450   2905
10460   2905
10470   2905
10480   2905
10490   2905
10500   2905
10510   2905
10520   2905
10530   2905
10540   2905
10550   2905
10560   2905
10570   2905
10580   2905
10590   2905
10600   2905
10610   2905
10620   2905
10630   2905
10640   2905
10650   2905
10660   2905
10670   2905
10680   2905
10690   2905
10700   2905
10710   2905
10720   2905
10730   2905
10740   2905
10750   2905
10760   2905
10770   2905
10780   2905
10790   2905
10800   2905
10810   2905
10820   2905
10830   2905
10840   2905
10850   2905
10860   2905
10870   2905
10880   2905
10890   2905
10900   2905
10910   2905
10920   2905
10930   2905
10940   2905
10950   2905
10960   2905
10970   2905
10980   2905
10990   2905
11000   2905
11010   2905
11020   2905
11030   2905
11040   2905
11050   2905
11060   2905
11070   2905
11080   2905
11090   2905
11100   2905
11110   2905
11120   2905
11130   2905
11140   2905
11150   2905
11160   2905
11170   2905
11180   2905
11190   2905
11200   2905
11210   2905
11220   2905
11230   2905
11240   2905
11250   2905
11260   2905
11270   2905
11280   2905
11290   2905
11300   2905
11310   2905
11320   2905
11330   2905
11340   2905
11350   2905
11360   2905
11370   2905
11380   2905
11390   2905
11400   2905
11410   2905
11420   2905
11430   2905
11440   2905
11450   2905
11460   2905
11470   2905
11480   2905
11490   2905
11500   2905
11510   2905
11520   2905
11530   2905
11540   2905
11550   2905
11560   2905
11570   2905
11580   2905
11590   2905
11600   2905
11610   2905
11620   2905
11630   2905
11640   2905
11650   2905
11660   2905
11670   2905
11680   2905
11690   2905
11700   2905
11710   2905
11720   2905
11730   2905
11740   2905
11750   2905
11760   2905
11770   2905
11780   2905
11790   2905
11800   2905
11810   2905
11820   2905
11830   2905
11840   2905
11850   2905
11860   2905
11870   2905
11880   2905
11890   2905
11900   2905
11910   2905
11920   2905
11930   2905
11940   2905
11950   2905
11960   2905
11970   2905
11980   2905
11990   2905
12000   2905
12010   2905
12020   2905
12030   2905
12040   2905
12050   2905
12060   2905
12070   2905
12080   2905
12090   2905
12100   2905
12110   2905
12120   2905
12130   2905
12140   2905
12150   2905
12160   2905
12170   2905
12180   2905
12190   2905
12200   2905
12210   2905
12220   2905
12230   2905
12240   2905
12250   2905
12260   2905
12270   2905
12280   2905
12290   2905
12300   2905
12310   2905
12320   2905
12330   2905
12340   2905
12350   2905
12360   2905
12370   2905
12380   2905
12390   2905
12400   2905
12410   2905
12420   2905
12430   2905
12440   2905
12450   2905
12460   2905
12470   2905
12480   2905
12490   2905
12500   2905
12510   2905
12520   2905
12530   2905
12540   2905
12550   2905
12560   2905
12570   2905
12580   2905
12590   2905
12600   2905
12610   2905
12620   2905
12630   2905
12640   2905
12650   2905
12660   2905
12670   2905
12680   2905
12690   2905
12700   2905
12710   2905
12720   2905
12730   2905
12740   2905
12750   2905
12760   2905
12770   2905
12780   2905
12790   2905
12800   2905
12810   2905
12820   2905
12830   2905
12840   2905
12850   2905
12860   2905
12870   2905
12880   2905
12890   2905
12900   2905
12910   2905
12920   2905
12930   2905
12940   2905
12950   2905
12960   2905
12970   2905
12980   2905
12990   2905
13000   2905
13010   2905
13020   2905
13030   2905
13040   2905
13050   2905
13060   2905
13070   2905
13080   2905
13090   2905
13100   2905
13110   2905
13120   2905
13130   2905
13140   2905
13150   2905
13160   2905
13170   2905
13180   2905
13190   2905
13200   2905
13210   2905
13220   2905
13230   2905
13240   2905
13250   2905
13260   2905
13270   2905
13280   2905
13290   2905
13300   2905
13310   2905
13320   2905
13330   2905
13340   2905
13350   2905
13360   2905
13370   2905
13380   2905
13390   2905
13400   2905
13410   2905
13420   2905
13430   2905
13440   2905
13450   2905
13460   2905
13470   2905
13480   2905
13490   2905
13500   2905
13510   2905
13520   2905
13530   2905
13540   2905
13550   2905
13560   2905
13570   2905
13580   2905
13590   2905
13600   2905
13610   2905
13620   2905
13630   2905
13640   2905
13650   2905
13660   2905
13670   2905
13680   2905
13690   2905
13700   2905
13710   2905
13720   2905
13730   2905
13740   2905
13750   2905
13760   2905
13770   2905
13780   2905
13790   2905
13800   2905
13810   2905
13820   2905
13830   2905
13840   2905
