10   2864
20   2864
30   2864
40   2864
50   2864
60   2864
70   2864
80   2864
90   2864
100   2864
110   2864
120   2864
130   2864
140   2864
150   2864
160   2864
170   2864
180   2864
190   2864
200   2864
210   2864
220   2864
230   2864
240   2864
250   2858
260   2858
270   2858
280   2858
290   2858
300   2858
310   2858
320   2858
330   2858
340   2858
350   2858
360   2858
370   2807
380   2807
390   2807
400   2807
410   2807
420   2807
430   2807
440   2807
450   2807
460   2500
470   2500
480   2500
490   2500
500   2500
510   2500
520   2500
530   2500
540   2500
550   2500
560   2500
570   2500
580   2500
590   2500
600   2500
610   2500
620   2500
630   2500
640   2500
650   2500
660   2500
670   2500
680   2500
690   2500
700   2500
710   2500
720   2500
730   2500
740   2500
750   2500
760   2500
770   2500
780   2500
790   2500
800   2500
810   2500
820   2500
830   2500
840   2500
850   2500
860   2500
870   2500
880   2500
890   2500
900   2500
910   2500
920   2500
930   2500
940   2500
950   2500
960   2500
970   2500
980   2500
990   2500
1000   2500
1010   2500
1020   2500
1030   2500
1040   2500
1050   2500
1060   2500
1070   2500
1080   2500
1090   2500
1100   2500
1110   2500
1120   2500
1130   2500
1140   2500
1150   2500
1160   2500
1170   2500
1180   2500
1190   2500
1200   2500
1210   2500
1220   2500
1230   2500
1240   2500
1250   2500
1260   2500
1270   2500
1280   2500
1290   2500
1300   2500
1310   2500
1320   2500
1330   2500
1340   2500
1350   2500
1360   2500
1370   2500
1380   2500
1390   2500
1400   2500
1410   2500
1420   2500
1430   2500
1440   2500
1450   2500
1460   2500
1470   2500
1480   2500
1490   2500
1500   2500
1510   2500
1520   2500
1530   2500
1540   2500
1550   2500
1560   2500
1570   2500
1580   2500
1590   2500
1600   2500
1610   2500
1620   2500
1630   2500
1640   2500
1650   2500
1660   2500
1670   2500
1680   2500
1690   2500
1700   2500
1710   2500
1720   2500
1730   2500
1740   2500
1750   2500
1760   2500
1770   2500
1780   2500
1790   2500
1800   2500
1810   2500
1820   2500
1830   2500
1840   2500
1850   2500
1860   2500
1870   2500
1880   2500
1890   2500
1900   2500
1910   2500
1920   2500
1930   2500
1940   2500
1950   2500
1960   2500
1970   2500
1980   2500
1990   2500
2000   2500
2010   2500
2020   2500
2030   2500
2040   2500
2050   2500
2060   2500
2070   2500
2080   2500
2090   2500
2100   2500
2110   2500
2120   2500
2130   2500
2140   2500
2150   2500
2160   2500
2170   2500
2180   2500
2190   2500
2200   2500
2210   2500
2220   2500
2230   2500
2240   2500
2250   2500
2260   2500
2270   2500
2280   2500
2290   2500
2300   2500
2310   2500
2320   2500
2330   2500
2340   2500
2350   2500
2360   2500
2370   2500
2380   2500
2390   2500
2400   2500
2410   2500
2420   2500
2430   2500
2440   2500
2450   2500
2460   2500
2470   2500
2480   2500
2490   2500
2500   2500
2510   2500
2520   2500
2530   2500
2540   2500
2550   2500
2560   2500
2570   2500
2580   2500
2590   2500
2600   2500
2610   2500
2620   2500
2630   2500
2640   2500
2650   2500
2660   2500
2670   2500
2680   2500
2690   2500
2700   2500
2710   2500
2720   2500
2730   2500
2740   2500
2750   2500
2760   2500
2770   2500
2780   2500
2790   2500
2800   2500
2810   2500
2820   2500
2830   2500
2840   2500
2850   2500
2860   2500
2870   2500
2880   2500
2890   2500
2900   2500
2910   2500
2920   2500
2930   2500
2940   2500
2950   2500
2960   2500
2970   2500
2980   2500
2990   2500
3000   2500
3010   2500
3020   2500
3030   2500
3040   2500
3050   2500
3060   2500
3070   2500
3080   2500
3090   2500
3100   2500
3110   2500
3120   2500
3130   2500
3140   2500
3150   2500
3160   2500
3170   2500
3180   2500
3190   2500
3200   2500
3210   2500
3220   2500
3230   2500
3240   2500
3250   2500
3260   2500
3270   2500
3280   2500
3290   2500
3300   2500
3310   2500
3320   2500
3330   2500
3340   2500
3350   2500
3360   2500
3370   2500
3380   2500
3390   2500
3400   2500
3410   2500
3420   2500
3430   2500
3440   2500
3450   2500
3460   2500
3470   2500
3480   2500
3490   2500
3500   2500
3510   2500
3520   2500
3530   2500
3540   2500
3550   2500
3560   2500
3570   2500
3580   2500
3590   2500
3600   2500
3610   2500
3620   2500
3630   2500
3640   2500
3650   2500
3660   2500
3670   2500
3680   2500
3690   2500
3700   2500
3710   2500
3720   2500
3730   2500
3740   2500
3750   2500
3760   2500
3770   2500
3780   2500
3790   2500
3800   2500
3810   2500
3820   2500
3830   2500
3840   2500
3850   2500
3860   2500
3870   2500
3880   2500
3890   2500
3900   2500
3910   2500
3920   2500
3930   2500
3940   2500
3950   2500
3960   2500
3970   2500
3980   2500
3990   2500
4000   2500
4010   2500
4020   2500
4030   2500
4040   2500
4050   2500
4060   2500
4070   2500
4080   2500
4090   2500
4100   2500
4110   2500
4120   2500
4130   2500
4140   2500
4150   2500
4160   2500
4170   2500
4180   2500
4190   2500
4200   2500
4210   2500
4220   2500
4230   2500
4240   2500
4250   2500
4260   2500
4270   2500
4280   2500
4290   2500
4300   2500
4310   2500
4320   2500
4330   2500
4340   2500
4350   2500
4360   2500
4370   2500
4380   2500
4390   2500
4400   2500
4410   2500
4420   2500
4430   2500
4440   2500
4450   2500
4460   2500
4470   2500
4480   2500
4490   2500
4500   2500
4510   2500
4520   2500
4530   2500
4540   2500
4550   2500
4560   2500
4570   2500
4580   2500
4590   2500
4600   2500
4610   2500
4620   2500
4630   2500
4640   2500
4650   2500
4660   2500
4670   2500
4680   2500
4690   2500
4700   2500
4710   2500
4720   2500
4730   2500
4740   2500
4750   2500
4760   2500
4770   2500
4780   2500
4790   2500
4800   2500
4810   2500
4820   2500
4830   2500
4840   2500
4850   2500
4860   2500
4870   2500
4880   2500
4890   2500
4900   2500
4910   2500
4920   2500
4930   2500
4940   2500
4950   2500
4960   2500
4970   2500
4980   2500
4990   2500
5000   2500
5010   2500
5020   2500
5030   2500
5040   2500
5050   2500
5060   2500
5070   2500
5080   2500
5090   2500
5100   2500
5110   2500
5120   2500
5130   2500
5140   2500
5150   2500
5160   2500
5170   2500
5180   2500
5190   2500
5200   2500
5210   2500
5220   2500
5230   2500
5240   2500
5250   2500
5260   2500
5270   2500
5280   2500
5290   2500
5300   2500
5310   2500
5320   2500
5330   2500
5340   2500
5350   2500
5360   2500
5370   2500
5380   2500
5390   2500
5400   2500
5410   2500
5420   2500
5430   2500
5440   2500
5450   2500
5460   2500
5470   2500
5480   2500
5490   2500
5500   2500
5510   2500
5520   2500
5530   2500
5540   2500
5550   2500
5560   2500
5570   2500
5580   2500
5590   2500
5600   2500
5610   2500
5620   2500
5630   2500
5640   2500
5650   2500
5660   2500
5670   2500
5680   2500
5690   2500
5700   2500
5710   2500
5720   2500
5730   2500
5740   2500
5750   2500
5760   2500
5770   2500
5780   2500
5790   2500
5800   2500
5810   2500
5820   2500
5830   2500
5840   2500
5850   2500
5860   2500
5870   2500
5880   2500
5890   2500
5900   2500
5910   2500
5920   2500
5930   2500
5940   2500
5950   2500
5960   2500
5970   2500
5980   2500
5990   2500
6000   2500
6010   2500
6020   2500
6030   2500
6040   2500
6050   2500
6060   2500
6070   2500
6080   2500
6090   2500
6100   2500
6110   2500
6120   2500
6130   2500
6140   2500
6150   2500
6160   2500
6170   2500
6180   2500
6190   2500
6200   2500
6210   2500
6220   2500
6230   2500
6240   2500
6250   2500
6260   2500
6270   2500
6280   2500
6290   2500
6300   2500
6310   2500
6320   2500
6330   2500
6340   2500
6350   2500
6360   2500
6370   2500
6380   2500
6390   2500
6400   2500
6410   2500
6420   2500
6430   2500
6440   2500
6450   2500
6460   2500
6470   2500
6480   2500
6490   2500
6500   2500
6510   2500
6520   2500
6530   2500
6540   2500
6550   2500
6560   2500
6570   2500
6580   2500
6590   2500
6600   2500
6610   2500
6620   2500
6630   2500
6640   2500
6650   2500
6660   2500
6670   2500
6680   2500
6690   2500
6700   2500
6710   2500
6720   2500
6730   2500
6740   2500
6750   2500
6760   2500
6770   2500
6780   2500
6790   2500
6800   2500
6810   2500
6820   2500
6830   2500
6840   2500
6850   2500
6860   2500
6870   2500
6880   2500
6890   2500
6900   2500
6910   2500
6920   2500
6930   2500
6940   2500
6950   2500
6960   2500
6970   2500
6980   2500
6990   2500
7000   2500
7010   2500
7020   2500
7030   2500
7040   2500
7050   2500
7060   2500
7070   2500
7080   2500
7090   2500
7100   2500
7110   2500
7120   2500
7130   2500
7140   2500
7150   2500
7160   2500
7170   2500
7180   2500
7190   2500
7200   2500
7210   2500
7220   2500
7230   2500
7240   2500
7250   2500
7260   2500
7270   2500
7280   2500
7290   2500
7300   2500
7310   2500
7320   2500
7330   2500
7340   2500
7350   2500
7360   2500
7370   2500
7380   2500
7390   2500
7400   2500
7410   2500
7420   2500
7430   2500
7440   2500
7450   2500
7460   2500
7470   2500
7480   2500
7490   2500
7500   2500
7510   2500
7520   2500
7530   2500
7540   2500
7550   2500
7560   2500
7570   2500
7580   2500
7590   2500
7600   2500
7610   2500
7620   2500
7630   2500
7640   2500
7650   2500
7660   2500
7670   2500
7680   2500
7690   2500
7700   2500
7710   2500
7720   2500
7730   2500
7740   2500
7750   2500
7760   2500
7770   2500
7780   2500
7790   2500
7800   2500
7810   2500
7820   2500
7830   2500
7840   2500
7850   2500
7860   2500
7870   2500
7880   2500
7890   2500
7900   2500
7910   2500
7920   2500
7930   2500
7940   2500
7950   2500
7960   2500
7970   2500
7980   2500
7990   2500
8000   2500
8010   2500
8020   2500
8030   2500
8040   2500
8050   2500
8060   2500
8070   2500
8080   2500
8090   2500
8100   2500
8110   2500
8120   2500
8130   2500
8140   2500
8150   2500
8160   2500
8170   2500
8180   2500
8190   2500
8200   2500
8210   2500
8220   2500
8230   2500
8240   2500
8250   2500
8260   2500
8270   2500
8280   2500
8290   2500
8300   2500
8310   2500
8320   2500
8330   2500
8340   2500
8350   2500
8360   2500
8370   2500
8380   2500
8390   2500
8400   2500
8410   2500
8420   2500
8430   2500
8440   2500
8450   2500
8460   2500
8470   2500
8480   2500
8490   2500
8500   2500
8510   2500
8520   2500
8530   2500
8540   2500
8550   2500
8560   2500
8570   2500
8580   2500
8590   2500
8600   2500
8610   2500
8620   2500
8630   2500
8640   2500
8650   2500
8660   2500
8670   2500
8680   2500
8690   2500
8700   2500
8710   2500
8720   2500
8730   2500
8740   2500
8750   2500
8760   2500
8770   2500
8780   2500
8790   2500
8800   2500
8810   2500
8820   2500
8830   2500
8840   2500
8850   2500
8860   2500
8870   2500
8880   2500
8890   2500
8900   2500
8910   2500
8920   2500
8930   2500
8940   2500
8950   2500
8960   2500
8970   2500
8980   2500
8990   2500
9000   2500
9010   2500
9020   2500
9030   2500
9040   2500
9050   2500
9060   2500
9070   2500
9080   2500
9090   2500
9100   2500
9110   2500
9120   2500
9130   2500
9140   2500
9150   2500
9160   2500
9170   2500
9180   2500
9190   2500
9200   2500
9210   2500
9220   2500
9230   2500
9240   2500
9250   2500
9260   2500
9270   2500
9280   2500
9290   2500
9300   2500
9310   2500
9320   2500
9330   2500
9340   2500
9350   2500
9360   2500
9370   2500
9380   2500
9390   2500
9400   2500
9410   2500
9420   2500
9430   2500
9440   2500
9450   2500
9460   2500
9470   2500
9480   2500
9490   2500
9500   2500
9510   2500
9520   2500
9530   2500
9540   2500
9550   2500
9560   2500
9570   2500
9580   2500
9590   2500
9600   2500
9610   2500
9620   2500
9630   2500
9640   2500
9650   2500
9660   2500
9670   2500
9680   2500
9690   2500
9700   2500
9710   2500
9720   2500
9730   2500
9740   2500
9750   2500
9760   2500
9770   2500
9780   2500
9790   2500
9800   2500
9810   2500
9820   2500
9830   2500
9840   2500
9850   2500
9860   2500
9870   2500
9880   2500
9890   2500
9900   2500
9910   2500
9920   2500
9930   2500
9940   2500
9950   2500
9960   2500
9970   2500
9980   2500
9990   2500
10000   2500
10010   2500
10020   2500
10030   2500
10040   2500
10050   2500
10060   2500
10070   2500
10080   2500
10090   2500
10100   2500
10110   2500
10120   2500
10130   2500
10140   2500
10150   2500
10160   2500
10170   2500
10180   2500
10190   2500
10200   2500
10210   2500
10220   2500
10230   2500
10240   2500
10250   2500
10260   2500
10270   2500
10280   2500
10290   2500
10300   2500
10310   2500
10320   2500
10330   2500
10340   2500
10350   2500
10360   2500
10370   2500
10380   2500
10390   2500
10400   2500
10410   2500
10420   2500
10430   2500
10440   2500
10450   2500
10460   2500
10470   2500
10480   2500
10490   2500
10500   2500
10510   2500
10520   2500
10530   2500
10540   2500
10550   2500
10560   2500
10570   2500
10580   2500
10590   2500
10600   2500
10610   2500
10620   2500
10630   2500
10640   2500
10650   2500
10660   2500
10670   2500
10680   2500
