10   5422
20   5422
30   5422
40   5422
50   5422
60   5422
70   5422
80   5422
90   5422
100   5422
110   5422
120   5422
130   5422
140   5422
150   5422
160   5422
170   5422
180   5422
190   5422
200   5422
210   5422
220   5422
230   5422
240   5422
250   5422
260   5422
270   5422
280   5422
290   5422
300   5422
310   5422
320   5422
330   5422
340   5422
350   5422
360   5422
370   5422
380   5422
390   5422
400   5422
410   5422
420   5422
430   5422
440   5422
450   5422
460   5422
470   5422
480   5422
490   5422
500   5422
510   5422
520   5422
530   5422
540   5422
550   5422
560   5422
570   5422
580   5422
590   5422
600   5422
610   5422
620   5422
630   5422
640   5422
650   5422
660   5422
670   5422
680   5422
690   5422
700   5422
710   5422
720   5422
730   5422
740   5422
750   5422
760   5422
770   5422
780   5422
790   5422
800   5422
810   5422
820   5422
830   5422
840   5422
850   5422
860   5422
870   5422
880   5422
890   5422
900   5422
910   5422
920   5422
930   5422
940   5422
950   5422
960   5422
970   5422
980   5422
990   5422
1000   5422
1010   5422
1020   5422
1030   5422
1040   5422
1050   5422
1060   5422
1070   5422
1080   5422
1090   5422
1100   5422
1110   5422
1120   5422
1130   5422
1140   5422
1150   5422
1160   5422
1170   5422
1180   5422
1190   5422
1200   5422
1210   5422
1220   5422
1230   5422
1240   5422
1250   5422
1260   5422
1270   5422
1280   5422
1290   5422
1300   5422
1310   5422
1320   5422
1330   5422
1340   5422
1350   5422
1360   5422
1370   5422
1380   5422
1390   5422
1400   5422
1410   5422
1420   5422
1430   5422
1440   5381
1450   5381
1460   5381
1470   5381
1480   5381
1490   5381
1500   5381
1510   5381
1520   5381
1530   5381
1540   5381
1550   5381
1560   5381
1570   5381
1580   5381
1590   5381
1600   5381
1610   5381
1620   5381
1630   5381
1640   5381
1650   5381
1660   5381
1670   5381
1680   5381
1690   5381
1700   5381
1710   5381
1720   5381
1730   5381
1740   5381
1750   5381
1760   5381
1770   5381
1780   5381
1790   5381
1800   5381
1810   5381
1820   5381
1830   5381
1840   5381
1850   5381
1860   5381
1870   5381
1880   5381
1890   5381
1900   5381
1910   5381
1920   5381
1930   5380
1940   5380
1950   5380
1960   5380
1970   5380
1980   5380
1990   5380
2000   5380
2010   5380
2020   5380
2030   5380
2040   5380
2050   5380
2060   5380
2070   5380
2080   5380
2090   5380
2100   5380
2110   5380
2120   5380
2130   5380
2140   5380
2150   5380
2160   5380
2170   5380
2180   5380
2190   5380
2200   5380
2210   5380
2220   5380
2230   5380
2240   5380
2250   5380
2260   5380
2270   5380
2280   5380
2290   5380
2300   5380
2310   5380
2320   5380
2330   5380
2340   5380
2350   5380
2360   5380
2370   5380
2380   5380
2390   5380
2400   5380
2410   5380
2420   5380
2430   5380
2440   5380
2450   5380
2460   5380
2470   5380
2480   5380
2490   5380
2500   5380
2510   5380
2520   5380
2530   5380
2540   5380
2550   5380
2560   5380
2570   5380
2580   5380
2590   5380
2600   5380
2610   5380
2620   5380
2630   5380
2640   5380
2650   5380
2660   5380
2670   5380
2680   5380
2690   5380
2700   5380
2710   5380
2720   5380
2730   5380
2740   5380
2750   5380
2760   5380
2770   5380
2780   5380
2790   5380
2800   5380
2810   5380
2820   5380
2830   5380
2840   5380
2850   5380
2860   5380
2870   5380
2880   5380
2890   5380
2900   5380
2910   5380
2920   5380
2930   5380
2940   5380
2950   5380
2960   5380
2970   5380
2980   5380
2990   5380
3000   5380
3010   5380
3020   5380
3030   5380
3040   5380
3050   5380
3060   5380
3070   5380
3080   5380
3090   5380
3100   5380
3110   5380
3120   5380
3130   5380
3140   5380
3150   5380
3160   5380
3170   5380
3180   5380
3190   5380
3200   5380
3210   5380
3220   5380
3230   5380
3240   5380
3250   5380
3260   5380
3270   5380
3280   5380
3290   5380
3300   5380
3310   5380
3320   5380
3330   5380
3340   5380
3350   5380
3360   5380
3370   5380
3380   5380
3390   5380
3400   5380
3410   5380
3420   5380
3430   5380
3440   5380
3450   5380
3460   5380
3470   5380
3480   5380
3490   5380
3500   5380
3510   5380
3520   5380
3530   5380
3540   5380
3550   5380
3560   5380
3570   5380
3580   5380
3590   5380
3600   5380
3610   5380
3620   5380
3630   5380
3640   5380
3650   5380
3660   5380
3670   5380
3680   5380
3690   5380
3700   5380
3710   5380
3720   5380
3730   5380
3740   5380
3750   5380
3760   5380
3770   5380
3780   5380
3790   5380
3800   5380
3810   5380
3820   5380
3830   5380
3840   5380
3850   5380
3860   5380
3870   5380
3880   5380
3890   5380
3900   5380
3910   5380
3920   5380
3930   5380
3940   5380
3950   5380
3960   5380
3970   5380
3980   5380
3990   5380
4000   5380
4010   5380
4020   5380
4030   5380
4040   5380
4050   5380
4060   5380
4070   5380
4080   5380
4090   5380
4100   5380
4110   5380
4120   5380
4130   5380
4140   5380
4150   5380
4160   5380
4170   5380
4180   5380
4190   5380
4200   5380
4210   5380
4220   5380
4230   5380
4240   5380
4250   5380
4260   5380
4270   5380
4280   5380
4290   5380
4300   5380
4310   5380
4320   5380
4330   5380
4340   5380
4350   5380
4360   5380
4370   5380
4380   5380
4390   5380
4400   5380
4410   5380
4420   5266
4430   5266
4440   5266
4450   5266
4460   5266
4470   5266
4480   5266
4490   5266
4500   5266
4510   5266
4520   5266
4530   5266
4540   5266
4550   5266
4560   5266
4570   5266
4580   5266
4590   5266
4600   5266
4610   5266
4620   5266
4630   5266
4640   5266
4650   5266
4660   5266
4670   5266
4680   5266
4690   5266
4700   5266
4710   5266
4720   5266
4730   5266
4740   5266
4750   5266
4760   5266
4770   5266
4780   5266
4790   5266
4800   5266
4810   5266
4820   5266
4830   5266
4840   5266
4850   5266
4860   5266
4870   5266
4880   5266
4890   5266
4900   5266
4910   5266
4920   5266
4930   5266
4940   5266
4950   5266
4960   5266
4970   5266
4980   5266
4990   5266
5000   5266
5010   5266
5020   5266
5030   5266
5040   5266
5050   5266
5060   5266
5070   5266
5080   5266
5090   5266
5100   5266
5110   5266
5120   5266
5130   5266
5140   5266
5150   5266
5160   5266
5170   5266
5180   5266
5190   5266
5200   5266
5210   5266
5220   5266
5230   5266
5240   5266
5250   5266
5260   5266
5270   5266
5280   5266
5290   5266
5300   5266
5310   5266
5320   5266
5330   5266
5340   5266
5350   5266
5360   5266
5370   5266
5380   5266
5390   5266
5400   5266
5410   5266
5420   5266
5430   5266
5440   5266
5450   5266
5460   5266
5470   5266
5480   5266
5490   5266
5500   5266
5510   5266
5520   5266
5530   5266
5540   5266
5550   5266
5560   5266
5570   5266
5580   5266
5590   5266
5600   5266
5610   5266
5620   5266
5630   5266
5640   5266
5650   5266
5660   5266
5670   5266
5680   5266
5690   5266
5700   5266
5710   5266
5720   5266
5730   5266
5740   5266
5750   5266
5760   5266
5770   5266
5780   5266
5790   5266
5800   5266
5810   5266
5820   5266
5830   5266
5840   5266
5850   5266
5860   5266
5870   5266
5880   5266
5890   5266
5900   5266
5910   5266
5920   5266
5930   5266
5940   5266
5950   5266
5960   5266
5970   5266
5980   5266
5990   5266
6000   5266
6010   5266
6020   5266
6030   5266
6040   5266
6050   5266
6060   5266
6070   5266
6080   5266
6090   5266
6100   5266
6110   5266
6120   5266
6130   5266
6140   5266
6150   5266
6160   5266
6170   5266
6180   5266
6190   5266
6200   5266
6210   5266
6220   5266
6230   5266
6240   5266
6250   5266
6260   5266
6270   5266
6280   5266
6290   5266
6300   5266
6310   5266
6320   5266
6330   5266
6340   5266
6350   5266
6360   5266
6370   5266
6380   5266
6390   5266
6400   5266
6410   5266
6420   5266
6430   5266
6440   5266
6450   5266
6460   5266
6470   5266
6480   5266
6490   5266
6500   5266
6510   5266
6520   5266
6530   5266
6540   5266
6550   5266
6560   5266
6570   5266
6580   5266
6590   5266
6600   5266
6610   5266
6620   5266
6630   5266
6640   5266
6650   5266
6660   5266
6670   5266
6680   5266
6690   5266
6700   5266
6710   5266
6720   5266
6730   5266
6740   5266
6750   5266
6760   5266
6770   5266
6780   5266
6790   5266
6800   5266
6810   5266
6820   5266
6830   5266
6840   5266
6850   5266
6860   5266
6870   5266
6880   5266
6890   5266
6900   5266
6910   5266
6920   5266
6930   5266
6940   5266
6950   5266
6960   5266
6970   5266
6980   5266
6990   5266
7000   5266
7010   5266
7020   5266
7030   5266
7040   5266
7050   5266
7060   5266
7070   5266
7080   5266
7090   5266
7100   5266
7110   5266
7120   5266
7130   5266
7140   5266
7150   5266
7160   5266
7170   5266
7180   5266
7190   5266
7200   5266
7210   5266
7220   5266
7230   5266
7240   5266
7250   5266
7260   5266
7270   5266
7280   5266
7290   5266
7300   5266
7310   5266
7320   5266
7330   5266
7340   5266
7350   5266
7360   5266
7370   5266
7380   5266
7390   5266
7400   5266
7410   5266
7420   5266
7430   5266
7440   5266
7450   5266
7460   5266
7470   5266
7480   5266
7490   5266
7500   5266
7510   5266
7520   5266
7530   5266
7540   5266
7550   5266
7560   5266
7570   5266
7580   5266
7590   5266
7600   5266
7610   5266
7620   5266
7630   5266
7640   5266
7650   5266
7660   5266
7670   5266
7680   5266
7690   5266
7700   5266
7710   5266
7720   5266
7730   5266
7740   5266
7750   5266
7760   5266
7770   5266
7780   5266
7790   5266
7800   5266
7810   5266
7820   5266
7830   5266
7840   5266
7850   5266
7860   5266
7870   5266
7880   5266
7890   5266
7900   5266
7910   5266
7920   5266
7930   5266
7940   5266
7950   5266
7960   5266
7970   5266
7980   5266
7990   5266
8000   5266
8010   5266
8020   5266
8030   5266
8040   5266
8050   5266
8060   5266
8070   5266
8080   5266
8090   5266
8100   5266
8110   5266
8120   5266
8130   5266
8140   5266
8150   5266
8160   5266
8170   5266
8180   5266
8190   5266
8200   5266
8210   5266
8220   5266
8230   5266
8240   5266
8250   5266
8260   5266
8270   5266
8280   5266
8290   5266
8300   5266
8310   5266
8320   5266
8330   5266
8340   5266
8350   5266
8360   5266
8370   5266
8380   5266
8390   5266
8400   5266
8410   5266
8420   5266
8430   5266
8440   5266
8450   5266
8460   5266
8470   5266
8480   5266
8490   5266
8500   5266
8510   5266
8520   5266
8530   5266
8540   5266
8550   5266
8560   5266
8570   5266
8580   5266
8590   5266
8600   5266
8610   5266
8620   5266
8630   5266
8640   5266
8650   5266
8660   5266
8670   5266
8680   5266
8690   5266
8700   5266
8710   5266
8720   5266
8730   5266
8740   5266
8750   5266
8760   5266
8770   5266
8780   5266
8790   5266
8800   5266
8810   5266
8820   5266
8830   5266
8840   5266
8850   5266
8860   5266
8870   5266
8880   5266
8890   5266
8900   5266
8910   5266
8920   5266
8930   5266
8940   5266
8950   5266
8960   5266
8970   5266
8980   5266
8990   5266
9000   5266
9010   5266
9020   5266
9030   5266
9040   5266
9050   5266
9060   5266
9070   5266
9080   5266
9090   5266
9100   5266
9110   5266
9120   5266
9130   5266
9140   5266
9150   5266
9160   5266
9170   5266
9180   5266
9190   5266
9200   5266
9210   5266
9220   5266
9230   5266
9240   5266
9250   5266
9260   5266
9270   5266
9280   5266
9290   5266
9300   5266
9310   5266
9320   5266
9330   5266
9340   5266
9350   5266
9360   5266
9370   5266
9380   5266
9390   5266
9400   5266
9410   5266
9420   5266
9430   5266
9440   5266
9450   5266
9460   5266
9470   5266
9480   5266
9490   5266
9500   5266
9510   5266
9520   5266
9530   5266
9540   5266
9550   5266
9560   5266
9570   5266
9580   5266
9590   5266
9600   5266
9610   5266
9620   5266
9630   5266
9640   5266
9650   5266
9660   5266
9670   5266
9680   5266
9690   5266
9700   5266
9710   5266
9720   5266
9730   5266
9740   5266
9750   5266
9760   5266
9770   5266
9780   5266
9790   5266
9800   5266
9810   5266
9820   5266
9830   5266
9840   5266
9850   5266
9860   5266
9870   5266
9880   5266
9890   5266
9900   5266
9910   5266
9920   5266
9930   5266
9940   5266
9950   5266
9960   5266
9970   5266
9980   5266
9990   5266
10000   5266
10010   5266
10020   5266
10030   5266
10040   5266
10050   5266
10060   5266
10070   5266
10080   5266
10090   5266
10100   5266
10110   5266
10120   5266
10130   5266
10140   5266
10150   5266
10160   5266
10170   5266
10180   5266
10190   5266
10200   5266
10210   5266
10220   5266
10230   5266
10240   5266
10250   5266
10260   5266
10270   5266
10280   5266
10290   5266
10300   5266
10310   5266
10320   5266
10330   5266
10340   5266
10350   5266
10360   5266
10370   5266
10380   5266
10390   5266
10400   5266
10410   5266
10420   5266
10430   5266
10440   5266
10450   5266
10460   5266
10470   5266
10480   5266
10490   5266
10500   5266
10510   5266
10520   5266
10530   5266
10540   5266
10550   5266
10560   5266
10570   5266
10580   5266
10590   5266
10600   5266
10610   5266
10620   5266
10630   5266
10640   5266
10650   5266
10660   5266
10670   5266
10680   5266
10690   5266
10700   5266
10710   5266
10720   5266
10730   5266
10740   5266
10750   5266
10760   5266
10770   5266
10780   5266
10790   5266
10800   5266
10810   5266
10820   5266
10830   5266
10840   5266
10850   5266
10860   5266
10870   5266
10880   5266
10890   5266
10900   5266
10910   5266
10920   5266
10930   5266
10940   5266
10950   5266
10960   5266
10970   5266
10980   5266
10990   5266
11000   5266
11010   5266
11020   5266
11030   5266
11040   5266
11050   5266
11060   5266
11070   5266
11080   5266
11090   5266
11100   5266
11110   5266
11120   5266
11130   5266
11140   5266
11150   5266
11160   5266
11170   5266
11180   5266
11190   5266
11200   5266
11210   5266
11220   5266
11230   5266
11240   5266
11250   5266
11260   5266
11270   5266
11280   5266
11290   5266
11300   5266
11310   5266
11320   5266
11330   5266
11340   5266
11350   5266
11360   5266
11370   5266
11380   5266
11390   5266
11400   5266
11410   5266
11420   5266
11430   5266
11440   5266
11450   5266
11460   5266
11470   5266
11480   5266
11490   5266
11500   5266
11510   5266
11520   5266
11530   5266
11540   5266
11550   5266
11560   5266
11570   5266
11580   5266
11590   5266
11600   5266
11610   5266
11620   5266
11630   5266
11640   5266
11650   5266
11660   5266
11670   5266
11680   5266
11690   5266
11700   5266
11710   5266
11720   5266
11730   5266
11740   5266
11750   5266
11760   5266
11770   5266
11780   5266
11790   5266
11800   5266
11810   5266
11820   5266
11830   5266
11840   5266
11850   5266
11860   5266
11870   5266
11880   5266
11890   5266
11900   5266
11910   5266
11920   5266
11930   5266
11940   5266
11950   5266
11960   5266
11970   5266
11980   5266
11990   5266
12000   5266
12010   5266
12020   5266
12030   5266
12040   5266
12050   5266
12060   5266
12070   5266
12080   5266
12090   5266
12100   5266
12110   5266
12120   5266
12130   5266
12140   5266
12150   5266
12160   5266
12170   5266
12180   5266
12190   5266
12200   5266
12210   5266
12220   5266
12230   5266
12240   5266
12250   5266
12260   5266
12270   5266
12280   5266
12290   5266
12300   5266
12310   5266
12320   5266
12330   5266
12340   5266
12350   5266
12360   5266
12370   5266
12380   5266
12390   5266
12400   5266
12410   5266
12420   5266
12430   5266
12440   5266
12450   5266
12460   5266
12470   5266
12480   5266
12490   5266
12500   5266
12510   5266
12520   5266
12530   5266
12540   5266
12550   5266
12560   5266
12570   5266
12580   5266
12590   5266
12600   5266
12610   5266
12620   5266
12630   5266
12640   5266
12650   5266
12660   5266
12670   5266
12680   5266
12690   5266
12700   5266
12710   5266
12720   5266
12730   5266
12740   5266
12750   5266
12760   5266
12770   5266
12780   5266
12790   5266
12800   5266
12810   5266
12820   5266
12830   5266
12840   5266
12850   5266
12860   5266
12870   5266
12880   5266
12890   5266
12900   5266
12910   5266
12920   5266
12930   5266
12940   5266
12950   5266
12960   5266
12970   5266
12980   5266
12990   5266
13000   5266
13010   5266
13020   5266
13030   5266
13040   5266
13050   5266
13060   5266
13070   5266
13080   5266
13090   5266
13100   5266
13110   5266
13120   5266
13130   5266
13140   5266
13150   5266
13160   5266
13170   5266
13180   5266
13190   5266
13200   5266
13210   5266
13220   5266
13230   5266
13240   5266
13250   5266
13260   5266
13270   5266
13280   5266
13290   5266
13300   5266
13310   5266
13320   5266
13330   5266
13340   5266
13350   5266
13360   5266
13370   5266
13380   5266
13390   5266
13400   5266
13410   5266
13420   5266
13430   5266
13440   5266
13450   5266
13460   5266
13470   5266
13480   5266
13490   5266
13500   5266
13510   5266
13520   5266
13530   5266
13540   5266
13550   5266
13560   5266
13570   5266
13580   5266
13590   5266
13600   5266
13610   5266
13620   5266
13630   5266
13640   5266
13650   5266
13660   5266
13670   5266
13680   5266
13690   5266
13700   5266
13710   5266
13720   5266
13730   5266
13740   5266
13750   5266
13760   5266
13770   5266
13780   5266
13790   5266
13800   5266
13810   5266
13820   5266
13830   5266
13840   5266
13850   5266
13860   5266
13870   5266
13880   5266
13890   5266
13900   5266
13910   5266
13920   5232
13930   5232
13940   5232
13950   5232
13960   5232
13970   5232
13980   5232
13990   5232
14000   5232
14010   5232
14020   5232
14030   5232
14040   5232
14050   5232
14060   5232
14070   5232
14080   5232
14090   5232
14100   5232
14110   5232
14120   5232
14130   5232
14140   5232
14150   5232
14160   5232
14170   5232
14180   5232
14190   5232
14200   5232
14210   5232
14220   5232
14230   5232
14240   5232
14250   5232
14260   5232
14270   5232
14280   5232
14290   5232
14300   5232
14310   5232
14320   5232
14330   5232
14340   5232
14350   5232
14360   5232
14370   5232
14380   5232
14390   5232
14400   5232
14410   5232
14420   5232
14430   5232
14440   5232
14450   5232
14460   5232
14470   5232
14480   5232
14490   5232
14500   5232
14510   5232
14520   5232
14530   5232
14540   5232
14550   5232
14560   5232
14570   5232
14580   5232
14590   5232
14600   5232
14610   5232
14620   5232
14630   5232
14640   5232
14650   5232
14660   5232
14670   5232
14680   5232
14690   5232
14700   5232
14710   5232
14720   5232
14730   5232
14740   5232
14750   5232
14760   5232
14770   5232
14780   5232
14790   5232
14800   5232
14810   5232
14820   5232
14830   5232
14840   5232
14850   5232
14860   5232
14870   5232
14880   5232
14890   5232
14900   5232
14910   5232
14920   5232
14930   5232
14940   5232
14950   5232
14960   5232
14970   5232
14980   5232
14990   5232
15000   5232
15010   5232
15020   5232
15030   5232
15040   5232
15050   5232
15060   5232
15070   5232
15080   5232
15090   5232
15100   5232
15110   5232
15120   5232
15130   5232
15140   5232
15150   5232
15160   5232
15170   5232
15180   5232
15190   5232
15200   5232
15210   5232
15220   5232
15230   5232
15240   5232
15250   5232
15260   5232
15270   5232
15280   5232
15290   5232
15300   5232
15310   5232
15320   5232
15330   5232
15340   5232
15350   5232
15360   5232
15370   5232
15380   5232
15390   5232
15400   5232
15410   5232
15420   5232
15430   5232
15440   5232
15450   5232
15460   5232
15470   5232
15480   5232
15490   5232
15500   5232
15510   5232
15520   5232
15530   5232
15540   5232
15550   5232
15560   5232
15570   5232
15580   5232
15590   5232
15600   5232
15610   5232
15620   5232
15630   5232
15640   5232
15650   5232
15660   5232
15670   5232
15680   5232
15690   5232
15700   5232
15710   5232
15720   5232
15730   5232
15740   5232
15750   5232
15760   5232
15770   5232
15780   5232
15790   5232
15800   5232
15810   5232
15820   5232
15830   5232
15840   5232
15850   5232
15860   5232
15870   5232
15880   5232
15890   5232
15900   5232
15910   5232
15920   5232
15930   5232
15940   5232
15950   5232
15960   5232
15970   5232
15980   5232
15990   5232
16000   5232
16010   5232
16020   5232
16030   5232
16040   5232
16050   5232
16060   5232
16070   5232
16080   5232
16090   5232
16100   5232
16110   5232
16120   5232
16130   5232
16140   5232
16150   5232
16160   5232
16170   5232
16180   5232
16190   5232
16200   5232
16210   5232
16220   5232
16230   5232
16240   5232
16250   5232
16260   5232
16270   5232
16280   5232
16290   5232
16300   5232
16310   5232
16320   5232
16330   5232
16340   5232
16350   5232
16360   5232
16370   5232
16380   5232
16390   5232
16400   5232
16410   5232
16420   5232
16430   5232
16440   5232
16450   5232
16460   5232
16470   5232
16480   5232
16490   5232
16500   5232
16510   5232
16520   5232
16530   5232
16540   5232
16550   5232
16560   5232
16570   5232
16580   5232
16590   5232
16600   5232
16610   5232
16620   5232
16630   5232
16640   5232
16650   5232
16660   5232
16670   5232
16680   5232
16690   5232
16700   5232
16710   5232
16720   5232
16730   5232
16740   5232
16750   5232
16760   5232
16770   5232
16780   5232
16790   5232
16800   5232
16810   5232
16820   5232
16830   5232
16840   5232
16850   5232
16860   5232
16870   5232
16880   5232
16890   5232
16900   5232
16910   5232
16920   5232
16930   5232
16940   5232
16950   5232
16960   5232
16970   5232
16980   5232
16990   5232
17000   5232
17010   5232
17020   5232
17030   5232
17040   5232
17050   5232
17060   5232
17070   5232
17080   5232
17090   5232
17100   5232
17110   5232
17120   5232
17130   5232
17140   5232
17150   5232
17160   5232
17170   5232
17180   5232
17190   5232
17200   5232
17210   5232
17220   5232
17230   5232
17240   5232
17250   5232
17260   5232
17270   5232
17280   5232
17290   5232
17300   5232
17310   5232
17320   5232
17330   5232
17340   5232
17350   5232
17360   5232
17370   5232
17380   5232
17390   5232
17400   5232
17410   5232
17420   5232
17430   5232
17440   5232
17450   5232
17460   5232
17470   5232
17480   5232
17490   5232
17500   5232
17510   5232
17520   5232
17530   5232
17540   5232
17550   5232
17560   5232
17570   5232
17580   5232
17590   5232
17600   5232
17610   5232
17620   5232
17630   5232
17640   5232
17650   5232
17660   5232
17670   5232
17680   5232
17690   5232
17700   5232
17710   5232
17720   5232
17730   5232
17740   5232
17750   5232
17760   5232
17770   5232
17780   5232
17790   5232
17800   5232
17810   5232
17820   5232
17830   5232
17840   5232
17850   5232
17860   5232
17870   5232
17880   5232
17890   5232
17900   5232
17910   5232
17920   5232
17930   5232
17940   5232
17950   5232
17960   5232
17970   5232
17980   5232
17990   5232
18000   5232
18010   5232
18020   5232
18030   5232
18040   5232
18050   5232
18060   5232
18070   5232
18080   5232
18090   5232
18100   5232
18110   5232
18120   5232
18130   5232
18140   5232
18150   5232
18160   5232
18170   5232
18180   5232
18190   5232
18200   5232
18210   5232
18220   5232
18230   5232
18240   5232
18250   5232
18260   5232
18270   5232
18280   5232
18290   5232
18300   5232
18310   5232
18320   5232
18330   5232
18340   5232
18350   5232
18360   5232
18370   5232
18380   5232
18390   5232
18400   5232
18410   5232
18420   5232
18430   5232
18440   5232
18450   5232
18460   5232
18470   5232
18480   5232
18490   5232
18500   5232
18510   5232
18520   5232
18530   5232
18540   5232
18550   5232
18560   5232
18570   5232
18580   5232
18590   5232
18600   5232
18610   5232
18620   5232
18630   5232
18640   5232
18650   5232
18660   5232
18670   5232
18680   5232
18690   5232
18700   5232
18710   5232
18720   5232
18730   5232
18740   5232
18750   5232
18760   5232
18770   5232
18780   5232
18790   5232
18800   5232
18810   5232
18820   5232
18830   5232
18840   5232
18850   5232
18860   5232
18870   5232
18880   5232
18890   5232
18900   5232
18910   5232
18920   5232
18930   5232
18940   5232
18950   5232
18960   5232
18970   5232
18980   5232
18990   5232
19000   5232
19010   5232
19020   5232
19030   5232
19040   5232
19050   5232
19060   5232
19070   5232
19080   5232
19090   5232
19100   5232
19110   5232
19120   5232
19130   5232
19140   5232
19150   5232
19160   5232
19170   5232
19180   5232
19190   5232
19200   5232
19210   5232
19220   5232
19230   5232
19240   5232
19250   5232
19260   5232
19270   5232
19280   5232
19290   5232
19300   5232
19310   5232
19320   5232
19330   5232
19340   5232
19350   5232
19360   5232
19370   5232
19380   5232
19390   5232
19400   5232
19410   5232
19420   5232
19430   5232
19440   5232
19450   5232
19460   5232
19470   5232
19480   5232
19490   5232
19500   5232
19510   5232
19520   5232
19530   5232
19540   5232
19550   5232
19560   5232
19570   5232
19580   5232
19590   5232
19600   5232
19610   5232
19620   5232
19630   5232
19640   5232
19650   5232
19660   5232
19670   5232
19680   5232
19690   5232
19700   5232
19710   5232
19720   5232
19730   5232
19740   5232
19750   5232
19760   5232
19770   5232
19780   5232
19790   5232
19800   5232
19810   5232
19820   5232
19830   5232
19840   5232
19850   5232
19860   5232
19870   5232
19880   5232
19890   5232
19900   5232
19910   5232
19920   5232
19930   5232
19940   5232
19950   5232
19960   5232
19970   5232
19980   5232
19990   5232
20000   5232
20010   5232
20020   5232
20030   5232
20040   5232
20050   5232
20060   5232
20070   5232
20080   5232
20090   5232
20100   5232
20110   5232
20120   5232
20130   5232
20140   5232
20150   5232
20160   5232
20170   5232
20180   5232
20190   5232
20200   5232
20210   5232
20220   5232
20230   5232
20240   5232
20250   5232
20260   5232
20270   5232
20280   5232
20290   5232
20300   5232
20310   5232
20320   5232
20330   5232
20340   5232
20350   5232
20360   5232
20370   5232
20380   5232
20390   5232
20400   5232
20410   5232
20420   5232
20430   5232
20440   5232
20450   5232
20460   5232
20470   5232
