10   3547
20   3172
30   3172
40   3172
50   3091
60   3091
70   3091
80   3091
90   3091
100   3091
110   2949
120   2949
130   2949
140   2949
150   2949
160   2949
170   2949
180   2949
190   2949
200   2949
210   2949
220   2949
230   2949
240   2949
250   2949
260   2949
270   2949
280   2949
290   2949
300   2949
310   2949
320   2949
330   2949
340   2949
350   2949
360   2949
370   2949
380   2949
390   2949
400   2949
410   2949
420   2949
430   2949
440   2949
450   2949
460   2949
470   2949
480   2949
490   2949
500   2949
510   2949
520   2949
530   2949
540   2949
550   2949
560   2949
570   2949
580   2949
590   2949
600   2949
610   2949
620   2949
630   2949
640   2949
650   2949
660   2949
670   2949
680   2949
690   2949
700   2949
710   2949
720   2949
730   2949
740   2949
750   2949
760   2949
770   2949
780   2949
790   2949
800   2949
810   2949
820   2949
830   2949
840   2949
850   2949
860   2949
870   2949
880   2949
890   2949
900   2949
910   2949
920   2949
930   2949
940   2949
950   2949
960   2949
970   2949
980   2949
990   2949
1000   2949
1010   2949
1020   2949
1030   2949
1040   2949
1050   2949
1060   2949
1070   2949
1080   2949
1090   2949
1100   2949
1110   2949
1120   2949
1130   2949
1140   2949
1150   2949
1160   2949
1170   2949
1180   2949
1190   2949
1200   2949
1210   2949
1220   2949
1230   2873
1240   2873
1250   2873
1260   2873
1270   2873
1280   2873
1290   2873
1300   2873
1310   2873
1320   2873
1330   2873
1340   2873
1350   2873
1360   2873
1370   2873
1380   2873
1390   2873
1400   2873
1410   2873
1420   2873
1430   2873
1440   2873
1450   2873
1460   2873
1470   2873
1480   2873
1490   2873
1500   2873
1510   2873
1520   2873
1530   2873
1540   2873
1550   2873
1560   2873
1570   2873
1580   2873
1590   2873
1600   2873
1610   2873
1620   2873
1630   2873
1640   2873
1650   2873
1660   2873
1670   2873
1680   2873
1690   2873
1700   2873
1710   2873
1720   2873
1730   2873
1740   2873
1750   2873
1760   2873
1770   2873
1780   2873
1790   2873
1800   2873
1810   2873
1820   2873
1830   2873
1840   2873
1850   2873
1860   2873
1870   2873
1880   2873
1890   2873
1900   2873
1910   2873
1920   2873
1930   2873
1940   2873
1950   2873
1960   2873
1970   2873
1980   2873
1990   2873
2000   2873
2010   2873
2020   2873
2030   2873
2040   2873
2050   2873
2060   2873
2070   2873
2080   2873
2090   2873
2100   2873
2110   2873
2120   2873
2130   2873
2140   2873
2150   2873
2160   2873
2170   2873
2180   2873
2190   2873
2200   2873
2210   2873
2220   2873
2230   2873
2240   2873
2250   2873
2260   2873
2270   2873
2280   2873
2290   2873
2300   2873
2310   2873
2320   2873
2330   2873
2340   2873
2350   2873
2360   2873
2370   2873
2380   2873
2390   2873
2400   2873
2410   2873
2420   2873
2430   2873
2440   2873
2450   2873
2460   2873
2470   2873
2480   2873
2490   2873
2500   2873
2510   2873
2520   2873
2530   2873
2540   2873
2550   2873
2560   2873
2570   2873
2580   2873
2590   2873
2600   2873
2610   2873
2620   2873
2630   2873
2640   2873
2650   2873
2660   2873
2670   2873
2680   2873
2690   2873
2700   2873
2710   2873
2720   2873
2730   2873
2740   2873
2750   2873
2760   2873
2770   2873
2780   2873
2790   2873
2800   2873
2810   2873
2820   2873
2830   2873
2840   2873
2850   2873
2860   2873
2870   2873
2880   2873
2890   2873
2900   2873
2910   2873
2920   2873
2930   2873
2940   2873
2950   2873
2960   2873
2970   2873
2980   2873
2990   2873
3000   2873
3010   2873
3020   2873
3030   2873
3040   2873
3050   2873
3060   2873
3070   2873
3080   2873
3090   2873
3100   2873
3110   2873
3120   2873
3130   2873
3140   2873
3150   2873
3160   2873
3170   2873
3180   2873
3190   2873
3200   2873
3210   2873
3220   2873
3230   2873
3240   2873
3250   2873
3260   2873
3270   2873
3280   2873
3290   2873
3300   2873
3310   2873
3320   2873
3330   2873
3340   2873
3350   2873
3360   2873
3370   2873
3380   2873
3390   2873
3400   2873
3410   2873
3420   2873
3430   2873
3440   2873
3450   2873
3460   2873
3470   2873
3480   2873
3490   2873
3500   2873
3510   2873
3520   2873
3530   2873
3540   2873
3550   2873
3560   2873
3570   2873
3580   2873
3590   2873
3600   2873
3610   2873
3620   2873
3630   2873
3640   2873
3650   2873
3660   2873
3670   2873
3680   2873
3690   2873
3700   2873
3710   2873
3720   2873
3730   2873
3740   2873
3750   2873
3760   2873
3770   2873
3780   2873
3790   2873
3800   2873
3810   2873
3820   2873
3830   2873
3840   2869
3850   2869
3860   2869
3870   2869
3880   2869
3890   2869
3900   2869
3910   2869
3920   2869
3930   2869
3940   2869
3950   2869
3960   2869
3970   2869
3980   2869
3990   2869
4000   2869
4010   2869
4020   2869
4030   2869
4040   2869
4050   2869
4060   2869
4070   2869
4080   2869
4090   2869
4100   2869
4110   2869
4120   2869
4130   2869
4140   2869
4150   2869
4160   2869
4170   2869
4180   2869
4190   2869
4200   2869
4210   2869
4220   2869
4230   2869
4240   2869
4250   2869
4260   2869
4270   2869
4280   2869
4290   2869
4300   2869
4310   2869
4320   2869
4330   2869
4340   2869
4350   2869
4360   2869
4370   2869
4380   2869
4390   2869
4400   2869
4410   2869
4420   2869
4430   2869
4440   2869
4450   2869
4460   2869
4470   2869
4480   2869
4490   2869
4500   2869
4510   2869
4520   2869
4530   2869
4540   2869
4550   2869
4560   2869
4570   2869
4580   2869
4590   2869
4600   2869
4610   2869
4620   2869
4630   2869
4640   2869
4650   2869
4660   2869
4670   2869
4680   2869
4690   2869
4700   2869
4710   2869
4720   2869
4730   2869
4740   2869
4750   2869
4760   2869
4770   2869
4780   2869
4790   2869
4800   2869
4810   2869
4820   2869
4830   2869
4840   2869
4850   2869
4860   2869
4870   2869
4880   2869
4890   2869
4900   2869
4910   2869
4920   2869
4930   2869
4940   2869
4950   2869
4960   2869
4970   2869
4980   2869
4990   2869
5000   2869
5010   2869
5020   2869
5030   2869
5040   2869
5050   2869
5060   2869
5070   2869
5080   2869
5090   2869
5100   2869
5110   2869
5120   2869
5130   2869
5140   2869
5150   2869
5160   2869
5170   2869
5180   2869
5190   2869
5200   2869
5210   2869
5220   2869
5230   2869
5240   2869
5250   2869
5260   2869
5270   2869
5280   2869
5290   2869
5300   2869
5310   2869
5320   2869
5330   2869
5340   2869
5350   2869
5360   2869
5370   2869
5380   2869
5390   2869
5400   2869
5410   2869
5420   2869
5430   2869
5440   2869
5450   2869
5460   2869
5470   2869
5480   2869
5490   2869
5500   2869
5510   2869
5520   2869
5530   2869
5540   2869
5550   2869
5560   2869
5570   2869
5580   2869
5590   2869
5600   2869
5610   2869
5620   2869
5630   2869
5640   2869
5650   2869
5660   2869
5670   2869
5680   2869
5690   2869
5700   2869
5710   2869
5720   2869
5730   2869
5740   2869
5750   2869
5760   2869
5770   2869
5780   2869
5790   2869
5800   2869
5810   2869
5820   2869
5830   2869
5840   2869
5850   2869
5860   2869
5870   2869
5880   2869
5890   2869
5900   2869
5910   2869
5920   2869
5930   2869
5940   2869
5950   2869
5960   2869
5970   2869
5980   2869
5990   2869
6000   2869
6010   2869
6020   2869
6030   2869
6040   2869
6050   2869
6060   2869
6070   2869
6080   2869
6090   2869
6100   2869
6110   2869
6120   2869
6130   2869
6140   2869
6150   2869
6160   2869
6170   2869
6180   2869
6190   2869
6200   2869
6210   2869
6220   2869
6230   2869
6240   2869
6250   2869
6260   2869
6270   2869
6280   2869
6290   2869
6300   2869
6310   2869
6320   2869
6330   2869
6340   2869
6350   2869
6360   2869
6370   2869
6380   2869
6390   2869
6400   2869
6410   2869
6420   2869
6430   2869
6440   2869
6450   2869
6460   2869
6470   2869
6480   2869
6490   2869
6500   2869
6510   2869
6520   2869
6530   2869
6540   2869
6550   2869
6560   2869
6570   2869
6580   2869
6590   2869
6600   2869
6610   2869
6620   2869
6630   2869
6640   2869
6650   2869
6660   2869
6670   2869
6680   2869
6690   2869
6700   2869
6710   2869
6720   2869
6730   2869
6740   2869
6750   2869
6760   2869
6770   2869
6780   2869
6790   2869
6800   2869
6810   2869
6820   2869
6830   2869
6840   2869
6850   2869
6860   2869
6870   2869
6880   2869
6890   2869
6900   2869
6910   2869
6920   2869
6930   2869
6940   2869
6950   2869
6960   2869
6970   2869
6980   2869
6990   2869
7000   2869
7010   2869
7020   2869
7030   2869
7040   2869
7050   2869
7060   2869
7070   2869
7080   2869
7090   2869
7100   2869
7110   2869
7120   2869
7130   2869
7140   2869
7150   2869
7160   2869
7170   2869
7180   2869
7190   2869
7200   2869
7210   2869
7220   2869
7230   2869
7240   2869
7250   2869
7260   2869
7270   2869
7280   2869
7290   2869
7300   2869
7310   2869
7320   2869
7330   2869
7340   2869
7350   2869
7360   2869
7370   2869
7380   2869
7390   2869
7400   2869
7410   2869
7420   2869
7430   2869
7440   2869
7450   2869
7460   2869
7470   2869
7480   2869
7490   2869
7500   2869
7510   2869
7520   2869
7530   2869
7540   2869
7550   2869
7560   2869
7570   2869
7580   2869
7590   2869
7600   2869
7610   2869
7620   2869
7630   2869
7640   2869
7650   2869
7660   2869
7670   2869
7680   2869
7690   2869
7700   2869
7710   2869
7720   2869
7730   2869
7740   2869
7750   2869
7760   2869
7770   2869
7780   2869
7790   2869
7800   2869
7810   2869
7820   2869
7830   2869
7840   2869
7850   2869
7860   2869
7870   2869
7880   2869
7890   2869
7900   2869
7910   2734
7920   2734
7930   2734
7940   2734
7950   2734
7960   2734
7970   2734
7980   2734
7990   2734
8000   2734
8010   2734
8020   2734
8030   2734
8040   2734
8050   2734
8060   2734
8070   2734
8080   2734
8090   2734
8100   2734
8110   2734
8120   2734
8130   2734
8140   2734
8150   2734
8160   2734
8170   2734
8180   2734
8190   2734
8200   2734
8210   2734
8220   2734
8230   2734
8240   2734
8250   2734
8260   2734
8270   2734
8280   2734
8290   2734
8300   2734
8310   2734
8320   2734
8330   2734
8340   2734
8350   2734
8360   2734
8370   2734
8380   2734
8390   2734
8400   2734
8410   2734
8420   2734
8430   2734
8440   2734
8450   2734
8460   2734
8470   2734
8480   2734
8490   2734
8500   2734
8510   2734
8520   2734
8530   2734
8540   2734
8550   2734
8560   2734
8570   2734
8580   2734
8590   2734
8600   2734
8610   2734
8620   2734
8630   2734
8640   2734
8650   2734
8660   2734
8670   2734
8680   2734
8690   2734
8700   2734
8710   2734
8720   2734
8730   2734
8740   2734
8750   2734
8760   2734
8770   2734
8780   2734
8790   2734
8800   2734
8810   2734
8820   2734
8830   2734
8840   2734
8850   2734
8860   2734
8870   2734
8880   2734
8890   2734
8900   2734
8910   2734
8920   2734
8930   2734
8940   2734
8950   2734
8960   2734
8970   2734
8980   2734
8990   2734
9000   2734
9010   2734
9020   2734
9030   2734
9040   2734
9050   2734
9060   2734
9070   2734
9080   2734
9090   2734
9100   2734
9110   2734
9120   2734
9130   2734
9140   2734
9150   2734
9160   2734
9170   2734
9180   2734
9190   2734
9200   2734
9210   2734
9220   2734
9230   2734
9240   2734
9250   2734
9260   2734
9270   2734
9280   2734
9290   2734
9300   2734
9310   2734
9320   2734
9330   2734
9340   2734
9350   2734
9360   2734
9370   2734
9380   2734
9390   2734
9400   2734
9410   2734
9420   2734
9430   2734
9440   2734
9450   2734
9460   2734
9470   2734
9480   2734
9490   2734
9500   2734
9510   2734
9520   2734
9530   2734
9540   2734
9550   2734
9560   2734
9570   2734
9580   2734
9590   2734
9600   2734
9610   2734
9620   2734
9630   2734
9640   2734
9650   2734
9660   2734
9670   2734
9680   2734
9690   2734
9700   2734
9710   2734
9720   2734
9730   2734
9740   2734
9750   2734
9760   2734
9770   2734
9780   2734
9790   2734
9800   2734
9810   2734
9820   2734
9830   2734
9840   2734
9850   2734
9860   2734
9870   2734
9880   2734
9890   2734
9900   2734
9910   2734
9920   2734
9930   2734
9940   2734
9950   2734
9960   2734
9970   2734
9980   2734
9990   2734
10000   2734
10010   2734
10020   2734
10030   2734
10040   2734
10050   2734
10060   2734
10070   2734
10080   2734
10090   2734
10100   2734
10110   2734
10120   2734
10130   2734
10140   2734
10150   2734
10160   2734
10170   2734
10180   2734
10190   2734
10200   2734
10210   2734
10220   2734
10230   2734
10240   2734
10250   2734
10260   2734
10270   2734
10280   2734
10290   2734
10300   2734
10310   2734
10320   2734
10330   2734
10340   2734
10350   2734
10360   2734
10370   2734
10380   2734
10390   2734
10400   2734
10410   2734
10420   2734
10430   2734
10440   2734
10450   2734
10460   2734
10470   2734
10480   2734
10490   2734
10500   2734
10510   2734
10520   2734
10530   2734
10540   2734
10550   2734
10560   2734
10570   2734
10580   2734
10590   2734
10600   2734
10610   2734
10620   2734
10630   2734
10640   2734
10650   2734
10660   2734
10670   2734
10680   2734
10690   2734
10700   2734
10710   2734
10720   2734
10730   2734
10740   2734
10750   2734
10760   2734
10770   2734
10780   2734
10790   2734
10800   2734
10810   2734
10820   2734
10830   2734
10840   2734
10850   2734
10860   2734
10870   2734
10880   2734
10890   2734
10900   2734
10910   2734
10920   2734
10930   2734
10940   2734
10950   2734
10960   2734
10970   2734
10980   2734
10990   2734
11000   2734
11010   2734
11020   2734
11030   2734
11040   2734
11050   2734
11060   2734
11070   2734
11080   2734
11090   2734
11100   2734
11110   2734
11120   2734
11130   2734
11140   2734
11150   2734
11160   2734
11170   2734
11180   2734
