10   4964
20   4699
30   4699
40   4699
50   4699
60   4699
70   4699
80   4684
90   4684
100   4684
110   4684
120   4684
130   4684
140   4684
150   4684
160   4684
170   4684
180   4684
190   4684
200   4684
210   4396
220   4396
230   4396
240   4396
250   4396
260   4396
270   4396
280   4396
290   4396
300   4396
310   4396
320   4396
330   4396
340   4396
350   4396
360   4396
370   4396
380   4396
390   4396
400   4396
410   4396
420   4396
430   4396
440   4396
450   4396
460   4396
470   4396
480   4396
490   4396
500   4396
510   4396
520   4396
530   4396
540   4396
550   4396
560   4396
570   4396
580   4396
590   4396
600   4396
610   4396
620   4396
630   4396
640   4396
650   4396
660   4396
670   4396
680   4396
690   4396
700   4396
710   4396
720   4396
730   4396
740   4396
750   4396
760   4396
770   4396
780   4396
790   4396
800   4396
810   4396
820   4396
830   4396
840   4396
850   4396
860   4396
870   4396
880   4396
890   4396
900   4396
910   4396
920   4392
930   4392
940   4392
950   4392
960   4392
970   4392
980   4392
990   4392
1000   4392
1010   4392
1020   4392
1030   4392
1040   4392
1050   4392
1060   4392
1070   4392
1080   4392
1090   4392
1100   4392
1110   4392
1120   4392
1130   4392
1140   4392
1150   4392
1160   4392
1170   4392
1180   4392
1190   4392
1200   4392
1210   4392
1220   4392
1230   4392
1240   4392
1250   4392
1260   4392
1270   4392
1280   4392
1290   4392
1300   4392
1310   4392
1320   4392
1330   4392
1340   4392
1350   4392
1360   4392
1370   4392
1380   4392
1390   4392
1400   4392
1410   4392
1420   4392
1430   4392
1440   4392
1450   4392
1460   4392
1470   4392
1480   4392
1490   4392
1500   4392
1510   4392
1520   4392
1530   4392
1540   4392
1550   4392
1560   4392
1570   4392
1580   4392
1590   4391
1600   4391
1610   4391
1620   4391
1630   4391
1640   4391
1650   4391
1660   4391
1670   4391
1680   4391
1690   4391
1700   4391
1710   4391
1720   4391
1730   4391
1740   4391
1750   4391
1760   4391
1770   4391
1780   4391
1790   4391
1800   4391
1810   4391
1820   4391
1830   4391
1840   4391
1850   4391
1860   4391
1870   4391
1880   4391
1890   4391
1900   4391
1910   4391
1920   4391
1930   4391
1940   4391
1950   4391
1960   4391
1970   4391
1980   4391
1990   4391
2000   4391
2010   4391
2020   4391
2030   4391
2040   4391
2050   4391
2060   4391
2070   4391
2080   4391
2090   4391
2100   4391
2110   4391
2120   4391
2130   4391
2140   4391
2150   4391
2160   4391
2170   4391
2180   4391
2190   4391
2200   4391
2210   4391
2220   4391
2230   4391
2240   4391
2250   4391
2260   4391
2270   4391
2280   4391
2290   4391
2300   4391
2310   4391
2320   4391
2330   4391
2340   4391
2350   4391
2360   4391
2370   4391
2380   4391
2390   4391
2400   4391
2410   4391
2420   4391
2430   4391
2440   4391
2450   4391
2460   4391
2470   4391
2480   4391
2490   4391
2500   4391
2510   4391
2520   4391
2530   4391
2540   4391
2550   4391
2560   4391
2570   4391
2580   4391
2590   4391
2600   4391
2610   4391
2620   4391
2630   4391
2640   4391
2650   4391
2660   4391
2670   4391
2680   4391
2690   4391
2700   4391
2710   4391
2720   4391
2730   4391
2740   4391
2750   4391
2760   4391
2770   4391
2780   4391
2790   4391
2800   4391
2810   4391
2820   4391
2830   4391
2840   4391
2850   4391
2860   4391
2870   4391
2880   4391
2890   4391
2900   4391
2910   4391
2920   4391
2930   4391
2940   4391
2950   4391
2960   4391
2970   4391
2980   4391
2990   4391
3000   4391
3010   4391
3020   4391
3030   4391
3040   4391
3050   4391
3060   4391
3070   4391
3080   4391
3090   4391
3100   4391
3110   4391
3120   4391
3130   4391
3140   4391
3150   4391
3160   4391
3170   4391
3180   4391
3190   4391
3200   4391
3210   4391
3220   4391
3230   4391
3240   4391
3250   4391
3260   4391
3270   4391
3280   4391
3290   4391
3300   4391
3310   4391
3320   4391
3330   4391
3340   4391
3350   4391
3360   4391
3370   4391
3380   4391
3390   4391
3400   4391
3410   4391
3420   4391
3430   4391
3440   4391
3450   4391
3460   4391
3470   4166
3480   4166
3490   4166
3500   4166
3510   4166
3520   4166
3530   4166
3540   4166
3550   4166
3560   4166
3570   4166
3580   4166
3590   4166
3600   4166
3610   4166
3620   4166
3630   4166
3640   4166
3650   4166
3660   4166
3670   4166
3680   4166
3690   4166
3700   4166
3710   4166
3720   4166
3730   4166
3740   4166
3750   4166
3760   4166
3770   4166
3780   4166
3790   4166
3800   4166
3810   4166
3820   4166
3830   4166
3840   4166
3850   4166
3860   4166
3870   4166
3880   4166
3890   4166
3900   4166
3910   4166
3920   4166
3930   4166
3940   4166
3950   4166
3960   4166
3970   4166
3980   4166
3990   4166
4000   4166
4010   4166
4020   4166
4030   4166
4040   4166
4050   4166
4060   4166
4070   4166
4080   4166
4090   4166
4100   4166
4110   4166
4120   4166
4130   4166
4140   4166
4150   4166
4160   4166
4170   4166
4180   4166
4190   4166
4200   4166
4210   4166
4220   4166
4230   4166
4240   4166
4250   4166
4260   4166
4270   4166
4280   4166
4290   4166
4300   4166
4310   4166
4320   4166
4330   4166
4340   4166
4350   4166
4360   4166
4370   4166
4380   4166
4390   4166
4400   4166
4410   4166
4420   4166
4430   4166
4440   4166
4450   4166
4460   4166
4470   4166
4480   4166
4490   4166
4500   4166
4510   4166
4520   4166
4530   4166
4540   4166
4550   4166
4560   4166
4570   4166
4580   4166
4590   4166
4600   4166
4610   4166
4620   4166
4630   4166
4640   4166
4650   4166
4660   4166
4670   4166
4680   4166
4690   4166
4700   4166
4710   4166
4720   4166
4730   4166
4740   4166
4750   4166
4760   4166
4770   4166
4780   4166
4790   4166
4800   4166
4810   4166
4820   4166
4830   4166
4840   4166
4850   4166
4860   4166
4870   4166
4880   4166
4890   4166
4900   4166
4910   4166
4920   4166
4930   4166
4940   4166
4950   4166
4960   4166
4970   4166
4980   4166
4990   4166
5000   4166
5010   4166
5020   4166
5030   4166
5040   4166
5050   4166
5060   4166
5070   4166
5080   4166
5090   4166
5100   4166
5110   4166
5120   4166
5130   4166
5140   4166
5150   4166
5160   4166
5170   4166
5180   4166
5190   4166
5200   4166
5210   4166
5220   4166
5230   4166
5240   4166
5250   4166
5260   4166
5270   4166
5280   4166
5290   4166
5300   4166
5310   4166
5320   4166
5330   4166
5340   4166
5350   4166
5360   4166
5370   4166
5380   4166
5390   4166
5400   4166
5410   4166
5420   4166
5430   4166
5440   4166
5450   4166
5460   4166
5470   4166
5480   4166
5490   4166
5500   4166
5510   4166
5520   4166
5530   4166
5540   4166
5550   4166
5560   4166
5570   4166
5580   4166
5590   4166
5600   4166
5610   4166
5620   4166
5630   4166
5640   4166
5650   4166
5660   4166
5670   4166
5680   4166
5690   4166
5700   4166
5710   4166
5720   4166
5730   4166
5740   4166
5750   4166
5760   4166
5770   4166
5780   4166
5790   4166
5800   4166
5810   4166
5820   4166
5830   4166
5840   4166
5850   4166
5860   4166
5870   4166
5880   4166
5890   4166
5900   4166
5910   4166
5920   4166
5930   4166
5940   4166
5950   4166
5960   4166
5970   4166
5980   4166
5990   4166
6000   4166
6010   4166
6020   4166
6030   4166
6040   4166
6050   4166
6060   4166
6070   4166
6080   4166
6090   4166
6100   4166
6110   4166
6120   4166
6130   4166
6140   4166
6150   4166
6160   4166
6170   4166
6180   4166
6190   4166
6200   4166
6210   4166
6220   4166
6230   4166
6240   4166
6250   4166
6260   4166
6270   4166
6280   4166
6290   4166
6300   4166
6310   4166
6320   4166
6330   4166
6340   4166
6350   4166
6360   4166
6370   4166
6380   4166
6390   4166
6400   4166
6410   4166
6420   4166
6430   4166
6440   4166
6450   4166
6460   4166
6470   4166
6480   4166
6490   4166
6500   4166
6510   4166
6520   4166
6530   4166
6540   4166
6550   4166
6560   4166
6570   4166
6580   4166
6590   4166
6600   4166
6610   4166
6620   4166
6630   4166
6640   4166
6650   4166
6660   4166
6670   4166
6680   4166
6690   4166
6700   4166
6710   4166
6720   4166
6730   4166
6740   4166
6750   4166
6760   4166
6770   4166
6780   4166
6790   4166
6800   4166
6810   4166
6820   4166
6830   4166
6840   4166
6850   4166
6860   4166
6870   4166
6880   4166
6890   4166
6900   4166
6910   4166
6920   4166
6930   4166
6940   4166
6950   4166
6960   4166
6970   4166
6980   4166
6990   4166
7000   4166
7010   4166
7020   4166
7030   4166
7040   4166
7050   4166
7060   4166
7070   4166
7080   4166
7090   4166
7100   4166
7110   4166
7120   4166
7130   4166
7140   4166
7150   4166
7160   4166
7170   4166
7180   4166
7190   4166
7200   4166
7210   4166
7220   4166
7230   4166
7240   4166
7250   4166
7260   4166
7270   4166
7280   4166
7290   4166
7300   4166
7310   4166
7320   4166
7330   4166
7340   4166
7350   4166
7360   4166
7370   4166
7380   4166
7390   4166
7400   4166
7410   4166
7420   4166
7430   4166
7440   4166
7450   4166
7460   4166
7470   4166
7480   4166
7490   4166
7500   4166
7510   4166
7520   4166
7530   4166
7540   4166
7550   4166
7560   4166
7570   4166
7580   4166
7590   4166
7600   4166
7610   4166
7620   4166
7630   4166
7640   4166
7650   4166
7660   4166
7670   4166
7680   4166
7690   4166
7700   4166
7710   4166
7720   4166
7730   4166
7740   4166
7750   4166
7760   4166
7770   4166
7780   4166
7790   4166
7800   4166
7810   4166
7820   4166
7830   4166
7840   4166
7850   4166
7860   4166
7870   4166
7880   4166
7890   4166
7900   4166
7910   4166
7920   4166
7930   4166
7940   4166
7950   4166
7960   4166
7970   4166
7980   4166
7990   4166
8000   4166
8010   4166
8020   4166
8030   4166
8040   4166
8050   4166
8060   4166
8070   4166
8080   4166
8090   4166
8100   4166
8110   4166
8120   4166
8130   4166
8140   4166
8150   4166
8160   4166
8170   4166
8180   4166
8190   4166
8200   4166
8210   4166
8220   4166
8230   4166
8240   4166
8250   4166
8260   4166
8270   4166
8280   4166
8290   4166
8300   4166
8310   4166
8320   4166
8330   4166
8340   4166
8350   4166
8360   4166
8370   4166
8380   4166
8390   4166
8400   4166
8410   4166
8420   4166
8430   4166
8440   4166
8450   4166
8460   4166
8470   4166
8480   4166
8490   4166
8500   4166
8510   4166
8520   4166
8530   4166
8540   4166
8550   4166
8560   4166
8570   4166
8580   4166
8590   4166
8600   4166
8610   4166
8620   4166
8630   4166
8640   4166
8650   4166
8660   4166
8670   4166
8680   4166
8690   4166
8700   4166
8710   4166
8720   4166
8730   4166
8740   4166
8750   4166
8760   4166
8770   4166
8780   4166
8790   4166
8800   4166
8810   4166
8820   4166
8830   4166
8840   4166
8850   4166
8860   4166
8870   4166
8880   4166
8890   4166
8900   4166
8910   4166
8920   4166
8930   4166
8940   4166
8950   4166
8960   4166
8970   4166
8980   4166
8990   4166
9000   4166
9010   4166
9020   4166
9030   4166
9040   4166
9050   4166
9060   4166
9070   4166
9080   4166
9090   4166
9100   4166
9110   4166
9120   4166
9130   4166
9140   4166
9150   4166
9160   4166
9170   4166
9180   4166
9190   4166
9200   4166
9210   4166
9220   4166
9230   4166
9240   4166
9250   4166
9260   4166
9270   4166
9280   4166
9290   4166
9300   4166
9310   4166
9320   4166
9330   4166
9340   4166
9350   4166
9360   4166
9370   4166
9380   4166
9390   4166
9400   4166
9410   4166
9420   4166
9430   4166
9440   4166
9450   4166
9460   4166
9470   4166
9480   4166
9490   4166
9500   4166
9510   4166
9520   4166
9530   4166
9540   4166
9550   4166
9560   4166
9570   4166
9580   4166
9590   4166
9600   4166
9610   4166
9620   4166
9630   4166
9640   4166
9650   4166
9660   4166
9670   4166
9680   4166
9690   4166
9700   4166
9710   4166
9720   4166
9730   4166
9740   4166
9750   4166
9760   4166
9770   4166
9780   4166
9790   4166
9800   4166
9810   4166
9820   4166
9830   4166
9840   4166
9850   4166
9860   4166
9870   4166
9880   4166
9890   4166
9900   4166
9910   4166
9920   4166
9930   4166
9940   4166
9950   4166
9960   4166
9970   4166
9980   4166
9990   4166
10000   4166
10010   4166
10020   4166
10030   4166
10040   4166
10050   4166
10060   4166
10070   4166
10080   4166
10090   4166
10100   4166
10110   4166
10120   4166
10130   4166
10140   4166
10150   4166
10160   4166
10170   4166
10180   4166
10190   4166
10200   4166
10210   4166
10220   4166
10230   4166
10240   4166
10250   4166
10260   4166
10270   4166
10280   4166
10290   4166
10300   4166
10310   4166
10320   4166
10330   4166
10340   4166
10350   4166
10360   4166
10370   4166
10380   4166
10390   4166
10400   4166
10410   4166
10420   4166
10430   4166
10440   4166
10450   4166
10460   4166
10470   4166
10480   4166
10490   4166
10500   4166
10510   4166
10520   4166
10530   4166
10540   4166
10550   4166
10560   4166
10570   4166
10580   4166
10590   4166
10600   4166
10610   4166
10620   4166
10630   4166
10640   4166
10650   4166
10660   4166
10670   4166
10680   4166
10690   4166
10700   4166
10710   4166
10720   4166
10730   4166
10740   4166
10750   4166
10760   4166
10770   4166
10780   4166
10790   4166
10800   4166
10810   4166
10820   4166
10830   4166
10840   4166
10850   4166
10860   4166
10870   4166
10880   4166
10890   4166
10900   4166
10910   4166
10920   4166
10930   4166
10940   4166
10950   4166
10960   4166
10970   4166
10980   4166
10990   4166
11000   4166
11010   4166
11020   4166
11030   4166
11040   4166
11050   4166
11060   4166
11070   4166
11080   4166
11090   4166
11100   4166
11110   4166
11120   4166
11130   4166
11140   4166
11150   4166
11160   4166
11170   4166
11180   4166
11190   4166
11200   4166
11210   4166
11220   4166
11230   4166
11240   4166
11250   4166
11260   4166
11270   4166
11280   4166
11290   4166
11300   4166
11310   4166
11320   4166
11330   4166
11340   4166
11350   4166
11360   4166
11370   4166
11380   4166
11390   4166
11400   4166
11410   4166
11420   4166
11430   4166
11440   4166
11450   4166
11460   4166
11470   4166
11480   4166
11490   4166
11500   4166
11510   4166
11520   4166
11530   4166
11540   4166
11550   4166
11560   4166
11570   4166
11580   4166
11590   4166
11600   4166
