10   5194
20   5194
30   5040
40   5040
50   5040
60   5040
70   4741
80   4741
90   4741
100   4741
110   4741
120   4741
130   4741
140   4741
150   4741
160   4741
170   4741
180   4741
190   4741
200   4741
210   4741
220   4741
230   4741
240   4741
250   4741
260   4741
270   4741
280   4741
290   4741
300   4741
310   4741
320   4741
330   4741
340   4741
350   4741
360   4741
370   4741
380   4741
390   4741
400   4741
410   4741
420   4741
430   4741
440   4741
450   4741
460   4741
470   4741
480   4741
490   4741
500   4741
510   4741
520   4741
530   4741
540   4741
550   4741
560   4741
570   4741
580   4741
590   4741
600   4716
610   4716
620   4716
630   4716
640   4716
650   4716
660   4716
670   4716
680   4716
690   4716
700   4716
710   4716
720   4716
730   4716
740   4716
750   4716
760   4716
770   4716
780   4716
790   4716
800   4716
810   4716
820   4716
830   4716
840   4716
850   4716
860   4716
870   4716
880   4716
890   4716
900   4716
910   4716
920   4716
930   4716
940   4716
950   4716
960   4716
970   4716
980   4716
990   4716
1000   4716
1010   4716
1020   4716
1030   4716
1040   4716
1050   4716
1060   4716
1070   4716
1080   4716
1090   4716
1100   4716
1110   4716
1120   4716
1130   4716
1140   4716
1150   4716
1160   4716
1170   4716
1180   4716
1190   4716
1200   4716
1210   4716
1220   4716
1230   4716
1240   4716
1250   4716
1260   4716
1270   4716
1280   4716
1290   4716
1300   4716
1310   4716
1320   4716
1330   4716
1340   4716
1350   4716
1360   4716
1370   4716
1380   4716
1390   4716
1400   4716
1410   4716
1420   4716
1430   4716
1440   4716
1450   4716
1460   4716
1470   4716
1480   4716
1490   4716
1500   4716
1510   4716
1520   4716
1530   4716
1540   4716
1550   4716
1560   4716
1570   4716
1580   4716
1590   4716
1600   4716
1610   4716
1620   4716
1630   4716
1640   4716
1650   4716
1660   4716
1670   4716
1680   4716
1690   4716
1700   4716
1710   4716
1720   4716
1730   4716
1740   4716
1750   4716
1760   4716
1770   4716
1780   4716
1790   4716
1800   4716
1810   4716
1820   4716
1830   4716
1840   4716
1850   4716
1860   4716
1870   4716
1880   4716
1890   4716
1900   4716
1910   4716
1920   4716
1930   4716
1940   4716
1950   4716
1960   4716
1970   4716
1980   4716
1990   4716
2000   4716
2010   4716
2020   4716
2030   4716
2040   4716
2050   4716
2060   4716
2070   4716
2080   4716
2090   4716
2100   4716
2110   4716
2120   4716
2130   4716
2140   4716
2150   4716
2160   4716
2170   4716
2180   4716
2190   4716
2200   4716
2210   4716
2220   4716
2230   4716
2240   4716
2250   4716
2260   4716
2270   4716
2280   4716
2290   4716
2300   4716
2310   4716
2320   4716
2330   4716
2340   4716
2350   4716
2360   4716
2370   4716
2380   4716
2390   4716
2400   4716
2410   4716
2420   4716
2430   4716
2440   4716
2450   4716
2460   4716
2470   4716
2480   4716
2490   4716
2500   4716
2510   4716
2520   4716
2530   4716
2540   4716
2550   4716
2560   4716
2570   4716
2580   4716
2590   4716
2600   4716
2610   4716
2620   4716
2630   4716
2640   4716
2650   4716
2660   4716
2670   4716
2680   4716
2690   4716
2700   4716
2710   4716
2720   4716
2730   4716
2740   4716
2750   4716
2760   4716
2770   4716
2780   4716
2790   4716
2800   4716
2810   4716
2820   4716
2830   4716
2840   4716
2850   4716
2860   4716
2870   4716
2880   4716
2890   4716
2900   4716
2910   4716
2920   4716
2930   4716
2940   4716
2950   4716
2960   4716
2970   4716
2980   4716
2990   4716
3000   4716
3010   4716
3020   4716
3030   4716
3040   4716
3050   4716
3060   4716
3070   4716
3080   4716
3090   4716
3100   4716
3110   4716
3120   4716
3130   4716
3140   4716
3150   4716
3160   4716
3170   4716
3180   4716
3190   4716
3200   4716
3210   4716
3220   4716
3230   4716
3240   4716
3250   4716
3260   4716
3270   4716
3280   4716
3290   4716
3300   4716
3310   4716
3320   4716
3330   4716
3340   4716
3350   4716
3360   4716
3370   4716
3380   4716
3390   4716
3400   4716
3410   4716
3420   4716
3430   4716
3440   4716
3450   4716
3460   4716
3470   4716
3480   4716
3490   4716
3500   4716
3510   4716
3520   4716
3530   4716
3540   4716
3550   4716
3560   4716
3570   4716
3580   4716
3590   4716
3600   4716
3610   4716
3620   4716
3630   4716
3640   4716
3650   4716
3660   4716
3670   4716
3680   4716
3690   4716
3700   4716
3710   4716
3720   4716
3730   4716
3740   4716
3750   4716
3760   4716
3770   4716
3780   4716
3790   4716
3800   4716
3810   4716
3820   4716
3830   4716
3840   4716
3850   4716
3860   4716
3870   4716
3880   4716
3890   4716
3900   4716
3910   4716
3920   4716
3930   4716
3940   4716
3950   4716
3960   4716
3970   4716
3980   4716
3990   4716
4000   4716
4010   4716
4020   4716
4030   4716
4040   4716
4050   4716
4060   4716
4070   4716
4080   4716
4090   4716
4100   4716
4110   4716
4120   4716
4130   4716
4140   4716
4150   4716
4160   4716
4170   4716
4180   4716
4190   4716
4200   4716
4210   4716
4220   4716
4230   4716
4240   4716
4250   4716
4260   4716
4270   4716
4280   4716
4290   4716
4300   4716
4310   4716
4320   4716
4330   4716
4340   4716
4350   4716
4360   4716
4370   4716
4380   4716
4390   4716
4400   4716
4410   4716
4420   4716
4430   4716
4440   4716
4450   4716
4460   4716
4470   4716
4480   4716
4490   4716
4500   4716
4510   4716
4520   4716
4530   4716
4540   4716
4550   4716
4560   4716
4570   4716
4580   4716
4590   4716
4600   4716
4610   4716
4620   4716
4630   4716
4640   4716
4650   4716
4660   4716
4670   4716
4680   4716
4690   4716
4700   4716
4710   4716
4720   4716
4730   4716
4740   4716
4750   4716
4760   4704
4770   4704
4780   4704
4790   4704
4800   4704
4810   4704
4820   4704
4830   4704
4840   4704
4850   4704
4860   4704
4870   4704
4880   4704
4890   4704
4900   4704
4910   4704
4920   4704
4930   4704
4940   4704
4950   4704
4960   4704
4970   4704
4980   4704
4990   4704
5000   4704
5010   4704
5020   4704
5030   4704
5040   4704
5050   4704
5060   4704
5070   4704
5080   4704
5090   4704
5100   4704
5110   4704
5120   4704
5130   4704
5140   4704
5150   4704
5160   4704
5170   4704
5180   4704
5190   4704
5200   4704
5210   4704
5220   4704
5230   4704
5240   4704
5250   4704
5260   4704
5270   4704
5280   4704
5290   4704
5300   4704
5310   4704
5320   4704
5330   4704
5340   4704
5350   4704
5360   4704
5370   4704
5380   4704
5390   4704
5400   4704
5410   4704
5420   4704
5430   4704
5440   4704
5450   4704
5460   4704
5470   4704
5480   4704
5490   4704
5500   4704
5510   4704
5520   4704
5530   4704
5540   4704
5550   4704
5560   4704
5570   4704
5580   4704
5590   4704
5600   4704
5610   4704
5620   4704
5630   4704
5640   4704
5650   4704
5660   4704
5670   4704
5680   4704
5690   4704
5700   4704
5710   4704
5720   4704
5730   4704
5740   4704
5750   4704
5760   4704
5770   4704
5780   4704
5790   4704
5800   4704
5810   4704
5820   4704
5830   4704
5840   4704
5850   4704
5860   4704
5870   4704
5880   4704
5890   4704
5900   4704
5910   4704
5920   4704
5930   4704
5940   4704
5950   4704
5960   4704
5970   4704
5980   4704
5990   4704
6000   4704
6010   4704
6020   4704
6030   4704
6040   4704
6050   4704
6060   4704
6070   4704
6080   4704
6090   4704
6100   4704
6110   4704
6120   4704
6130   4704
6140   4704
6150   4704
6160   4704
6170   4704
6180   4703
6190   4703
6200   4703
6210   4703
6220   4703
6230   4703
6240   4703
6250   4703
6260   4703
6270   4703
6280   4703
6290   4703
6300   4703
6310   4703
6320   4703
6330   4703
6340   4703
6350   4703
6360   4703
6370   4703
6380   4703
6390   4703
6400   4703
6410   4703
6420   4703
6430   4703
6440   4703
6450   4703
6460   4703
6470   4703
6480   4703
6490   4703
6500   4703
6510   4703
6520   4703
6530   4703
6540   4703
6550   4703
6560   4703
6570   4703
6580   4703
6590   4703
6600   4703
6610   4703
6620   4703
6630   4703
6640   4703
6650   4703
6660   4703
6670   4703
6680   4703
6690   4703
6700   4703
6710   4703
6720   4703
6730   4703
6740   4703
6750   4703
6760   4703
6770   4703
6780   4703
6790   4703
6800   4703
6810   4703
6820   4703
6830   4703
6840   4703
6850   4703
6860   4703
6870   4703
6880   4703
6890   4703
6900   4703
6910   4703
6920   4703
6930   4703
6940   4703
6950   4703
6960   4703
6970   4703
6980   4703
6990   4703
7000   4703
7010   4703
7020   4703
7030   4703
7040   4703
7050   4703
7060   4703
7070   4703
7080   4703
7090   4703
7100   4703
7110   4703
7120   4703
7130   4703
7140   4703
7150   4703
7160   4703
7170   4703
7180   4703
7190   4703
7200   4703
7210   4703
7220   4703
7230   4703
7240   4703
7250   4703
7260   4703
7270   4703
7280   4703
7290   4703
7300   4703
7310   4703
7320   4703
7330   4703
7340   4703
7350   4703
7360   4703
7370   4703
7380   4703
7390   4703
7400   4703
7410   4703
7420   4703
7430   4703
7440   4703
7450   4703
7460   4703
7470   4703
7480   4703
7490   4703
7500   4703
7510   4703
7520   4703
7530   4703
7540   4703
7550   4703
7560   4703
7570   4703
7580   4703
7590   4703
7600   4703
7610   4703
7620   4703
7630   4703
7640   4703
7650   4703
7660   4703
7670   4703
7680   4703
7690   4703
7700   4703
7710   4703
7720   4703
7730   4703
7740   4703
7750   4703
7760   4703
7770   4703
7780   4703
7790   4703
7800   4703
7810   4703
7820   4703
7830   4703
7840   4703
7850   4703
7860   4703
7870   4703
7880   4703
7890   4703
7900   4703
7910   4703
7920   4703
7930   4703
7940   4703
7950   4703
7960   4703
7970   4703
7980   4703
7990   4703
8000   4703
8010   4703
8020   4703
8030   4703
8040   4703
8050   4703
8060   4703
8070   4703
8080   4692
8090   4692
8100   4692
8110   4692
8120   4692
8130   4692
8140   4692
8150   4692
8160   4692
8170   4692
8180   4692
8190   4692
8200   4692
8210   4692
8220   4692
8230   4692
8240   4692
8250   4692
8260   4692
8270   4692
8280   4692
8290   4692
8300   4692
8310   4692
8320   4692
8330   4692
8340   4692
8350   4692
8360   4692
8370   4692
8380   4692
8390   4692
8400   4692
8410   4692
8420   4692
8430   4692
8440   4692
8450   4692
8460   4692
8470   4692
8480   4692
8490   4692
8500   4692
8510   4692
8520   4692
8530   4692
8540   4692
8550   4692
8560   4692
8570   4692
8580   4692
8590   4692
8600   4692
8610   4692
8620   4692
8630   4692
8640   4692
8650   4692
8660   4692
8670   4692
8680   4692
8690   4692
8700   4692
8710   4692
8720   4692
8730   4692
8740   4692
8750   4692
8760   4692
8770   4692
8780   4692
8790   4692
8800   4692
8810   4692
8820   4692
8830   4692
8840   4692
8850   4692
8860   4692
8870   4692
8880   4692
8890   4692
8900   4692
8910   4692
8920   4692
8930   4692
8940   4692
8950   4692
8960   4692
8970   4692
8980   4692
8990   4692
9000   4692
9010   4692
9020   4692
9030   4692
9040   4692
9050   4692
9060   4692
9070   4692
9080   4692
9090   4692
9100   4692
9110   4692
9120   4692
9130   4692
9140   4692
9150   4692
9160   4692
9170   4692
9180   4692
9190   4692
9200   4692
9210   4692
9220   4692
9230   4692
9240   4692
9250   4692
9260   4692
9270   4692
9280   4692
9290   4692
9300   4692
9310   4692
9320   4692
9330   4692
9340   4692
9350   4692
9360   4692
9370   4692
9380   4692
9390   4692
9400   4692
9410   4692
9420   4692
9430   4692
9440   4692
9450   4692
9460   4692
9470   4692
9480   4692
9490   4692
9500   4692
9510   4692
9520   4692
9530   4692
9540   4692
9550   4692
9560   4692
9570   4692
9580   4692
9590   4692
9600   4692
9610   4692
9620   4692
9630   4692
9640   4692
9650   4692
9660   4692
9670   4692
9680   4692
9690   4692
9700   4692
9710   4692
9720   4692
9730   4692
9740   4692
9750   4692
9760   4692
9770   4692
9780   4692
9790   4692
9800   4692
9810   4692
9820   4692
9830   4692
9840   4692
9850   4692
9860   4692
9870   4692
9880   4692
9890   4692
9900   4692
9910   4692
9920   4692
9930   4692
9940   4692
9950   4692
9960   4692
9970   4692
9980   4692
9990   4692
10000   4692
10010   4692
10020   4692
10030   4692
10040   4692
10050   4692
10060   4692
10070   4692
10080   4692
10090   4692
10100   4692
10110   4692
10120   4692
10130   4692
10140   4692
10150   4692
10160   4692
10170   4692
10180   4692
10190   4692
10200   4692
10210   4692
10220   4692
10230   4692
10240   4692
10250   4692
10260   4692
10270   4692
10280   4692
10290   4692
10300   4692
10310   4692
10320   4692
10330   4692
10340   4692
10350   4692
10360   4692
10370   4692
10380   4692
10390   4692
10400   4692
10410   4692
10420   4692
10430   4692
10440   4692
10450   4692
10460   4692
10470   4692
10480   4692
10490   4692
10500   4692
10510   4692
10520   4692
10530   4692
10540   4692
10550   4692
10560   4692
10570   4692
10580   4692
10590   4692
10600   4692
10610   4692
10620   4692
10630   4692
10640   4692
10650   4692
10660   4692
10670   4692
10680   4692
10690   4692
10700   4692
10710   4692
10720   4692
10730   4692
10740   4692
10750   4692
10760   4692
10770   4692
10780   4692
10790   4692
10800   4692
10810   4692
10820   4692
10830   4692
10840   4692
10850   4692
10860   4692
10870   4692
10880   4692
10890   4692
10900   4692
10910   4692
10920   4692
10930   4692
10940   4692
10950   4692
10960   4692
10970   4692
10980   4692
10990   4692
11000   4692
11010   4692
11020   4692
11030   4692
11040   4692
11050   4692
11060   4692
11070   4692
11080   4692
11090   4692
11100   4692
11110   4692
11120   4692
11130   4692
11140   4692
11150   4692
11160   4692
11170   4692
11180   4692
11190   4692
11200   4692
11210   4692
11220   4692
11230   4692
11240   4692
11250   4692
11260   4692
11270   4692
11280   4692
11290   4692
11300   4692
11310   4692
11320   4692
11330   4692
11340   4692
11350   4692
11360   4692
11370   4692
11380   4692
11390   4692
11400   4692
11410   4692
11420   4692
11430   4692
11440   4692
11450   4692
11460   4692
11470   4692
11480   4692
11490   4692
11500   4692
11510   4692
11520   4692
11530   4692
11540   4692
11550   4692
11560   4692
11570   4692
11580   4692
11590   4692
11600   4692
11610   4692
11620   4692
11630   4692
11640   4692
11650   4692
11660   4692
11670   4692
11680   4692
11690   4692
11700   4692
11710   4692
11720   4692
11730   4692
11740   4692
11750   4692
11760   4692
11770   4692
11780   4692
11790   4692
11800   4692
11810   4692
11820   4692
11830   4692
11840   4692
11850   4692
11860   4692
11870   4692
11880   4692
11890   4692
11900   4692
11910   4692
11920   4692
11930   4692
11940   4692
11950   4692
11960   4692
11970   4692
11980   4692
11990   4692
12000   4692
12010   4692
12020   4692
12030   4692
12040   4692
12050   4692
12060   4692
12070   4692
12080   4692
12090   4692
12100   4692
12110   4692
12120   4692
12130   4692
12140   4692
12150   4692
12160   4692
12170   4692
12180   4692
12190   4692
12200   4692
12210   4692
12220   4692
12230   4692
12240   4692
12250   4692
12260   4692
12270   4692
12280   4692
12290   4692
12300   4692
12310   4692
12320   4692
12330   4692
12340   4692
12350   4692
12360   4692
12370   4686
12380   4686
12390   4686
12400   4686
12410   4686
12420   4686
12430   4686
12440   4686
12450   4686
12460   4686
12470   4686
12480   4686
12490   4686
12500   4686
12510   4686
12520   4686
12530   4686
12540   4686
12550   4686
12560   4686
12570   4686
12580   4686
12590   4686
12600   4686
12610   4686
12620   4686
12630   4686
12640   4686
12650   4686
12660   4686
12670   4686
12680   4686
12690   4686
12700   4686
12710   4686
12720   4686
12730   4686
12740   4686
12750   4686
12760   4686
12770   4686
12780   4686
12790   4686
12800   4686
12810   4686
12820   4686
12830   4686
12840   4686
12850   4686
12860   4686
12870   4686
12880   4686
12890   4686
12900   4686
12910   4686
12920   4686
12930   4686
12940   4686
12950   4686
12960   4686
12970   4686
12980   4686
12990   4686
13000   4686
13010   4686
13020   4686
13030   4686
13040   4686
13050   4686
13060   4686
13070   4686
13080   4686
13090   4686
13100   4686
13110   4686
13120   4686
13130   4686
13140   4686
13150   4686
13160   4686
13170   4686
13180   4686
13190   4686
13200   4686
13210   4686
13220   4686
13230   4686
13240   4686
13250   4686
13260   4686
13270   4686
13280   4686
13290   4686
13300   4686
13310   4686
13320   4686
13330   4686
13340   4686
13350   4686
13360   4686
13370   4686
13380   4686
13390   4686
13400   4686
13410   4686
13420   4686
13430   4686
13440   4686
13450   4686
13460   4686
13470   4686
13480   4686
13490   4686
13500   4686
13510   4686
13520   4686
13530   4686
13540   4686
13550   4686
13560   4686
13570   4686
13580   4686
13590   4686
13600   4686
13610   4686
13620   4686
13630   4686
13640   4686
13650   4686
13660   4686
13670   4686
13680   4686
13690   4686
13700   4686
13710   4686
13720   4686
13730   4686
13740   4686
13750   4686
13760   4686
13770   4686
13780   4686
13790   4686
13800   4686
13810   4686
13820   4686
13830   4686
13840   4686
13850   4686
13860   4686
13870   4686
13880   4686
13890   4686
13900   4686
13910   4686
13920   4686
13930   4686
13940   4686
13950   4686
13960   4686
13970   4686
13980   4686
13990   4686
14000   4686
14010   4686
14020   4686
14030   4686
14040   4686
14050   4686
14060   4686
14070   4686
14080   4686
14090   4686
14100   4686
14110   4686
14120   4686
14130   4686
14140   4686
14150   4686
14160   4686
14170   4686
14180   4686
14190   4686
14200   4686
14210   4686
14220   4686
14230   4686
14240   4686
14250   4686
14260   4686
14270   4686
14280   4686
14290   4686
14300   4686
14310   4686
14320   4686
14330   4686
14340   4686
14350   4686
14360   4686
14370   4686
14380   4686
14390   4686
14400   4686
14410   4686
14420   4686
14430   4686
14440   4686
14450   4686
14460   4686
14470   4686
14480   4686
14490   4686
14500   4686
14510   4686
14520   4686
14530   4686
14540   4686
14550   4686
14560   4686
14570   4686
14580   4686
14590   4686
14600   4686
14610   4686
14620   4686
14630   4686
14640   4686
14650   4686
14660   4686
14670   4686
14680   4686
14690   4686
14700   4686
14710   4686
14720   4686
14730   4686
14740   4686
14750   4686
14760   4686
14770   4686
14780   4686
14790   4686
14800   4686
14810   4686
14820   4686
14830   4686
14840   4686
14850   4686
14860   4686
14870   4686
14880   4686
14890   4686
14900   4686
14910   4686
14920   4686
14930   4686
14940   4686
14950   4686
14960   4686
14970   4686
14980   4686
14990   4686
15000   4686
15010   4686
15020   4686
15030   4686
15040   4686
15050   4686
15060   4686
15070   4686
15080   4686
15090   4686
15100   4686
15110   4686
15120   4686
15130   4686
15140   4686
15150   4686
15160   4686
15170   4686
