10   10633
20   10633
30   10633
40   10563
50   10563
60   10554
70   10554
80   10219
90   10219
100   10136
110   10136
120   10136
130   10136
140   10136
150   10136
160   10136
170   10136
180   10136
190   10136
200   10136
210   10136
220   10136
230   10136
240   10136
250   10136
260   10136
270   10136
280   10136
290   10136
300   10136
310   10136
320   10136
330   10136
340   10136
350   10136
360   10136
370   10136
380   10136
390   10136
400   10136
410   10136
420   10136
430   10136
440   10136
450   10136
460   10136
470   10136
480   10136
490   10136
500   10136
510   10136
520   10136
530   10136
540   10136
550   10136
560   10136
570   10136
580   10136
590   10136
600   10136
610   10136
620   10136
630   10136
640   10136
650   10136
660   10136
670   10136
680   10136
690   10136
700   10136
710   10136
720   10136
730   10136
740   10136
750   10136
760   10136
770   10136
780   10136
790   10136
800   10136
810   10136
820   10136
830   10136
840   10136
850   10136
860   10136
870   10136
880   10136
890   10136
900   10136
910   10136
920   10136
930   10136
940   10136
950   10136
960   10136
970   10136
980   10136
990   10136
1000   10136
1010   10136
1020   10136
1030   10136
1040   10136
1050   10136
1060   10136
1070   10136
1080   10136
1090   10136
1100   10136
1110   10136
1120   10136
1130   10136
1140   10136
1150   10136
1160   10136
1170   10136
1180   10136
1190   10136
1200   10136
1210   10136
1220   10136
1230   10136
1240   10136
1250   10136
1260   10136
1270   10136
1280   10136
1290   10136
1300   10136
1310   10136
1320   10136
1330   10136
1340   10136
1350   10136
1360   10136
1370   10136
1380   10136
1390   10136
1400   10136
1410   10136
1420   10136
1430   10136
1440   10136
1450   10136
1460   10136
1470   10136
1480   10136
1490   10136
1500   10136
1510   10136
1520   10136
1530   10136
1540   10136
1550   10136
1560   10136
1570   10136
1580   10136
1590   10136
1600   10136
1610   10136
1620   10136
1630   10136
1640   10136
1650   10136
1660   10136
1670   10136
1680   10136
1690   10136
1700   10136
1710   10136
1720   10136
1730   10136
1740   10136
1750   10136
1760   10136
1770   10136
1780   10136
1790   10136
1800   10136
1810   10136
1820   10136
1830   10136
1840   10136
1850   10136
1860   10136
1870   10136
1880   10136
1890   10136
1900   10136
1910   10136
1920   10136
1930   10136
1940   10136
1950   10136
1960   10136
1970   10136
1980   10136
1990   10136
2000   10136
2010   10136
2020   10136
2030   10136
2040   10136
2050   10136
2060   10136
2070   10136
2080   10136
2090   10136
2100   10136
2110   10136
2120   10136
2130   10136
2140   10136
2150   10136
2160   10136
2170   10136
2180   10136
2190   10136
2200   10136
2210   10136
2220   10136
2230   10136
2240   10136
2250   10136
2260   10136
2270   10136
2280   10136
2290   10136
2300   10136
2310   10136
2320   10136
2330   10136
2340   10136
2350   10136
2360   10136
2370   10136
2380   10136
2390   10136
2400   10136
2410   10136
2420   10136
2430   10136
2440   10136
2450   10136
2460   10136
2470   10136
2480   10136
2490   10136
2500   10136
2510   10136
2520   10136
2530   10136
2540   10136
2550   10136
2560   10136
2570   10136
2580   10136
2590   10136
2600   10136
2610   10136
2620   10136
2630   10136
2640   10136
2650   10136
2660   10136
2670   10136
2680   10136
2690   10136
2700   10136
2710   10136
2720   10136
2730   10136
2740   10136
2750   10136
2760   10136
2770   10136
2780   10136
2790   10136
2800   10136
2810   10136
2820   10136
2830   10136
2840   10136
2850   10136
2860   10136
2870   10136
2880   10136
2890   10136
2900   10136
2910   10136
2920   10136
2930   10136
2940   10136
2950   10136
2960   10136
2970   10136
2980   10136
2990   10136
3000   10136
3010   10136
3020   10136
3030   10136
3040   10136
3050   10136
3060   10136
3070   10136
3080   10136
3090   10136
3100   10136
3110   10136
3120   10136
3130   10136
3140   10136
3150   10136
3160   10136
3170   10136
3180   10136
3190   10136
3200   10136
3210   10136
3220   10136
3230   10136
3240   10136
3250   10136
3260   10136
3270   10136
3280   10136
3290   10136
3300   10136
3310   10136
3320   10136
3330   10136
3340   10136
3350   10136
3360   10136
3370   10136
3380   10136
3390   10136
3400   10136
3410   10136
3420   10136
3430   10136
3440   10136
3450   10136
3460   10136
3470   10136
3480   10136
3490   10136
3500   10136
3510   10136
3520   10136
3530   10136
3540   10136
3550   10136
3560   10136
3570   10136
3580   10136
3590   10136
3600   10136
3610   10136
3620   10136
3630   10136
3640   10136
3650   10136
3660   10136
3670   10136
3680   10136
3690   10136
3700   10136
3710   10136
3720   10136
3730   10136
3740   10136
3750   10136
3760   10136
3770   10136
3780   10136
3790   10136
3800   10136
3810   10136
3820   10136
3830   10136
3840   10136
3850   10136
3860   10136
3870   10136
3880   10136
3890   10136
3900   10136
3910   10136
3920   10136
3930   10136
3940   10136
3950   10136
3960   10136
3970   10136
3980   10136
3990   10136
4000   10136
4010   10136
4020   10136
4030   10136
4040   10136
4050   10136
4060   10136
4070   10136
4080   10136
4090   10136
4100   10136
4110   10136
4120   10136
4130   10136
4140   10136
4150   10136
4160   10136
4170   10136
4180   10136
4190   10136
4200   10136
4210   10136
4220   10136
4230   10136
4240   10136
4250   10136
4260   10136
4270   10136
4280   10136
4290   10136
4300   10136
4310   10136
4320   10136
4330   10136
4340   10136
4350   10136
4360   10136
4370   10136
4380   10136
4390   10136
4400   10136
4410   10136
4420   10136
4430   10136
4440   10136
4450   10136
4460   10136
4470   10136
4480   10136
4490   10136
4500   10136
4510   10136
4520   10136
4530   10136
4540   10136
4550   10136
4560   10136
4570   10136
4580   10136
4590   10136
4600   10136
4610   10136
4620   10136
4630   10136
4640   10136
4650   10136
4660   10136
4670   10136
4680   10136
4690   10136
4700   10136
4710   10136
4720   10136
4730   10136
4740   10136
4750   10136
4760   10136
4770   10136
4780   10136
4790   10136
4800   10136
4810   10136
4820   10136
4830   10136
4840   10136
4850   10136
4860   10136
4870   10136
4880   10136
4890   10136
4900   10136
4910   10136
4920   10136
4930   10136
4940   10136
4950   10136
4960   10136
4970   10136
4980   10136
4990   10136
5000   10136
5010   10136
5020   10136
5030   10136
5040   10136
5050   10136
5060   10136
5070   10136
5080   10136
5090   10136
5100   10136
5110   10136
5120   10136
5130   10136
5140   10136
5150   10136
5160   10136
5170   10136
5180   10136
5190   10136
5200   10136
5210   10136
5220   10136
5230   10136
5240   10136
5250   10136
5260   10136
5270   10136
5280   10136
5290   10136
5300   10136
5310   10126
5320   10126
5330   10126
5340   10126
5350   10126
5360   10126
5370   10126
5380   10126
5390   10126
5400   10126
5410   10126
5420   10126
5430   10126
5440   10126
5450   10126
5460   10126
5470   10126
5480   10126
5490   10126
5500   10126
5510   10126
5520   10126
5530   10126
5540   10126
5550   10126
5560   10126
5570   10126
5580   10126
5590   10126
5600   10126
5610   10126
5620   10126
5630   10126
5640   10126
5650   10126
5660   10126
5670   10126
5680   10126
5690   10126
5700   10126
5710   10126
5720   10126
5730   10126
5740   10126
5750   10126
5760   10126
5770   10126
5780   10126
5790   10126
5800   10126
5810   10126
5820   10126
5830   10126
5840   10126
5850   10126
5860   10126
5870   10126
5880   10126
5890   10126
5900   10126
5910   10126
5920   10126
5930   10126
5940   10126
5950   10126
5960   10126
5970   10126
5980   10126
5990   10126
6000   10126
6010   10126
6020   10126
6030   10126
6040   10126
6050   10126
6060   10126
6070   10126
6080   10126
6090   9985
6100   9985
6110   9985
6120   9985
6130   9985
6140   9985
6150   9985
6160   9985
6170   9985
6180   9985
6190   9985
6200   9985
6210   9985
6220   9985
6230   9985
6240   9985
6250   9985
6260   9985
6270   9985
6280   9985
6290   9985
6300   9985
6310   9985
6320   9985
6330   9985
6340   9985
6350   9985
6360   9985
6370   9985
6380   9985
6390   9985
6400   9985
6410   9985
6420   9985
6430   9985
6440   9985
6450   9985
6460   9985
6470   9985
6480   9985
6490   9985
6500   9985
6510   9985
6520   9985
6530   9985
6540   9985
6550   9985
6560   9985
6570   9985
6580   9985
6590   9985
6600   9985
6610   9985
6620   9985
6630   9985
6640   9985
6650   9985
6660   9985
6670   9985
6680   9985
6690   9985
6700   9985
6710   9985
6720   9985
6730   9985
6740   9985
6750   9985
6760   9985
6770   9985
6780   9985
6790   9985
6800   9985
6810   9985
6820   9985
6830   9985
6840   9985
6850   9985
6860   9985
6870   9985
6880   9985
6890   9985
6900   9985
6910   9985
6920   9985
6930   9985
6940   9985
6950   9985
6960   9985
6970   9985
6980   9985
6990   9985
7000   9985
7010   9985
7020   9985
7030   9985
7040   9985
7050   9985
7060   9985
7070   9985
7080   9985
7090   9985
7100   9985
7110   9985
7120   9985
7130   9985
7140   9985
7150   9985
7160   9985
7170   9985
7180   9985
7190   9985
7200   9985
7210   9985
7220   9985
7230   9985
7240   9985
7250   9985
7260   9985
7270   9985
7280   9985
7290   9985
7300   9985
7310   9985
7320   9985
7330   9985
7340   9985
7350   9985
7360   9985
7370   9985
7380   9985
7390   9985
7400   9985
7410   9985
7420   9985
7430   9985
7440   9985
7450   9985
7460   9985
7470   9985
7480   9985
7490   9985
7500   9985
7510   9985
7520   9985
7530   9985
7540   9985
7550   9985
7560   9985
7570   9985
7580   9985
7590   9985
7600   9985
7610   9985
7620   9985
7630   9985
7640   9985
7650   9985
7660   9985
7670   9985
7680   9985
7690   9985
7700   9985
7710   9985
7720   9985
7730   9985
7740   9985
7750   9985
7760   9985
7770   9985
7780   9985
7790   9985
7800   9985
7810   9985
7820   9985
7830   9985
7840   9985
7850   9985
7860   9985
7870   9985
7880   9985
7890   9985
7900   9985
7910   9985
7920   9985
7930   9985
7940   9985
7950   9985
7960   9985
7970   9985
7980   9985
7990   9985
8000   9985
8010   9985
8020   9985
8030   9985
8040   9985
8050   9985
8060   9985
8070   9985
8080   9985
8090   9985
8100   9985
8110   9985
8120   9985
8130   9985
8140   9985
8150   9985
8160   9985
8170   9985
8180   9985
8190   9985
8200   9985
8210   9985
8220   9985
8230   9985
8240   9985
8250   9985
8260   9985
8270   9985
8280   9985
8290   9985
8300   9985
8310   9985
8320   9985
8330   9985
8340   9985
8350   9985
8360   9985
8370   9985
8380   9985
8390   9985
8400   9985
8410   9985
8420   9985
8430   9985
8440   9985
8450   9985
8460   9985
8470   9985
8480   9985
8490   9985
8500   9985
8510   9985
8520   9985
8530   9985
8540   9985
8550   9985
8560   9985
8570   9985
8580   9985
8590   9985
8600   9985
8610   9985
8620   9985
8630   9985
8640   9985
8650   9985
8660   9985
8670   9985
8680   9985
8690   9985
8700   9985
8710   9985
8720   9985
8730   9985
8740   9985
8750   9985
8760   9985
8770   9985
8780   9985
8790   9985
8800   9985
8810   9985
8820   9985
8830   9985
8840   9985
8850   9985
8860   9985
8870   9985
8880   9985
8890   9985
8900   9985
8910   9985
8920   9985
8930   9985
8940   9985
8950   9985
8960   9985
8970   9985
8980   9985
8990   9985
9000   9985
9010   9985
9020   9985
9030   9985
9040   9985
9050   9985
9060   9985
9070   9985
9080   9985
9090   9985
9100   9985
9110   9985
9120   9985
9130   9985
9140   9985
9150   9985
9160   9985
9170   9985
9180   9985
9190   9985
9200   9985
9210   9985
9220   9985
9230   9985
9240   9985
9250   9985
9260   9985
9270   9985
9280   9985
9290   9985
9300   9985
9310   9985
9320   9985
9330   9985
9340   9985
9350   9985
9360   9985
9370   9985
9380   9985
9390   9985
9400   9985
9410   9985
9420   9985
9430   9985
9440   9985
9450   9985
9460   9985
9470   9985
9480   9985
9490   9985
9500   9985
9510   9985
9520   9985
9530   9985
9540   9985
9550   9985
9560   9985
9570   9985
9580   9985
9590   9985
9600   9985
9610   9985
9620   9985
9630   9985
9640   9985
9650   9985
9660   9985
9670   9985
9680   9985
9690   9985
9700   9985
9710   9985
9720   9985
9730   9985
9740   9985
9750   9985
9760   9985
9770   9985
9780   9985
9790   9985
9800   9985
9810   9985
9820   9985
9830   9985
9840   9985
9850   9985
9860   9985
9870   9985
9880   9985
9890   9985
9900   9985
9910   9985
9920   9985
9930   9985
9940   9985
9950   9985
9960   9985
9970   9985
9980   9985
9990   9985
10000   9985
10010   9985
10020   9985
10030   9985
10040   9985
10050   9985
10060   9985
10070   9985
10080   9985
10090   9985
10100   9985
10110   9985
10120   9985
10130   9985
10140   9985
10150   9985
10160   9985
10170   9985
10180   9985
10190   9985
10200   9985
10210   9985
10220   9985
10230   9985
10240   9985
10250   9985
10260   9985
10270   9985
10280   9985
10290   9985
10300   9985
10310   9985
10320   9985
10330   9985
10340   9985
10350   9985
10360   9985
10370   9985
10380   9985
10390   9985
10400   9985
10410   9985
10420   9985
10430   9985
10440   9985
10450   9985
10460   9985
10470   9985
10480   9985
10490   9985
10500   9985
10510   9985
10520   9985
10530   9985
10540   9985
10550   9985
10560   9985
10570   9985
10580   9985
10590   9985
10600   9985
10610   9985
10620   9985
10630   9985
10640   9985
10650   9985
10660   9985
10670   9985
10680   9985
10690   9985
10700   9985
10710   9985
10720   9985
10730   9985
10740   9985
10750   9985
10760   9985
10770   9985
10780   9985
10790   9985
10800   9985
10810   9985
10820   9985
10830   9985
10840   9985
10850   9985
10860   9985
10870   9985
10880   9985
10890   9985
10900   9985
10910   9985
10920   9985
10930   9985
10940   9985
10950   9985
10960   9985
10970   9985
10980   9985
10990   9985
11000   9985
11010   9985
11020   9985
11030   9985
11040   9985
11050   9985
11060   9985
11070   9985
11080   9985
11090   9985
11100   9985
11110   9985
11120   9985
11130   9985
11140   9985
11150   9985
11160   9985
11170   9985
11180   9985
11190   9985
11200   9985
11210   9985
11220   9985
11230   9985
11240   9985
11250   9985
11260   9985
11270   9985
11280   9985
11290   9985
11300   9985
11310   9985
11320   9985
11330   9985
11340   9985
11350   9985
11360   9985
11370   9985
11380   9985
11390   9985
11400   9985
11410   9985
11420   9985
11430   9985
11440   9985
11450   9985
11460   9985
11470   9985
11480   9985
11490   9985
11500   9985
11510   9985
11520   9985
11530   9985
11540   9985
11550   9985
11560   9985
11570   9985
11580   9985
11590   9985
11600   9985
11610   9985
11620   9985
11630   9985
11640   9985
11650   9985
11660   9985
11670   9985
11680   9985
11690   9985
11700   9985
11710   9985
11720   9985
11730   9985
11740   9985
11750   9985
11760   9985
11770   9985
11780   9985
11790   9985
11800   9985
11810   9985
11820   9985
11830   9985
11840   9985
11850   9985
11860   9985
11870   9985
11880   9985
11890   9985
11900   9985
11910   9985
11920   9985
11930   9985
11940   9985
11950   9985
11960   9985
11970   9985
11980   9985
11990   9985
12000   9985
12010   9985
12020   9985
12030   9985
12040   9985
12050   9985
12060   9985
12070   9985
12080   9985
12090   9985
12100   9985
12110   9985
12120   9985
12130   9985
12140   9985
12150   9985
12160   9985
12170   9985
12180   9985
12190   9985
12200   9985
12210   9985
12220   9985
12230   9985
12240   9985
12250   9985
12260   9985
12270   9985
12280   9985
12290   9985
12300   9985
12310   9985
12320   9985
12330   9985
12340   9985
12350   9985
12360   9985
12370   9985
12380   9985
12390   9985
12400   9985
12410   9985
12420   9985
12430   9985
12440   9985
12450   9985
12460   9985
12470   9985
12480   9985
12490   9985
12500   9985
12510   9985
12520   9985
12530   9985
12540   9985
12550   9985
12560   9985
12570   9985
12580   9985
12590   9985
12600   9985
12610   9985
12620   9985
12630   9985
12640   9985
12650   9985
12660   9985
12670   9985
12680   9985
12690   9985
12700   9985
12710   9985
12720   9985
12730   9985
12740   9985
12750   9985
12760   9985
12770   9985
12780   9985
12790   9985
12800   9985
12810   9985
12820   9985
12830   9985
12840   9985
12850   9985
12860   9985
12870   9985
12880   9985
12890   9985
12900   9985
12910   9985
12920   9985
12930   9985
12940   9985
12950   9985
12960   9985
12970   9985
12980   9985
12990   9985
13000   9985
13010   9985
13020   9985
13030   9985
13040   9985
13050   9985
13060   9985
13070   9985
13080   9985
13090   9985
13100   9985
13110   9985
13120   9985
13130   9985
13140   9985
13150   9985
13160   9985
13170   9985
13180   9985
13190   9985
13200   9985
13210   9985
13220   9985
13230   9985
13240   9985
13250   9985
13260   9985
13270   9985
13280   9985
13290   9985
13300   9985
13310   9985
13320   9985
13330   9985
13340   9985
13350   9985
13360   9985
13370   9985
13380   9985
13390   9985
13400   9985
13410   9985
13420   9985
13430   9985
13440   9985
13450   9985
13460   9985
13470   9985
13480   9985
13490   9985
13500   9985
13510   9985
13520   9985
13530   9985
13540   9985
13550   9985
13560   9985
13570   9985
13580   9985
13590   9985
13600   9985
13610   9985
13620   9985
13630   9985
13640   9985
13650   9985
13660   9985
13670   9985
13680   9985
13690   9985
13700   9985
13710   9985
13720   9985
13730   9985
13740   9985
13750   9985
13760   9985
13770   9985
13780   9985
13790   9985
13800   9985
13810   9985
13820   9985
13830   9985
13840   9985
13850   9985
13860   9985
13870   9985
13880   9985
13890   9985
13900   9985
13910   9985
13920   9985
13930   9985
13940   9985
13950   9985
13960   9985
13970   9985
13980   9985
13990   9985
14000   9985
14010   9985
14020   9985
14030   9985
14040   9985
14050   9985
14060   9985
14070   9985
14080   9985
14090   9985
14100   9985
14110   9985
14120   9985
14130   9985
14140   9985
14150   9985
14160   9985
14170   9985
14180   9985
14190   9985
14200   9985
14210   9985
14220   9985
14230   9985
14240   9985
14250   9985
14260   9985
14270   9985
14280   9985
14290   9985
14300   9985
14310   9985
14320   9985
14330   9985
14340   9985
14350   9985
14360   9985
14370   9985
14380   9985
14390   9985
14400   9985
14410   9985
14420   9985
14430   9985
14440   9985
14450   9985
14460   9985
14470   9985
14480   9985
14490   9985
14500   9985
14510   9985
14520   9985
14530   9985
14540   9985
14550   9985
14560   9985
14570   9985
14580   9985
14590   9985
14600   9985
14610   9985
14620   9985
14630   9985
14640   9985
14650   9985
14660   9985
14670   9985
14680   9985
14690   9985
14700   9985
14710   9985
14720   9985
14730   9985
14740   9985
14750   9985
14760   9985
14770   9985
14780   9985
14790   9985
14800   9985
14810   9985
14820   9985
14830   9985
14840   9985
14850   9985
14860   9985
14870   9985
14880   9985
14890   9985
14900   9985
14910   9985
14920   9985
14930   9985
14940   9985
14950   9985
14960   9985
14970   9985
14980   9985
14990   9985
15000   9985
15010   9985
15020   9985
15030   9985
15040   9985
15050   9985
15060   9985
15070   9985
15080   9985
15090   9985
15100   9985
15110   9985
15120   9985
15130   9985
15140   9985
15150   9985
15160   9985
15170   9985
15180   9985
15190   9985
15200   9985
15210   9985
15220   9985
15230   9985
15240   9985
15250   9985
15260   9985
15270   9985
15280   9985
15290   9985
15300   9985
15310   9985
15320   9985
15330   9985
15340   9985
15350   9985
15360   9985
15370   9985
15380   9985
15390   9985
15400   9985
15410   9985
15420   9985
15430   9985
15440   9985
15450   9985
15460   9985
15470   9985
15480   9985
15490   9985
15500   9985
15510   9985
15520   9985
15530   9985
15540   9985
15550   9985
15560   9985
15570   9985
15580   9985
15590   9985
15600   9985
15610   9985
15620   9985
15630   9985
15640   9985
15650   9985
15660   9985
15670   9985
15680   9985
15690   9985
15700   9985
15710   9985
15720   9985
15730   9985
15740   9985
15750   9985
15760   9985
15770   9985
15780   9985
15790   9985
15800   9985
15810   9985
15820   9985
15830   9985
15840   9985
15850   9985
15860   9985
15870   9985
15880   9985
15890   9985
15900   9985
15910   9985
15920   9985
15930   9985
15940   9985
15950   9985
15960   9985
15970   9985
15980   9985
15990   9985
16000   9985
16010   9985
16020   9985
16030   9985
16040   9985
16050   9985
16060   9985
16070   9985
16080   9985
16090   9985
16100   9985
16110   9985
16120   9985
16130   9985
16140   9985
16150   9985
16160   9985
16170   9985
16180   9985
16190   9985
16200   9985
16210   9985
16220   9985
16230   9985
16240   9985
16250   9985
16260   9985
16270   9985
16280   9985
16290   9985
16300   9985
16310   9985
16320   9985
16330   9985
16340   9985
16350   9985
16360   9985
16370   9985
16380   9985
16390   9985
16400   9985
16410   9985
16420   9985
16430   9985
16440   9985
16450   9985
16460   9985
16470   9985
16480   9985
16490   9985
16500   9985
16510   9985
16520   9985
16530   9985
16540   9985
16550   9985
16560   9985
16570   9985
16580   9985
16590   9985
16600   9985
16610   9985
16620   9985
16630   9985
16640   9985
16650   9985
16660   9985
16670   9985
16680   9985
16690   9985
16700   9985
16710   9985
16720   9985
16730   9985
16740   9985
16750   9985
16760   9985
16770   9985
16780   9985
16790   9985
16800   9985
16810   9985
16820   9985
16830   9985
16840   9985
16850   9985
16860   9985
16870   9985
16880   9985
16890   9985
16900   9985
16910   9985
16920   9985
16930   9985
16940   9985
16950   9985
16960   9985
16970   9985
16980   9985
16990   9985
17000   9985
17010   9985
17020   9985
17030   9985
17040   9985
17050   9985
17060   9985
17070   9985
17080   9985
17090   9985
17100   9985
17110   9985
17120   9985
17130   9985
17140   9985
17150   9985
17160   9985
17170   9985
17180   9985
17190   9985
17200   9985
17210   9985
17220   9985
17230   9985
17240   9985
17250   9985
17260   9985
17270   9985
17280   9985
17290   9985
17300   9985
17310   9985
17320   9985
17330   9985
17340   9985
17350   9985
17360   9985
17370   9985
17380   9985
17390   9985
17400   9985
17410   9985
17420   9985
17430   9985
17440   9985
17450   9985
17460   9985
17470   9985
17480   9985
17490   9985
17500   9985
17510   9985
17520   9985
17530   9985
17540   9985
17550   9985
17560   9985
17570   9985
17580   9985
17590   9985
17600   9985
17610   9985
17620   9985
17630   9985
17640   9985
17650   9985
17660   9985
17670   9985
17680   9985
17690   9985
17700   9985
17710   9985
17720   9985
17730   9985
17740   9985
17750   9985
17760   9985
17770   9985
17780   9985
17790   9985
17800   9985
17810   9985
17820   9985
17830   9985
17840   9985
17850   9985
17860   9985
17870   9985
17880   9985
17890   9985
17900   9985
17910   9985
17920   9985
17930   9985
17940   9985
17950   9985
17960   9985
17970   9985
17980   9985
17990   9985
18000   9985
18010   9985
18020   9985
18030   9985
18040   9985
18050   9985
18060   9985
18070   9985
18080   9985
18090   9985
18100   9985
18110   9985
18120   9985
18130   9985
18140   9985
18150   9985
18160   9985
18170   9985
18180   9985
18190   9985
18200   9985
18210   9985
18220   9985
18230   9985
18240   9985
18250   9985
18260   9985
18270   9985
18280   9985
18290   9985
18300   9985
18310   9985
18320   9985
18330   9985
18340   9985
18350   9985
18360   9985
18370   9985
18380   9985
18390   9985
18400   9985
18410   9985
18420   9985
18430   9985
18440   9985
18450   9985
18460   9985
18470   9985
18480   9985
18490   9985
18500   9985
18510   9985
18520   9985
18530   9985
18540   9985
18550   9985
18560   9985
18570   9985
18580   9985
18590   9985
18600   9985
18610   9985
18620   9985
18630   9985
18640   9985
18650   9985
18660   9985
18670   9985
18680   9985
18690   9985
18700   9985
18710   9985
18720   9985
18730   9985
18740   9985
18750   9985
18760   9985
18770   9985
18780   9985
18790   9985
18800   9985
18810   9985
18820   9985
18830   9985
18840   9985
18850   9985
18860   9985
18870   9985
18880   9985
18890   9985
18900   9985
18910   9985
18920   9985
18930   9985
18940   9985
18950   9985
18960   9985
18970   9985
18980   9985
18990   9985
19000   9985
19010   9985
19020   9985
19030   9985
19040   9985
19050   9985
19060   9985
19070   9985
19080   9985
19090   9985
19100   9985
19110   9985
19120   9985
19130   9985
19140   9985
19150   9985
19160   9985
19170   9985
19180   9985
19190   9985
19200   9985
19210   9985
19220   9985
19230   9985
19240   9985
19250   9985
19260   9985
19270   9985
19280   9985
19290   9985
19300   9985
19310   9985
19320   9985
19330   9985
19340   9985
19350   9985
19360   9985
19370   9985
19380   9985
19390   9985
19400   9985
19410   9985
19420   9985
19430   9985
19440   9985
19450   9985
19460   9985
19470   9985
19480   9985
19490   9985
19500   9985
19510   9985
19520   9985
19530   9985
19540   9985
19550   9985
19560   9985
19570   9985
19580   9985
19590   9985
19600   9985
19610   9985
19620   9985
19630   9985
19640   9985
19650   9985
19660   9985
19670   9985
19680   9985
19690   9985
19700   9985
19710   9985
19720   9985
19730   9985
19740   9985
19750   9985
19760   9985
19770   9985
19780   9985
19790   9985
19800   9985
19810   9985
19820   9985
19830   9985
19840   9985
19850   9985
19860   9985
19870   9985
19880   9985
19890   9985
19900   9985
19910   9985
19920   9985
19930   9985
19940   9985
19950   9985
19960   9985
19970   9985
19980   9985
19990   9985
20000   9985
20010   9985
