10   3528
20   3456
30   3456
40   3456
50   3456
60   3253
70   3253
80   3253
90   3253
100   3253
110   3114
120   3114
130   3114
140   3114
150   3114
160   3114
170   3114
180   3114
190   3114
200   3114
210   3114
220   3114
230   3114
240   3114
250   3114
260   3114
270   3114
280   3114
290   3114
300   3114
310   3114
320   3114
330   3114
340   3114
350   3114
360   3114
370   3114
380   3114
390   3114
400   3114
410   3114
420   3114
430   3114
440   3114
450   3114
460   3114
470   3114
480   3114
490   3114
500   3114
510   3114
520   3114
530   3114
540   3114
550   3114
560   3114
570   3114
580   3114
590   3114
600   3114
610   3114
620   3114
630   3114
640   3114
650   3114
660   3114
670   3114
680   3114
690   3114
700   3114
710   3114
720   3114
730   3114
740   3114
750   3114
760   3114
770   3114
780   3114
790   3114
800   3114
810   3114
820   3114
830   3114
840   3114
850   3114
860   3114
870   3114
880   3114
890   3114
900   3114
910   3114
920   3114
930   3114
940   3114
950   3114
960   3114
970   3114
980   3114
990   3114
1000   3114
1010   3114
1020   3114
1030   3114
1040   3114
1050   3114
1060   3114
1070   3114
1080   3114
1090   3114
1100   3114
1110   3114
1120   3114
1130   3114
1140   3114
1150   3114
1160   3114
1170   3114
1180   3114
1190   3114
1200   3114
1210   3114
1220   3114
1230   3114
1240   3114
1250   3114
1260   3114
1270   3114
1280   3114
1290   3114
1300   3114
1310   3114
1320   3114
1330   3114
1340   3114
1350   3114
1360   3114
1370   3114
1380   3114
1390   3114
1400   3114
1410   3114
1420   3114
1430   3114
1440   3114
1450   3114
1460   3114
1470   3114
1480   3114
1490   3114
1500   3114
1510   3114
1520   3114
1530   3114
1540   3114
1550   3114
1560   3114
1570   3114
1580   3114
1590   3114
1600   3114
1610   3114
1620   3114
1630   3114
1640   3114
1650   3114
1660   3114
1670   3114
1680   3114
1690   3114
1700   3114
1710   3114
1720   3114
1730   3114
1740   3114
1750   3114
1760   3114
1770   3114
1780   3114
1790   3114
1800   3114
1810   3114
1820   3114
1830   3114
1840   3114
1850   3114
1860   3114
1870   3114
1880   3114
1890   3114
1900   3114
1910   3114
1920   3114
1930   3114
1940   3114
1950   3114
1960   3114
1970   3114
1980   3114
1990   3114
2000   3114
2010   3114
2020   3114
2030   3114
2040   3114
2050   3114
2060   3114
2070   3114
2080   3114
2090   3111
2100   3111
2110   3111
2120   3111
2130   3111
2140   3111
2150   3111
2160   3111
2170   3111
2180   3111
2190   3111
2200   3111
2210   3111
2220   3111
2230   3111
2240   3111
2250   3111
2260   3111
2270   3111
2280   3111
2290   3111
2300   3111
2310   3111
2320   3111
2330   3111
2340   3111
2350   3111
2360   3111
2370   3111
2380   3111
2390   3111
2400   3111
2410   3111
2420   2994
2430   2994
2440   2994
2450   2994
2460   2994
2470   2994
2480   2994
2490   2994
2500   2994
2510   2994
2520   2994
2530   2994
2540   2994
2550   2994
2560   2994
2570   2994
2580   2994
2590   2994
2600   2994
2610   2994
2620   2994
2630   2994
2640   2994
2650   2994
2660   2994
2670   2994
2680   2994
2690   2994
2700   2994
2710   2994
2720   2994
2730   2994
2740   2994
2750   2994
2760   2994
2770   2994
2780   2994
2790   2994
2800   2994
2810   2994
2820   2994
2830   2994
2840   2994
2850   2994
2860   2994
2870   2994
2880   2994
2890   2994
2900   2994
2910   2994
2920   2994
2930   2994
2940   2994
2950   2994
2960   2994
2970   2994
2980   2994
2990   2994
3000   2994
3010   2994
3020   2994
3030   2994
3040   2994
3050   2994
3060   2994
3070   2994
3080   2994
3090   2994
3100   2994
3110   2994
3120   2994
3130   2994
3140   2994
3150   2994
3160   2994
3170   2994
3180   2994
3190   2994
3200   2994
3210   2994
3220   2994
3230   2994
3240   2994
3250   2994
3260   2994
3270   2994
3280   2994
3290   2994
3300   2994
3310   2994
3320   2994
3330   2994
3340   2994
3350   2994
3360   2994
3370   2994
3380   2994
3390   2994
3400   2994
3410   2994
3420   2994
3430   2994
3440   2994
3450   2994
3460   2994
3470   2994
3480   2994
3490   2994
3500   2994
3510   2994
3520   2994
3530   2994
3540   2994
3550   2994
3560   2994
3570   2994
3580   2994
3590   2994
3600   2994
3610   2994
3620   2994
3630   2994
3640   2994
3650   2994
3660   2994
3670   2994
3680   2994
3690   2994
3700   2994
3710   2994
3720   2994
3730   2994
3740   2994
3750   2994
3760   2994
3770   2994
3780   2994
3790   2994
3800   2994
3810   2994
3820   2994
3830   2994
3840   2994
3850   2994
3860   2994
3870   2994
3880   2994
3890   2994
3900   2994
3910   2994
3920   2994
3930   2994
3940   2994
3950   2994
3960   2994
3970   2994
3980   2994
3990   2994
4000   2994
4010   2994
4020   2994
4030   2994
4040   2994
4050   2994
4060   2994
4070   2994
4080   2994
4090   2994
4100   2994
4110   2994
4120   2994
4130   2994
4140   2994
4150   2994
4160   2994
4170   2994
4180   2994
4190   2994
4200   2994
4210   2994
4220   2994
4230   2994
4240   2994
4250   2994
4260   2994
4270   2994
4280   2994
4290   2994
4300   2994
4310   2994
4320   2994
4330   2994
4340   2994
4350   2994
4360   2994
4370   2994
4380   2994
4390   2994
4400   2994
4410   2994
4420   2994
4430   2994
4440   2994
4450   2994
4460   2994
4470   2994
4480   2994
4490   2994
4500   2994
4510   2994
4520   2994
4530   2994
4540   2994
4550   2994
4560   2994
4570   2994
4580   2994
4590   2994
4600   2994
4610   2994
4620   2994
4630   2994
4640   2994
4650   2994
4660   2994
4670   2994
4680   2994
4690   2994
4700   2994
4710   2994
4720   2994
4730   2994
4740   2994
4750   2994
4760   2994
4770   2994
4780   2994
4790   2994
4800   2994
4810   2994
4820   2994
4830   2994
4840   2994
4850   2994
4860   2994
4870   2994
4880   2994
4890   2994
4900   2994
4910   2994
4920   2994
4930   2994
4940   2994
4950   2994
4960   2994
4970   2994
4980   2994
4990   2994
5000   2994
5010   2994
5020   2994
5030   2994
5040   2994
5050   2994
5060   2994
5070   2994
5080   2994
5090   2994
5100   2994
5110   2994
5120   2994
5130   2994
5140   2994
5150   2994
5160   2994
5170   2994
5180   2994
5190   2994
5200   2994
5210   2994
5220   2994
5230   2994
5240   2994
5250   2994
5260   2994
5270   2994
5280   2994
5290   2994
5300   2994
5310   2994
5320   2994
5330   2994
5340   2994
5350   2994
5360   2994
5370   2994
5380   2994
5390   2994
5400   2994
5410   2994
5420   2994
5430   2994
5440   2994
5450   2994
5460   2994
5470   2994
5480   2994
5490   2994
5500   2994
5510   2994
5520   2994
5530   2994
5540   2994
5550   2994
5560   2994
5570   2994
5580   2994
5590   2994
5600   2994
5610   2994
5620   2994
5630   2994
5640   2994
5650   2994
5660   2994
5670   2994
5680   2994
5690   2994
5700   2994
5710   2994
5720   2994
5730   2994
5740   2994
5750   2994
5760   2994
5770   2994
5780   2994
5790   2994
5800   2994
5810   2994
5820   2994
5830   2994
5840   2994
5850   2994
5860   2994
5870   2994
5880   2994
5890   2994
5900   2994
5910   2994
5920   2994
5930   2994
5940   2994
5950   2994
5960   2994
5970   2994
5980   2994
5990   2994
6000   2994
6010   2994
6020   2994
6030   2994
6040   2994
6050   2994
6060   2994
6070   2994
6080   2994
6090   2994
6100   2994
6110   2994
6120   2994
6130   2994
6140   2994
6150   2994
6160   2994
6170   2994
6180   2994
6190   2994
6200   2994
6210   2994
6220   2994
6230   2994
6240   2994
6250   2994
6260   2994
6270   2994
6280   2994
6290   2994
6300   2994
6310   2994
6320   2994
6330   2994
6340   2994
6350   2994
6360   2994
6370   2994
6380   2994
6390   2994
6400   2994
6410   2994
6420   2994
6430   2994
6440   2994
6450   2994
6460   2994
6470   2994
6480   2994
6490   2994
6500   2994
6510   2994
6520   2994
6530   2994
6540   2994
6550   2994
6560   2994
6570   2994
6580   2994
6590   2994
6600   2994
6610   2994
6620   2994
6630   2994
6640   2994
6650   2994
6660   2994
6670   2994
6680   2994
6690   2994
6700   2994
6710   2994
6720   2994
6730   2994
6740   2994
6750   2994
6760   2994
6770   2994
6780   2994
6790   2994
6800   2994
6810   2994
6820   2994
6830   2994
6840   2994
6850   2994
6860   2994
6870   2994
6880   2994
6890   2994
6900   2994
6910   2994
6920   2994
6930   2994
6940   2994
6950   2994
6960   2994
6970   2994
6980   2994
6990   2994
7000   2994
7010   2994
7020   2994
7030   2994
7040   2994
7050   2994
7060   2994
7070   2994
7080   2994
7090   2994
7100   2994
7110   2994
7120   2994
7130   2994
7140   2994
7150   2994
7160   2994
7170   2994
7180   2994
7190   2994
7200   2994
7210   2994
7220   2994
7230   2994
7240   2994
7250   2994
7260   2994
7270   2994
7280   2994
7290   2994
7300   2994
7310   2994
7320   2994
7330   2994
7340   2994
7350   2994
7360   2994
7370   2994
7380   2994
7390   2994
7400   2994
7410   2994
7420   2994
7430   2994
7440   2994
7450   2994
7460   2994
7470   2994
7480   2994
7490   2994
7500   2994
7510   2994
7520   2994
7530   2994
7540   2994
7550   2994
7560   2994
7570   2994
7580   2994
7590   2994
7600   2994
7610   2994
7620   2994
7630   2994
7640   2994
7650   2994
7660   2994
7670   2994
7680   2994
7690   2994
7700   2994
7710   2994
7720   2994
7730   2994
7740   2994
7750   2994
7760   2994
7770   2994
7780   2994
7790   2994
7800   2994
7810   2994
7820   2994
7830   2994
7840   2994
7850   2994
7860   2994
7870   2994
7880   2994
7890   2994
7900   2994
7910   2994
7920   2994
7930   2994
7940   2994
7950   2994
7960   2994
7970   2994
7980   2994
7990   2994
8000   2994
8010   2994
8020   2994
8030   2994
8040   2994
8050   2994
8060   2994
8070   2994
8080   2994
8090   2994
8100   2994
8110   2994
8120   2994
8130   2994
8140   2994
8150   2994
8160   2994
8170   2994
8180   2994
8190   2994
8200   2994
8210   2994
8220   2994
8230   2994
8240   2994
8250   2994
8260   2994
8270   2994
8280   2994
8290   2994
8300   2994
8310   2994
8320   2994
8330   2994
8340   2994
8350   2994
8360   2994
8370   2994
8380   2994
8390   2994
8400   2994
8410   2994
8420   2994
8430   2994
8440   2994
8450   2994
8460   2994
8470   2994
8480   2994
8490   2994
8500   2994
8510   2994
8520   2994
8530   2994
8540   2994
8550   2994
8560   2994
8570   2994
8580   2994
8590   2994
8600   2994
8610   2994
8620   2994
8630   2994
8640   2994
8650   2994
8660   2994
8670   2994
8680   2994
8690   2994
8700   2994
8710   2994
8720   2994
8730   2994
8740   2994
8750   2994
8760   2994
8770   2994
8780   2994
8790   2994
8800   2994
8810   2994
8820   2994
8830   2994
8840   2994
8850   2994
8860   2994
8870   2994
8880   2994
8890   2994
8900   2994
8910   2994
8920   2994
8930   2994
8940   2994
8950   2994
8960   2994
8970   2994
8980   2994
8990   2994
9000   2994
9010   2994
9020   2994
9030   2994
9040   2994
9050   2994
9060   2994
9070   2994
9080   2994
9090   2994
9100   2994
9110   2994
9120   2994
9130   2994
9140   2994
9150   2994
9160   2994
9170   2994
9180   2994
9190   2994
9200   2994
9210   2994
9220   2994
9230   2994
9240   2994
9250   2994
9260   2994
9270   2994
9280   2994
9290   2994
9300   2994
9310   2994
9320   2994
9330   2994
9340   2994
9350   2994
9360   2994
9370   2994
9380   2994
9390   2994
9400   2994
9410   2994
9420   2994
9430   2994
9440   2994
9450   2994
9460   2994
9470   2994
9480   2994
9490   2994
9500   2994
9510   2994
9520   2994
9530   2994
9540   2994
9550   2994
9560   2994
9570   2994
9580   2994
9590   2994
9600   2994
9610   2994
9620   2994
9630   2966
9640   2966
9650   2966
9660   2966
9670   2966
9680   2966
9690   2966
9700   2966
9710   2966
9720   2966
9730   2966
9740   2966
9750   2966
9760   2966
9770   2966
9780   2966
9790   2966
9800   2966
9810   2966
9820   2966
9830   2966
9840   2966
9850   2966
9860   2966
9870   2966
9880   2966
9890   2966
9900   2966
9910   2966
9920   2966
9930   2966
9940   2966
9950   2966
9960   2966
9970   2966
9980   2966
9990   2966
10000   2966
10010   2966
10020   2966
10030   2966
10040   2966
10050   2966
10060   2966
10070   2966
10080   2966
10090   2966
10100   2966
10110   2966
10120   2966
10130   2966
10140   2966
10150   2966
10160   2966
10170   2966
10180   2966
10190   2966
10200   2966
10210   2966
10220   2966
10230   2966
10240   2966
10250   2966
10260   2966
10270   2966
10280   2966
10290   2966
10300   2966
10310   2966
10320   2966
10330   2966
10340   2966
10350   2966
10360   2966
10370   2966
10380   2966
10390   2966
10400   2966
10410   2966
10420   2966
10430   2966
10440   2966
10450   2966
10460   2966
10470   2966
10480   2966
10490   2966
10500   2966
10510   2966
10520   2966
10530   2966
10540   2966
10550   2966
10560   2966
10570   2966
10580   2966
10590   2966
10600   2966
10610   2966
10620   2966
10630   2966
10640   2966
10650   2966
10660   2966
10670   2966
10680   2966
10690   2966
10700   2966
10710   2966
10720   2966
10730   2966
10740   2966
10750   2966
10760   2966
10770   2966
10780   2966
10790   2966
10800   2966
10810   2966
10820   2966
10830   2966
10840   2966
10850   2966
10860   2966
10870   2966
10880   2966
10890   2966
10900   2966
10910   2966
10920   2966
10930   2966
10940   2966
10950   2966
10960   2966
10970   2966
10980   2966
10990   2966
11000   2966
11010   2966
11020   2966
11030   2966
11040   2966
11050   2966
11060   2966
11070   2966
11080   2966
11090   2966
11100   2966
11110   2966
11120   2966
11130   2966
11140   2966
11150   2966
11160   2966
11170   2966
11180   2966
11190   2966
11200   2966
11210   2966
11220   2966
11230   2966
11240   2966
11250   2966
11260   2966
11270   2966
11280   2966
11290   2966
11300   2966
11310   2966
11320   2966
11330   2966
11340   2966
11350   2966
11360   2966
11370   2966
11380   2966
11390   2966
11400   2966
11410   2966
11420   2966
11430   2966
11440   2966
11450   2966
11460   2966
11470   2966
11480   2966
11490   2966
11500   2966
11510   2966
11520   2966
11530   2966
11540   2966
11550   2966
11560   2966
11570   2966
11580   2966
11590   2966
11600   2966
11610   2966
11620   2966
11630   2966
11640   2966
11650   2966
11660   2966
11670   2966
11680   2966
11690   2966
11700   2966
11710   2966
11720   2966
11730   2966
11740   2966
11750   2966
11760   2966
11770   2966
11780   2966
11790   2966
11800   2966
11810   2966
11820   2966
11830   2966
11840   2966
11850   2966
