10   2896
20   2819
30   2819
40   2819
50   2819
60   2819
70   2819
80   2702
90   2702
100   2702
110   2702
120   2702
130   2702
140   2702
150   2702
160   2702
170   2702
180   2683
190   2683
200   2683
210   2683
220   2683
230   2532
240   2532
250   2532
260   2532
270   2532
280   2532
290   2532
300   2532
310   2532
320   2493
330   2493
340   2493
350   2493
360   2493
370   2493
380   2493
390   2493
400   2493
410   2493
420   2493
430   2493
440   2493
450   2493
460   2493
470   2493
480   2493
490   2493
500   2493
510   2493
520   2493
530   2463
540   2463
550   2463
560   2463
570   2463
580   2463
590   2463
600   2463
610   2463
620   2463
630   2463
640   2463
650   2463
660   2463
670   2463
680   2463
690   2463
700   2463
710   2463
720   2463
730   2463
740   2463
750   2463
760   2463
770   2463
780   2463
790   2463
800   2463
810   2463
820   2463
830   2463
840   2463
850   2463
860   2463
870   2463
880   2463
890   2463
900   2463
910   2463
920   2463
930   2463
940   2463
950   2463
960   2463
970   2463
980   2463
990   2463
1000   2463
1010   2463
1020   2463
1030   2463
1040   2463
1050   2463
1060   2463
1070   2463
1080   2463
1090   2463
1100   2463
1110   2463
1120   2463
1130   2463
1140   2463
1150   2463
1160   2463
1170   2463
1180   2463
1190   2463
1200   2463
1210   2463
1220   2463
1230   2463
1240   2463
1250   2463
1260   2463
1270   2463
1280   2463
1290   2463
1300   2463
1310   2463
1320   2463
1330   2463
1340   2463
1350   2463
1360   2463
1370   2463
1380   2463
1390   2463
1400   2463
1410   2463
1420   2463
1430   2463
1440   2463
1450   2463
1460   2463
1470   2463
1480   2340
1490   2340
1500   2340
1510   2340
1520   2340
1530   2340
1540   2340
1550   2340
1560   2340
1570   2340
1580   2340
1590   2340
1600   2340
1610   2340
1620   2340
1630   2340
1640   2340
1650   2340
1660   2340
1670   2340
1680   2340
1690   2340
1700   2340
1710   2340
1720   2340
1730   2340
1740   2340
1750   2340
1760   2340
1770   2340
1780   2340
1790   2340
1800   2340
1810   2340
1820   2340
1830   2340
1840   2340
1850   2340
1860   2340
1870   2340
1880   2340
1890   2340
1900   2340
1910   2340
1920   2340
1930   2340
1940   2340
1950   2340
1960   2340
1970   2340
1980   2340
1990   2340
2000   2340
2010   2340
2020   2340
2030   2340
2040   2340
2050   2340
2060   2340
2070   2340
2080   2340
2090   2340
2100   2340
2110   2340
2120   2340
2130   2340
2140   2340
2150   2340
2160   2340
2170   2340
2180   2340
2190   2340
2200   2340
2210   2340
2220   2340
2230   2340
2240   2340
2250   2340
2260   2340
2270   2340
2280   2340
2290   2340
2300   2340
2310   2340
2320   2340
2330   2340
2340   2340
2350   2340
2360   2340
2370   2340
2380   2340
2390   2340
2400   2340
2410   2340
2420   2340
2430   2340
2440   2340
2450   2340
2460   2340
2470   2340
2480   2340
2490   2340
2500   2340
2510   2340
2520   2340
2530   2340
2540   2340
2550   2340
2560   2340
2570   2340
2580   2340
2590   2340
2600   2340
2610   2340
2620   2340
2630   2340
2640   2340
2650   2340
2660   2340
2670   2340
2680   2340
2690   2340
2700   2340
2710   2340
2720   2340
2730   2340
2740   2340
2750   2340
2760   2340
2770   2340
2780   2340
2790   2340
2800   2340
2810   2340
2820   2340
2830   2340
2840   2340
2850   2340
2860   2340
2870   2340
2880   2340
2890   2340
2900   2340
2910   2340
2920   2340
2930   2340
2940   2340
2950   2340
2960   2340
2970   2340
2980   2340
2990   2340
3000   2340
3010   2340
3020   2340
3030   2340
3040   2340
3050   2340
3060   2340
3070   2340
3080   2340
3090   2340
3100   2340
3110   2340
3120   2340
3130   2340
3140   2340
3150   2340
3160   2340
3170   2340
3180   2340
3190   2340
3200   2340
3210   2340
3220   2340
3230   2340
3240   2340
3250   2340
3260   2340
3270   2340
3280   2340
3290   2340
3300   2340
3310   2340
3320   2340
3330   2340
3340   2340
3350   2340
3360   2340
3370   2340
3380   2340
3390   2340
3400   2340
3410   2340
3420   2340
3430   2340
3440   2340
3450   2340
3460   2340
3470   2340
3480   2340
3490   2340
3500   2340
3510   2340
3520   2340
3530   2340
3540   2340
3550   2340
3560   2340
3570   2340
3580   2340
3590   2340
3600   2340
3610   2340
3620   2340
3630   2340
3640   2340
3650   2340
3660   2340
3670   2340
3680   2340
3690   2340
3700   2340
3710   2340
3720   2340
3730   2340
3740   2340
3750   2340
3760   2340
3770   2340
3780   2340
3790   2340
3800   2340
3810   2340
3820   2340
3830   2340
3840   2340
3850   2340
3860   2340
3870   2340
3880   2340
3890   2340
3900   2340
3910   2340
3920   2340
3930   2340
3940   2340
3950   2340
3960   2340
3970   2340
3980   2340
3990   2340
4000   2340
4010   2340
4020   2340
4030   2340
4040   2340
4050   2340
4060   2340
4070   2340
4080   2340
4090   2340
4100   2340
4110   2340
4120   2340
4130   2340
4140   2340
4150   2340
4160   2340
4170   2340
4180   2340
4190   2340
4200   2340
4210   2340
4220   2340
4230   2340
4240   2340
4250   2340
4260   2340
4270   2340
4280   2340
4290   2340
4300   2340
4310   2340
4320   2340
4330   2340
4340   2340
4350   2340
4360   2340
4370   2340
4380   2340
4390   2340
4400   2340
4410   2340
4420   2340
4430   2340
4440   2340
4450   2340
4460   2340
4470   2340
4480   2340
4490   2340
4500   2340
4510   2340
4520   2340
4530   2340
4540   2340
4550   2340
4560   2340
4570   2340
4580   2340
4590   2340
4600   2340
4610   2340
4620   2340
4630   2340
4640   2340
4650   2340
4660   2340
4670   2340
4680   2340
4690   2340
4700   2340
4710   2340
4720   2340
4730   2340
4740   2340
4750   2340
4760   2340
4770   2340
4780   2340
4790   2340
4800   2340
4810   2340
4820   2340
4830   2340
4840   2340
4850   2340
4860   2340
4870   2340
4880   2340
4890   2340
4900   2340
4910   2340
4920   2340
4930   2340
4940   2340
4950   2340
4960   2340
4970   2340
4980   2340
4990   2340
5000   2340
5010   2340
5020   2340
5030   2340
5040   2340
5050   2340
5060   2340
5070   2340
5080   2340
5090   2340
5100   2340
5110   2340
5120   2340
5130   2340
5140   2340
5150   2340
5160   2340
5170   2340
5180   2340
5190   2340
5200   2340
5210   2340
5220   2340
5230   2340
5240   2340
5250   2340
5260   2340
5270   2340
5280   2340
5290   2340
5300   2340
5310   2340
5320   2340
5330   2340
5340   2340
5350   2340
5360   2340
5370   2340
5380   2340
5390   2340
5400   2340
5410   2340
5420   2340
5430   2340
5440   2340
5450   2340
5460   2340
5470   2340
5480   2340
5490   2340
5500   2340
5510   2340
5520   2340
5530   2340
5540   2340
5550   2340
5560   2340
5570   2340
5580   2340
5590   2340
5600   2340
5610   2340
5620   2340
5630   2340
5640   2340
5650   2340
5660   2340
5670   2340
5680   2340
5690   2340
5700   2340
5710   2340
5720   2340
5730   2340
5740   2340
5750   2340
5760   2340
5770   2340
5780   2340
5790   2340
5800   2340
5810   2340
5820   2340
5830   2340
5840   2340
5850   2340
5860   2340
5870   2340
5880   2340
5890   2340
5900   2340
5910   2340
5920   2340
5930   2340
5940   2340
5950   2340
5960   2340
5970   2340
5980   2340
5990   2340
6000   2340
6010   2340
6020   2340
6030   2340
6040   2340
6050   2340
6060   2340
6070   2340
6080   2340
6090   2340
6100   2340
6110   2340
6120   2340
6130   2340
6140   2340
6150   2340
6160   2340
6170   2340
6180   2340
6190   2340
6200   2340
6210   2340
6220   2340
6230   2340
6240   2340
6250   2340
6260   2340
6270   2340
6280   2340
6290   2340
6300   2340
6310   2340
6320   2340
6330   2340
6340   2340
6350   2340
6360   2340
6370   2340
6380   2340
6390   2340
6400   2340
6410   2340
6420   2340
6430   2340
6440   2340
6450   2340
6460   2340
6470   2340
6480   2340
6490   2340
6500   2340
6510   2340
6520   2340
6530   2340
6540   2340
6550   2340
6560   2340
6570   2340
6580   2340
6590   2340
6600   2340
6610   2340
6620   2340
6630   2340
6640   2340
6650   2340
6660   2340
6670   2340
6680   2340
6690   2340
6700   2340
6710   2340
6720   2340
6730   2340
6740   2340
6750   2340
6760   2340
6770   2340
6780   2340
6790   2340
6800   2340
6810   2340
6820   2340
6830   2340
6840   2340
6850   2340
6860   2340
6870   2340
6880   2340
6890   2340
6900   2340
6910   2340
6920   2340
6930   2340
6940   2340
6950   2340
6960   2340
6970   2340
6980   2340
6990   2340
7000   2340
7010   2340
7020   2340
7030   2340
7040   2340
7050   2340
7060   2340
7070   2340
7080   2340
7090   2340
7100   2340
7110   2340
7120   2340
7130   2340
7140   2340
7150   2340
7160   2340
7170   2340
7180   2340
7190   2340
7200   2340
7210   2340
7220   2340
7230   2340
7240   2340
7250   2340
7260   2340
7270   2340
7280   2340
7290   2340
7300   2340
7310   2340
7320   2340
7330   2340
7340   2340
7350   2340
7360   2340
7370   2340
7380   2340
7390   2340
7400   2340
7410   2340
7420   2340
7430   2340
7440   2340
7450   2340
7460   2340
7470   2340
7480   2340
7490   2340
7500   2340
7510   2340
7520   2340
7530   2340
7540   2340
7550   2340
7560   2340
7570   2340
7580   2340
7590   2340
7600   2340
7610   2340
7620   2340
7630   2340
7640   2340
7650   2340
7660   2340
7670   2340
7680   2340
7690   2340
7700   2340
7710   2340
7720   2340
7730   2340
7740   2340
7750   2340
7760   2340
7770   2340
7780   2340
7790   2340
7800   2340
7810   2340
7820   2340
7830   2340
7840   2340
7850   2340
7860   2340
7870   2340
7880   2340
7890   2340
7900   2340
7910   2340
7920   2340
7930   2340
7940   2340
7950   2340
7960   2340
7970   2340
7980   2340
7990   2340
8000   2340
8010   2340
8020   2340
8030   2340
8040   2340
8050   2340
8060   2340
8070   2340
8080   2340
8090   2340
8100   2340
8110   2340
8120   2340
8130   2340
8140   2340
8150   2340
8160   2340
8170   2340
8180   2340
8190   2340
8200   2340
8210   2340
8220   2340
8230   2340
8240   2340
8250   2340
8260   2340
8270   2340
8280   2340
8290   2340
8300   2340
8310   2340
8320   2340
8330   2340
8340   2340
8350   2340
8360   2340
8370   2340
8380   2340
8390   2340
8400   2340
8410   2340
8420   2340
8430   2340
8440   2340
8450   2340
8460   2340
8470   2340
8480   2340
8490   2340
8500   2340
8510   2340
8520   2340
8530   2340
8540   2340
8550   2340
8560   2340
8570   2340
8580   2340
8590   2340
8600   2340
8610   2340
8620   2340
8630   2340
8640   2340
8650   2340
8660   2340
8670   2340
8680   2340
8690   2340
8700   2340
8710   2340
8720   2340
8730   2340
8740   2340
8750   2340
8760   2340
8770   2340
8780   2340
8790   2340
8800   2340
8810   2340
8820   2340
8830   2340
8840   2340
8850   2340
8860   2340
8870   2340
8880   2340
8890   2340
8900   2340
8910   2340
8920   2340
8930   2340
8940   2340
8950   2340
8960   2340
8970   2340
8980   2340
8990   2340
9000   2340
9010   2340
9020   2340
9030   2340
9040   2340
9050   2340
9060   2340
9070   2340
9080   2340
9090   2340
9100   2340
9110   2340
9120   2340
9130   2340
9140   2340
9150   2340
9160   2340
9170   2340
9180   2340
9190   2340
9200   2340
9210   2340
9220   2340
9230   2340
9240   2340
9250   2340
9260   2340
9270   2340
9280   2340
9290   2340
9300   2340
9310   2340
9320   2340
9330   2340
9340   2340
9350   2340
9360   2340
9370   2340
9380   2340
9390   2340
9400   2340
9410   2340
9420   2340
9430   2340
9440   2340
9450   2340
9460   2340
9470   2340
9480   2340
9490   2340
9500   2340
9510   2340
9520   2340
9530   2340
9540   2340
9550   2340
9560   2340
9570   2340
9580   2340
9590   2340
9600   2340
9610   2340
9620   2340
9630   2340
9640   2340
9650   2340
9660   2340
9670   2340
9680   2340
9690   2340
9700   2340
9710   2340
9720   2340
9730   2340
9740   2340
9750   2340
9760   2340
9770   2340
9780   2340
9790   2340
9800   2340
9810   2340
9820   2340
9830   2340
9840   2340
9850   2340
9860   2340
9870   2340
9880   2340
9890   2340
9900   2340
9910   2340
9920   2340
9930   2340
9940   2340
9950   2340
9960   2340
9970   2340
9980   2340
9990   2340
10000   2340
10010   2340
10020   2340
10030   2340
10040   2340
10050   2340
10060   2340
10070   2340
10080   2340
10090   2340
10100   2340
10110   2340
10120   2340
10130   2340
10140   2340
10150   2340
10160   2340
10170   2340
10180   2340
10190   2340
10200   2340
10210   2340
10220   2340
10230   2340
10240   2340
10250   2340
10260   2340
10270   2340
10280   2340
10290   2340
10300   2340
10310   2340
10320   2340
10330   2340
10340   2340
10350   2340
10360   2340
10370   2340
10380   2340
10390   2340
10400   2340
10410   2340
10420   2340
10430   2340
10440   2340
10450   2340
10460   2340
10470   2340
10480   2340
10490   2340
10500   2340
10510   2340
10520   2340
10530   2340
