10   10024
20   10024
30   10024
40   10024
50   10024
60   10024
70   9953
80   9953
90   9943
100   9943
110   9943
120   9943
130   9943
140   9943
150   9943
160   9943
170   9943
180   9943
190   9943
200   9943
210   9943
220   9943
230   9816
240   9816
250   9816
260   9816
270   9816
280   9816
290   9816
300   9816
310   9816
320   9816
330   9816
340   9816
350   9816
360   9816
370   9816
380   9816
390   9816
400   9816
410   9816
420   9816
430   9816
440   9816
450   9816
460   9816
470   9816
480   9816
490   9816
500   9816
510   9816
520   9816
530   9816
540   9816
550   9816
560   9816
570   9816
580   9816
590   9816
600   9816
610   9816
620   9816
630   9816
640   9816
650   9816
660   9816
670   9430
680   9430
690   9430
700   9430
710   9430
720   9430
730   9430
740   9430
750   9430
760   9430
770   9430
780   9430
790   9430
800   9430
810   9430
820   9430
830   9430
840   9430
850   9430
860   9430
870   9430
880   9430
890   9430
900   9430
910   9430
920   9430
930   9430
940   9430
950   9430
960   9430
970   9430
980   9430
990   9430
1000   9430
1010   9430
1020   9430
1030   9430
1040   9430
1050   9430
1060   9430
1070   9430
1080   9430
1090   9430
1100   9430
1110   9430
1120   9430
1130   9430
1140   9430
1150   9430
1160   9430
1170   9430
1180   9430
1190   9430
1200   9430
1210   9430
1220   9430
1230   9430
1240   9430
1250   9430
1260   9430
1270   9430
1280   9430
1290   9430
1300   9430
1310   9430
1320   9430
1330   9430
1340   9430
1350   9430
1360   9430
1370   9430
1380   9430
1390   9430
1400   9430
1410   9430
1420   9430
1430   9430
1440   9430
1450   9430
1460   9430
1470   9430
1480   9430
1490   9430
1500   9430
1510   9430
1520   9430
1530   9430
1540   9430
1550   9430
1560   9430
1570   9430
1580   9430
1590   9430
1600   9430
1610   9430
1620   9430
1630   9430
1640   9430
1650   9430
1660   9430
1670   9430
1680   9430
1690   9430
1700   9430
1710   9430
1720   9430
1730   9430
1740   9430
1750   9430
1760   9430
1770   9430
1780   9430
1790   9430
1800   9430
1810   9430
1820   9430
1830   9430
1840   9430
1850   9430
1860   9430
1870   9430
1880   9430
1890   9430
1900   9430
1910   9430
1920   9430
1930   9430
1940   9430
1950   9430
1960   9430
1970   9430
1980   9430
1990   9430
2000   9430
2010   9430
2020   9430
2030   9430
2040   9430
2050   9430
2060   9430
2070   9430
2080   9430
2090   9430
2100   9430
2110   9430
2120   9430
2130   9430
2140   9430
2150   9430
2160   9430
2170   9430
2180   9430
2190   9430
2200   9430
2210   9430
2220   9430
2230   9430
2240   9430
2250   9430
2260   9430
2270   9430
2280   9430
2290   9430
2300   9430
2310   9430
2320   9430
2330   9430
2340   9430
2350   9430
2360   9430
2370   9430
2380   9430
2390   9430
2400   9430
2410   9430
2420   9430
2430   9430
2440   9430
2450   9430
2460   9430
2470   9430
2480   9430
2490   9430
2500   9430
2510   9430
2520   9430
2530   9430
2540   9430
2550   9430
2560   9430
2570   9430
2580   9430
2590   9430
2600   9430
2610   9430
2620   9430
2630   9430
2640   9430
2650   9430
2660   9430
2670   9430
2680   9430
2690   9430
2700   9430
2710   9430
2720   9430
2730   9430
2740   9430
2750   9430
2760   9430
2770   9430
2780   9430
2790   9430
2800   9430
2810   9430
2820   9430
2830   9430
2840   9430
2850   9430
2860   9430
2870   9430
2880   9430
2890   9430
2900   9430
2910   9430
2920   9430
2930   9430
2940   9430
2950   9430
2960   9430
2970   9430
2980   9430
2990   9430
3000   9430
3010   9430
3020   9430
3030   9430
3040   9430
3050   9430
3060   9430
3070   9430
3080   9430
3090   9430
3100   9430
3110   9430
3120   9430
3130   9430
3140   9430
3150   9430
3160   9430
3170   9430
3180   9430
3190   9430
3200   9430
3210   9430
3220   9430
3230   9430
3240   9430
3250   9430
3260   9430
3270   9430
3280   9430
3290   9430
3300   9430
3310   9430
3320   9430
3330   9430
3340   9430
3350   9430
3360   9430
3370   9430
3380   9430
3390   9430
3400   9430
3410   9430
3420   9430
3430   9430
3440   9430
3450   9430
3460   9430
3470   9430
3480   9430
3490   9430
3500   9430
3510   9430
3520   9430
3530   9430
3540   9430
3550   9430
3560   9430
3570   9430
3580   9430
3590   9430
3600   9430
3610   9430
3620   9430
3630   9430
3640   9430
3650   9430
3660   9430
3670   9430
3680   9430
3690   9430
3700   9430
3710   9430
3720   9430
3730   9430
3740   9430
3750   9430
3760   9430
3770   9430
3780   9430
3790   9430
3800   9430
3810   9430
3820   9430
3830   9430
3840   9430
3850   9430
3860   9430
3870   9430
3880   9430
3890   9430
3900   9430
3910   9430
3920   9430
3930   9430
3940   9430
3950   9430
3960   9430
3970   9430
3980   9430
3990   9430
4000   9430
4010   9430
4020   9430
4030   9430
4040   9430
4050   9430
4060   9430
4070   9430
4080   9430
4090   9430
4100   9430
4110   9430
4120   9430
4130   9430
4140   9430
4150   9430
4160   9430
4170   9430
4180   9430
4190   9430
4200   9430
4210   9430
4220   9430
4230   9430
4240   9430
4250   9430
4260   9430
4270   9430
4280   9430
4290   9430
4300   9430
4310   9430
4320   9430
4330   9430
4340   9430
4350   9430
4360   9430
4370   9430
4380   9430
4390   9430
4400   9430
4410   9430
4420   9430
4430   9430
4440   9430
4450   9430
4460   9430
4470   9430
4480   9430
4490   9430
4500   9430
4510   9430
4520   9430
4530   9430
4540   9430
4550   9430
4560   9430
4570   9430
4580   9430
4590   9430
4600   9430
4610   9430
4620   9430
4630   9430
4640   9430
4650   9430
4660   9430
4670   9430
4680   9430
4690   9430
4700   9430
4710   9430
4720   9430
4730   9430
4740   9430
4750   9430
4760   9430
4770   9430
4780   9430
4790   9430
4800   9430
4810   9430
4820   9430
4830   9430
4840   9430
4850   9430
4860   9430
4870   9430
4880   9430
4890   9430
4900   9430
4910   9430
4920   9430
4930   9430
4940   9430
4950   9430
4960   9430
4970   9430
4980   9430
4990   9430
5000   9430
5010   9430
5020   9430
5030   9430
5040   9430
5050   9430
5060   9430
5070   9430
5080   9430
5090   9430
5100   9430
5110   9430
5120   9430
5130   9430
5140   9430
5150   9430
5160   9430
5170   9430
5180   9430
5190   9430
5200   9430
5210   9430
5220   9430
5230   9430
5240   9430
5250   9430
5260   9430
5270   9430
5280   9430
5290   9430
5300   9430
5310   9430
5320   9430
5330   9430
5340   9430
5350   9430
5360   9430
5370   9430
5380   9430
5390   9430
5400   9430
5410   9430
5420   9430
5430   9430
5440   9430
5450   9430
5460   9430
5470   9430
5480   9430
5490   9430
5500   9430
5510   9430
5520   9430
5530   9430
5540   9430
5550   9430
5560   9430
5570   9430
5580   9430
5590   9430
5600   9430
5610   9430
5620   9430
5630   9430
5640   9430
5650   9430
5660   9430
5670   9430
5680   9430
5690   9430
5700   9430
5710   9430
5720   9430
5730   9430
5740   9430
5750   9430
5760   9430
5770   9430
5780   9430
5790   9430
5800   9430
5810   9430
5820   9430
5830   9430
5840   9430
5850   9430
5860   9430
5870   9430
5880   9430
5890   9430
5900   9430
5910   9430
5920   9430
5930   9430
5940   9430
5950   9430
5960   9430
5970   9430
5980   9430
5990   9430
6000   9430
6010   9430
6020   9430
6030   9430
6040   9430
6050   9430
6060   9430
6070   9430
6080   9430
6090   9430
6100   9430
6110   9430
6120   9430
6130   9430
6140   9430
6150   9430
6160   9430
6170   9430
6180   9430
6190   9430
6200   9430
6210   9430
6220   9430
6230   9430
6240   9430
6250   9430
6260   9430
6270   9430
6280   9430
6290   9430
6300   9430
6310   9430
6320   9430
6330   9430
6340   9430
6350   9430
6360   9430
6370   9430
6380   9430
6390   9430
6400   9430
6410   9430
6420   9430
6430   9430
6440   9430
6450   9430
6460   9430
6470   9430
6480   9430
6490   9430
6500   9430
6510   9430
6520   9430
6530   9430
6540   9430
6550   9430
6560   9430
6570   9430
6580   9430
6590   9430
6600   9430
6610   9430
6620   9430
6630   9430
6640   9430
6650   9430
6660   9430
6670   9430
6680   9430
6690   9430
6700   9430
6710   9430
6720   9430
6730   9430
6740   9430
6750   9430
6760   9430
6770   9430
6780   9430
6790   9430
6800   9430
6810   9430
6820   9430
6830   9430
6840   9430
6850   9430
6860   9430
6870   9430
6880   9430
6890   9430
6900   9430
6910   9430
6920   9430
6930   9430
6940   9430
6950   9430
6960   9430
6970   9430
6980   9430
6990   9430
7000   9430
7010   9430
7020   9430
7030   9430
7040   9430
7050   9430
7060   9430
7070   9430
7080   9430
7090   9430
7100   9430
7110   9430
7120   9430
7130   9430
7140   9430
7150   9430
7160   9430
7170   9430
7180   9430
7190   9430
7200   9430
7210   9430
7220   9430
7230   9430
7240   9430
7250   9430
7260   9430
7270   9430
7280   9430
7290   9430
7300   9430
7310   9430
7320   9430
7330   9430
7340   9430
7350   9430
7360   9430
7370   9430
7380   9430
7390   9430
7400   9430
7410   9430
7420   9430
7430   9430
7440   9430
7450   9430
7460   9430
7470   9430
7480   9430
7490   9430
7500   9430
7510   9430
7520   9430
7530   9430
7540   9430
7550   9430
7560   9430
7570   9430
7580   9430
7590   9430
7600   9430
7610   9430
7620   9430
7630   9430
7640   9430
7650   9430
7660   9430
7670   9430
7680   9430
7690   9430
7700   9430
7710   9430
7720   9430
7730   9430
7740   9430
7750   9430
7760   9430
7770   9430
7780   9430
7790   9430
7800   9430
7810   9430
7820   9430
7830   9430
7840   9430
7850   9430
7860   9430
7870   9430
7880   9430
7890   9430
7900   9430
7910   9430
7920   9430
7930   9430
7940   9430
7950   9430
7960   9430
7970   9430
7980   9430
7990   9430
8000   9430
8010   9430
8020   9430
8030   9430
8040   9430
8050   9430
8060   9430
8070   9430
8080   9430
8090   9430
8100   9430
8110   9430
8120   9430
8130   9430
8140   9430
8150   9430
8160   9430
8170   9430
8180   9430
8190   9430
8200   9430
8210   9430
8220   9430
8230   9430
8240   9430
8250   9430
8260   9430
8270   9430
8280   9430
8290   9430
8300   9430
8310   9430
8320   9430
8330   9430
8340   9430
8350   9430
8360   9430
8370   9430
8380   9430
8390   9430
8400   9430
8410   9430
8420   9430
8430   9430
8440   9430
8450   9430
8460   9430
8470   9430
8480   9430
8490   9430
8500   9430
8510   9430
8520   9430
8530   9430
8540   9430
8550   9430
8560   9430
8570   9430
8580   9430
8590   9430
8600   9430
8610   9430
8620   9430
8630   9430
8640   9430
8650   9430
8660   9430
8670   9430
8680   9430
8690   9430
8700   9430
8710   9430
8720   9430
8730   9430
8740   9430
8750   9430
8760   9430
8770   9430
8780   9430
8790   9430
8800   9430
8810   9430
8820   9430
8830   9430
8840   9430
8850   9430
8860   9430
8870   9430
8880   9430
8890   9430
8900   9430
8910   9430
8920   9430
8930   9430
8940   9430
8950   9430
8960   9430
8970   9430
8980   9430
8990   9430
9000   9430
9010   9430
9020   9430
9030   9430
9040   9430
9050   9430
9060   9430
9070   9430
9080   9430
9090   9430
9100   9430
9110   9430
9120   9430
9130   9430
9140   9430
9150   9430
9160   9430
9170   9430
9180   9430
9190   9430
9200   9430
9210   9430
9220   9430
9230   9430
9240   9430
9250   9430
9260   9430
9270   9430
9280   9430
9290   9430
9300   9430
9310   9430
9320   9430
9330   9430
9340   9430
9350   9430
9360   9430
9370   9430
9380   9430
9390   9430
9400   9430
9410   9430
9420   9430
9430   9430
9440   9430
9450   9430
9460   9430
9470   9430
9480   9430
9490   9430
9500   9430
9510   9430
9520   9430
9530   9430
9540   9430
9550   9430
9560   9430
9570   9430
9580   9430
9590   9430
9600   9430
9610   9430
9620   9430
9630   9430
9640   9430
9650   9430
9660   9430
9670   9430
9680   9430
9690   9430
9700   9430
9710   9430
9720   9430
9730   9430
9740   9430
9750   9430
9760   9430
9770   9430
9780   9430
9790   9430
9800   9430
9810   9430
9820   9430
9830   9430
9840   9430
9850   9430
9860   9430
9870   9430
9880   9430
9890   9430
9900   9430
9910   9430
9920   9430
9930   9430
9940   9430
9950   9430
9960   9430
9970   9430
9980   9430
9990   9430
10000   9430
10010   9430
10020   9430
10030   9430
10040   9430
10050   9430
10060   9430
10070   9430
10080   9430
10090   9430
10100   9430
10110   9430
10120   9430
10130   9430
10140   9430
10150   9430
10160   9430
10170   9430
10180   9430
10190   9430
10200   9430
10210   9430
10220   9430
10230   9430
10240   9430
10250   9430
10260   9430
10270   9430
10280   9430
10290   9430
10300   9430
10310   9430
10320   9430
10330   9430
10340   9430
10350   9430
10360   9430
10370   9430
10380   9430
10390   9430
10400   9430
10410   9430
10420   9430
10430   9430
10440   9430
10450   9430
10460   9430
10470   9430
10480   9430
10490   9430
10500   9430
10510   9430
10520   9430
10530   9430
10540   9430
10550   9430
10560   9430
10570   9430
10580   9430
10590   9430
10600   9430
10610   9430
10620   9430
10630   9430
10640   9430
10650   9430
10660   9430
10670   9430
10680   9430
10690   9430
10700   9430
10710   9430
10720   9430
10730   9430
10740   9430
10750   9430
10760   9430
10770   9430
10780   9430
10790   9430
10800   9430
10810   9430
10820   9430
10830   9430
10840   9430
10850   9430
10860   9430
10870   9430
10880   9430
10890   9430
10900   9430
10910   9430
10920   9430
10930   9430
10940   9430
10950   9430
10960   9430
10970   9430
10980   9430
10990   9430
11000   9430
11010   9430
11020   9430
11030   9430
11040   9430
11050   9430
11060   9430
11070   9430
11080   9430
11090   9430
11100   9430
11110   9430
11120   9430
11130   9430
11140   9430
11150   9430
11160   9430
11170   9430
11180   9430
11190   9430
11200   9430
11210   9430
11220   9430
11230   9430
11240   9430
11250   9430
11260   9430
11270   9430
11280   9430
11290   9430
11300   9430
11310   9430
11320   9430
11330   9430
11340   9430
11350   9430
11360   9430
11370   9430
11380   9430
11390   9430
11400   9430
11410   9430
11420   9430
11430   9430
11440   9430
11450   9430
11460   9430
11470   9430
11480   9430
11490   9430
11500   9430
11510   9430
11520   9430
11530   9430
11540   9430
11550   9430
11560   9430
11570   9430
11580   9430
11590   9430
11600   9430
11610   9430
11620   9430
11630   9430
11640   9430
11650   9430
11660   9430
11670   9430
11680   9430
11690   9430
11700   9430
11710   9430
11720   9430
11730   9430
11740   9430
11750   9430
11760   9430
11770   9430
11780   9430
11790   9430
11800   9430
11810   9430
11820   9430
11830   9430
11840   9430
11850   9430
11860   9430
11870   9430
11880   9430
11890   9430
11900   9430
11910   9430
11920   9430
11930   9430
11940   9430
11950   9430
11960   9430
11970   9430
11980   9430
11990   9430
12000   9430
12010   9430
12020   9430
12030   9430
12040   9430
12050   9430
12060   9430
12070   9430
12080   9430
12090   9430
12100   9430
12110   9430
12120   9430
12130   9430
12140   9430
12150   9430
12160   9430
12170   9430
12180   9430
12190   9430
12200   9430
12210   9430
12220   9430
12230   9430
12240   9430
12250   9430
12260   9430
12270   9430
12280   9430
12290   9430
12300   9430
12310   9430
12320   9430
12330   9430
12340   9430
12350   9430
12360   9430
12370   9430
12380   9430
12390   9430
12400   9430
12410   9430
12420   9430
12430   9430
12440   9430
12450   9430
12460   9430
12470   9430
12480   9430
12490   9430
12500   9430
12510   9430
12520   9430
12530   9430
12540   9430
12550   9430
12560   9430
12570   9430
12580   9430
12590   9430
12600   9430
12610   9430
12620   9430
12630   9430
12640   9430
12650   9430
12660   9430
12670   9430
12680   9430
12690   9430
12700   9430
12710   9430
12720   9430
12730   9430
12740   9430
12750   9430
12760   9430
12770   9430
12780   9430
12790   9430
12800   9430
12810   9430
12820   9430
12830   9430
12840   9430
12850   9430
12860   9430
12870   9430
12880   9430
12890   9430
12900   9430
12910   9430
12920   9430
12930   9430
12940   9430
12950   9430
12960   9430
12970   9430
12980   9430
12990   9430
13000   9430
13010   9430
13020   9430
13030   9430
13040   9430
13050   9430
13060   9430
13070   9430
13080   9430
13090   9430
13100   9430
13110   9430
13120   9430
13130   9430
13140   9430
13150   9430
13160   9430
13170   9430
13180   9430
13190   9430
13200   9430
13210   9430
13220   9430
13230   9430
13240   9430
13250   9430
13260   9430
13270   9430
13280   9430
13290   9430
13300   9430
13310   9430
13320   9430
13330   9430
13340   9430
13350   9430
13360   9430
13370   9430
13380   9430
13390   9430
13400   9430
13410   9430
13420   9430
13430   9430
13440   9430
13450   9430
13460   9430
13470   9430
13480   9430
13490   9430
13500   9430
13510   9430
13520   9430
13530   9430
13540   9430
13550   9430
13560   9430
13570   9430
13580   9430
13590   9430
13600   9430
13610   9430
13620   9430
13630   9430
13640   9430
13650   9430
13660   9430
13670   9430
13680   9430
13690   9430
13700   9430
13710   9430
13720   9430
13730   9430
13740   9430
13750   9430
13760   9430
13770   9430
13780   9430
13790   9430
13800   9430
13810   9430
13820   9430
13830   9430
13840   9430
13850   9430
13860   9430
13870   9430
13880   9430
13890   9430
13900   9430
13910   9430
13920   9430
13930   9430
13940   9430
13950   9430
13960   9430
13970   9430
13980   9430
13990   9430
14000   9430
14010   9430
14020   9430
14030   9430
14040   9430
14050   9430
14060   9430
14070   9430
14080   9430
14090   9430
14100   9430
14110   9430
14120   9430
14130   9430
14140   9430
14150   9430
14160   9430
14170   9430
14180   9430
14190   9430
14200   9430
14210   9430
14220   9430
14230   9430
14240   9430
14250   9430
14260   9430
14270   9430
14280   9430
14290   9430
14300   9430
14310   9430
14320   9430
14330   9430
14340   9430
14350   9430
14360   9430
14370   9430
14380   9430
14390   9430
14400   9430
14410   9430
14420   9430
14430   9430
14440   9430
14450   9430
14460   9430
14470   9430
14480   9430
14490   9430
14500   9430
14510   9430
14520   9430
14530   9430
14540   9430
14550   9430
14560   9430
14570   9430
14580   9430
14590   9430
14600   9430
14610   9430
14620   9430
14630   9430
14640   9430
14650   9430
14660   9430
14670   9430
14680   9430
14690   9430
14700   9430
14710   9430
14720   9430
14730   9430
14740   9430
14750   9430
14760   9430
14770   9430
14780   9430
14790   9430
14800   9430
14810   9430
14820   9430
14830   9430
14840   9430
14850   9430
14860   9430
14870   9430
14880   9430
14890   9430
14900   9430
14910   9430
14920   9430
14930   9430
14940   9430
14950   9430
14960   9430
14970   9430
14980   9430
14990   9430
15000   9430
15010   9430
15020   9430
15030   9430
15040   9430
15050   9430
15060   9430
15070   9430
15080   9430
15090   9430
15100   9430
15110   9430
15120   9430
15130   9430
15140   9430
15150   9430
15160   9430
15170   9430
15180   9430
15190   9430
15200   9430
15210   9430
15220   9430
15230   9430
15240   9430
15250   9430
15260   9430
15270   9430
15280   9430
15290   9430
15300   9430
15310   9430
15320   9430
15330   9430
15340   9430
15350   9430
15360   9430
15370   9430
15380   9430
15390   9430
15400   9430
15410   9430
15420   9430
15430   9430
15440   9430
15450   9430
15460   9430
15470   9430
15480   9430
15490   9430
15500   9430
15510   9430
15520   9430
15530   9430
15540   9430
15550   9430
15560   9430
15570   9430
15580   9430
15590   9430
15600   9430
15610   9430
15620   9430
15630   9430
15640   9430
15650   9430
15660   9430
15670   9430
15680   9430
15690   9430
15700   9430
15710   9430
15720   9430
15730   9430
15740   9430
15750   9430
15760   9430
15770   9430
15780   9430
15790   9430
15800   9430
15810   9430
15820   9430
15830   9430
15840   9430
15850   9430
15860   9430
15870   9430
15880   9430
15890   9430
15900   9430
15910   9430
15920   9430
15930   9430
15940   9430
15950   9430
15960   9430
15970   9430
15980   9430
15990   9430
16000   9430
16010   9430
16020   9430
16030   9430
16040   9430
16050   9430
16060   9430
16070   9430
16080   9430
16090   9430
16100   9430
16110   9430
16120   9430
16130   9430
16140   9430
16150   9430
16160   9430
16170   9430
16180   9430
16190   9430
16200   9430
16210   9430
16220   9430
16230   9430
16240   9430
16250   9430
16260   9430
16270   9430
16280   9430
16290   9430
16300   9430
16310   9430
16320   9430
16330   9430
16340   9430
16350   9430
16360   9430
16370   9430
16380   9430
16390   9430
16400   9430
16410   9430
16420   9430
16430   9430
16440   9430
16450   9430
16460   9430
16470   9430
16480   9430
16490   9430
16500   9430
16510   9430
16520   9430
16530   9430
16540   9430
16550   9430
16560   9430
16570   9430
16580   9430
16590   9430
16600   9430
16610   9430
16620   9430
16630   9430
16640   9430
16650   9430
16660   9430
16670   9430
16680   9430
16690   9430
16700   9430
16710   9430
16720   9430
16730   9430
16740   9430
16750   9430
16760   9430
16770   9430
16780   9430
16790   9430
16800   9430
16810   9430
16820   9430
16830   9430
16840   9430
16850   9430
16860   9430
16870   9430
16880   9430
16890   9430
16900   9430
16910   9430
16920   9430
16930   9430
16940   9430
16950   9430
16960   9430
16970   9430
16980   9430
16990   9430
17000   9430
17010   9430
17020   9430
17030   9430
17040   9430
17050   9430
17060   9430
17070   9430
17080   9430
17090   9430
17100   9430
17110   9430
17120   9430
17130   9430
17140   9430
17150   9430
17160   9430
17170   9430
17180   9430
17190   9430
17200   9430
17210   9430
17220   9430
17230   9430
17240   9430
17250   9430
17260   9430
17270   9430
17280   9430
17290   9430
17300   9430
17310   9430
17320   9430
17330   9430
17340   9430
17350   9430
17360   9430
17370   9430
17380   9430
17390   9430
17400   9430
17410   9430
17420   9430
17430   9430
17440   9430
17450   9430
17460   9430
17470   9430
17480   9430
17490   9430
17500   9430
17510   9430
17520   9430
17530   9430
17540   9430
17550   9430
17560   9430
17570   9430
17580   9430
17590   9430
17600   9430
17610   9430
17620   9430
17630   9430
17640   9430
17650   9430
17660   9430
17670   9430
17680   9430
17690   9430
17700   9430
17710   9430
17720   9430
17730   9430
17740   9430
17750   9430
17760   9430
17770   9430
17780   9430
17790   9430
17800   9430
17810   9430
17820   9430
17830   9430
17840   9430
17850   9430
17860   9430
17870   9430
17880   9430
17890   9430
17900   9430
17910   9430
17920   9430
17930   9430
17940   9430
17950   9430
17960   9430
17970   9430
17980   9430
17990   9430
18000   9430
18010   9430
18020   9430
18030   9430
18040   9430
18050   9430
18060   9430
18070   9430
18080   9430
18090   9430
18100   9430
18110   9430
18120   9430
18130   9430
18140   9430
18150   9430
18160   9430
18170   9430
18180   9430
18190   9430
18200   9430
18210   9430
18220   9430
18230   9430
18240   9430
18250   9430
18260   9430
18270   9430
18280   9430
18290   9430
18300   9430
18310   9430
18320   9430
18330   9430
18340   9430
18350   9430
18360   9430
18370   9430
18380   9430
18390   9430
18400   9430
18410   9430
18420   9430
18430   9430
18440   9430
18450   9430
18460   9430
18470   9430
18480   9430
18490   9430
18500   9430
18510   9430
18520   9430
18530   9430
18540   9430
18550   9430
18560   9430
18570   9430
18580   9430
18590   9430
18600   9430
18610   9430
18620   9430
18630   9430
18640   9430
18650   9430
18660   9430
18670   9430
18680   9430
18690   9430
18700   9430
18710   9430
18720   9430
18730   9430
18740   9430
18750   9430
18760   9430
18770   9430
18780   9430
18790   9430
18800   9430
18810   9430
18820   9430
18830   9430
18840   9430
18850   9430
18860   9430
18870   9430
18880   9430
18890   9430
18900   9430
18910   9430
18920   9430
18930   9430
18940   9430
18950   9430
18960   9430
18970   9430
18980   9430
18990   9430
19000   9430
19010   9430
19020   9430
