10   317716
20   317716
30   317716
40   317716
50   317716
60   317716
70   317716
80   317716
90   317716
100   317716
110   317716
120   317716
130   317716
140   317716
150   317716
160   317716
170   317716
180   317716
190   317716
200   317716
210   317716
220   317716
230   317716
240   317716
250   317716
260   317716
270   317716
280   317716
290   317716
300   317716
310   317716
320   317716
330   317716
340   317716
350   317716
360   317716
370   317716
380   317716
390   317716
400   317716
410   317716
420   317716
430   317716
440   317716
450   317716
460   317716
470   317716
480   317716
490   317716
500   317716
510   317716
520   317716
530   317716
540   317716
550   317716
560   317716
570   317716
580   317716
590   317716
600   317716
610   317716
620   317716
630   317716
640   317716
650   317716
660   317716
670   317716
680   317716
690   317716
700   317716
710   317716
720   317716
730   317716
740   317716
750   317716
760   317542
770   317542
780   317542
790   317542
800   317542
810   317542
820   317542
830   315812
840   315812
850   315812
860   315812
870   315812
880   315812
890   315812
900   315812
910   315812
920   315812
930   315812
940   315812
950   315812
960   315812
970   315812
980   315812
990   315812
1000   315812
1010   315812
1020   315812
1030   315812
1040   315812
1050   315812
1060   315812
1070   315812
1080   315812
1090   315812
1100   315812
1110   315812
1120   315812
1130   315812
1140   315812
1150   315812
1160   315812
1170   315812
1180   315812
1190   315812
1200   315812
1210   315812
1220   315812
1230   315812
1240   315812
1250   315812
1260   315812
1270   315812
1280   315812
1290   315812
1300   315812
1310   315812
1320   315812
1330   315812
1340   315812
1350   315812
1360   315812
1370   315812
1380   315812
1390   315812
1400   315812
1410   315812
1420   315812
1430   315812
1440   315812
1450   315812
1460   315812
1470   315812
1480   315812
1490   315812
1500   315812
1510   315812
1520   315812
1530   315812
1540   315812
1550   315812
1560   315812
1570   315812
1580   315812
1590   315812
1600   315812
1610   315812
1620   315812
1630   315812
1640   315812
1650   315812
1660   315812
1670   315812
1680   315812
1690   315812
1700   315812
1710   315812
1720   315812
1730   315812
1740   315812
1750   315812
1760   315812
1770   315812
1780   315812
1790   315812
1800   315812
1810   315812
1820   315812
1830   315812
1840   315812
1850   315812
1860   315812
1870   315812
1880   315812
1890   315812
1900   315812
1910   315812
1920   315812
1930   315812
1940   315812
1950   315812
1960   315812
1970   315812
1980   315812
1990   315812
2000   315812
2010   315812
2020   315812
2030   315812
2040   315812
2050   315812
2060   315812
2070   315812
2080   315812
2090   315812
2100   315812
2110   315812
2120   315812
2130   315812
2140   315812
2150   315812
2160   315812
2170   315812
2180   315812
2190   315812
2200   315812
2210   315812
2220   315812
2230   315812
2240   315812
2250   315812
2260   315812
2270   315812
2280   315812
2290   315812
2300   315812
2310   315812
2320   315812
2330   315812
2340   315812
2350   315812
2360   315812
2370   315812
2380   315812
2390   315812
2400   315812
2410   315812
2420   315812
2430   315812
2440   315812
2450   315812
2460   315812
2470   315812
2480   315812
2490   315812
2500   315812
2510   315812
2520   315812
2530   315812
2540   315812
2550   315812
2560   315812
2570   315812
2580   315812
2590   315812
2600   315812
2610   315812
2620   315812
2630   315812
2640   315812
2650   315812
2660   315812
2670   315812
2680   315812
2690   315812
2700   315812
2710   315812
2720   315812
2730   315812
2740   315812
2750   315812
2760   315812
2770   315812
2780   315812
2790   315812
2800   315812
2810   315812
2820   315812
2830   315812
2840   315812
2850   315812
2860   315812
2870   315812
2880   315812
2890   315812
2900   315812
2910   315812
2920   315812
2930   315812
2940   315812
2950   315812
2960   315812
2970   315812
2980   315812
2990   315812
3000   315812
3010   315812
3020   315812
3030   315812
3040   315812
3050   315812
3060   315812
3070   315812
3080   315812
3090   315812
3100   315812
3110   315812
3120   315812
3130   315812
3140   315812
3150   315812
3160   315812
3170   315812
3180   315812
3190   315812
3200   315812
3210   315812
3220   315812
3230   315812
3240   315812
3250   315812
3260   315812
3270   315812
3280   315812
3290   315812
3300   315812
3310   315812
3320   315812
3330   315812
3340   315812
3350   315812
3360   315812
3370   315812
3380   315812
3390   315812
3400   315812
3410   315812
3420   315812
3430   315812
3440   315812
3450   315812
3460   315812
3470   315812
3480   315812
3490   315812
3500   315812
3510   315812
3520   315812
3530   315812
3540   315812
3550   315812
3560   315812
3570   315812
3580   315812
3590   315812
3600   315812
3610   315812
3620   315812
3630   315812
3640   315812
3650   315812
3660   315812
3670   315812
3680   315812
3690   315812
3700   315812
3710   315812
3720   315812
3730   315812
3740   315812
3750   315812
3760   315812
3770   315812
3780   315812
3790   315812
3800   315812
3810   315812
3820   315812
3830   315812
3840   315812
3850   315812
3860   315812
3870   315812
3880   315812
3890   315812
3900   315812
3910   315812
3920   315812
3930   315812
3940   315812
3950   315812
3960   315812
3970   315812
3980   315812
3990   315812
4000   315812
4010   315812
4020   315812
4030   315812
4040   315812
4050   315812
4060   315812
4070   315812
4080   315812
4090   315812
4100   315812
4110   315812
4120   315812
4130   315812
4140   315812
4150   315812
4160   315812
4170   315812
4180   315812
4190   315812
4200   315812
4210   315812
4220   315812
4230   315812
4240   315812
4250   315812
4260   315812
4270   315812
4280   315812
4290   315812
4300   315812
4310   315812
4320   315812
4330   315812
4340   315812
4350   315812
4360   315812
4370   315812
4380   315812
4390   315812
4400   315812
4410   315812
4420   315812
4430   315812
4440   315812
4450   315812
4460   315812
4470   315812
4480   315812
4490   315812
4500   315812
4510   315812
4520   315812
4530   315812
4540   315812
4550   315812
4560   315812
4570   315812
4580   315812
4590   315812
4600   315812
4610   315812
4620   315812
4630   315812
4640   315812
4650   315812
4660   315812
4670   315812
4680   315812
4690   315812
4700   315812
4710   315812
4720   315812
4730   315812
4740   315812
4750   315812
4760   315812
4770   315812
4780   315812
4790   315812
4800   315812
4810   315812
4820   315812
4830   315812
4840   315812
4850   315812
4860   315812
4870   315812
4880   315812
4890   315812
4900   315812
4910   315812
4920   315812
4930   315812
4940   315812
4950   315812
4960   315812
4970   315812
4980   315812
4990   315812
5000   315812
5010   315812
5020   315812
5030   315812
5040   315812
5050   315812
5060   315812
5070   315812
5080   315812
5090   315812
5100   315812
5110   315812
5120   315812
5130   315812
5140   315812
5150   315812
5160   315812
5170   315812
5180   315812
5190   315812
5200   315812
5210   315812
5220   315812
5230   315812
5240   315812
5250   315812
5260   315812
5270   315812
5280   315812
5290   315812
5300   315812
5310   315812
5320   315812
5330   315812
5340   315812
5350   315812
5360   315812
5370   315812
5380   315812
5390   315812
5400   315812
5410   315812
5420   315812
5430   315812
5440   315812
5450   315812
5460   315812
5470   315812
5480   315812
5490   315812
5500   315196
5510   315196
5520   315196
5530   315196
5540   315196
5550   315196
5560   315196
5570   315196
5580   315196
5590   315196
5600   315196
5610   315196
5620   315196
5630   315196
5640   315196
5650   315196
5660   315196
5670   315196
5680   315196
5690   315196
5700   315196
5710   315196
5720   315196
5730   315196
5740   315196
5750   315196
5760   315196
5770   315196
5780   315196
5790   315196
5800   315196
5810   315196
5820   315196
5830   315196
5840   315196
5850   315196
5860   315196
5870   315196
5880   315196
5890   315196
5900   315196
5910   315196
5920   315196
5930   315196
5940   315196
5950   315196
5960   315196
5970   315196
5980   315196
5990   315196
6000   315196
6010   315196
6020   315196
6030   315196
6040   315196
6050   315196
6060   315196
6070   315196
6080   315196
6090   315196
6100   315196
6110   315196
6120   315196
6130   315196
6140   315196
6150   315196
6160   315196
6170   315196
6180   315196
6190   315196
6200   315196
6210   315196
6220   315196
6230   315196
6240   315196
6250   315196
6260   315196
6270   315196
6280   315196
6290   315196
6300   315196
6310   315196
6320   315196
6330   315196
6340   315196
6350   315196
6360   315196
6370   315196
6380   315196
6390   315196
6400   315196
6410   315196
6420   315196
6430   315196
6440   315196
6450   315196
6460   315196
6470   315196
6480   315196
6490   315196
6500   315196
6510   315196
6520   315196
6530   315196
6540   315196
6550   315196
6560   315196
6570   315196
6580   315196
6590   315196
6600   315196
6610   315196
6620   315196
6630   315196
6640   315196
6650   315196
6660   315196
6670   315196
6680   315196
6690   315196
6700   315196
6710   315196
6720   315196
6730   315196
6740   315196
6750   315196
6760   315196
6770   315196
6780   315196
6790   315196
6800   315196
6810   315196
6820   315196
6830   315196
6840   315196
6850   315196
6860   315196
6870   315196
6880   315196
6890   315196
6900   315196
6910   315196
6920   315196
6930   315196
6940   315196
6950   315196
6960   315196
6970   315196
6980   315196
6990   315196
7000   315196
7010   315196
7020   315196
7030   315196
7040   315196
7050   315196
7060   315196
7070   315196
7080   315196
7090   315196
7100   315196
7110   315196
7120   315196
7130   315196
7140   315196
7150   315196
7160   315196
7170   315196
7180   315196
7190   315196
7200   315196
7210   315196
7220   315196
7230   315196
7240   315196
7250   315196
7260   315196
7270   315196
7280   315196
7290   315196
7300   315196
7310   315196
7320   315196
7330   315196
7340   315196
7350   315196
7360   315196
7370   315196
7380   315196
7390   315196
7400   315196
7410   315196
7420   315196
7430   315196
7440   315196
7450   315196
7460   315196
7470   315196
7480   315196
7490   315196
7500   315196
7510   315196
7520   315196
7530   315196
7540   315196
7550   315196
7560   315196
7570   315196
7580   315196
7590   315196
7600   315196
7610   315196
7620   315196
7630   315196
7640   315196
7650   315196
7660   315196
7670   315196
7680   315196
7690   315196
7700   315196
7710   315196
7720   315196
7730   315196
7740   315196
7750   315196
7760   315196
7770   315196
7780   315196
7790   315196
7800   315196
7810   315196
7820   315196
7830   315196
7840   315196
7850   315196
7860   315196
7870   315196
7880   315196
7890   315196
7900   315196
7910   315196
7920   315196
7930   315196
7940   315196
7950   315196
7960   315196
7970   315196
7980   315196
7990   315196
8000   315196
8010   315196
8020   315196
8030   315196
8040   315196
8050   315196
8060   315196
8070   315196
8080   315196
8090   315196
8100   315196
8110   315196
8120   315196
8130   315196
8140   315196
8150   315196
8160   315196
8170   315196
8180   315196
8190   315196
8200   315196
8210   315196
8220   315196
8230   315196
8240   315196
8250   315196
8260   315196
8270   315196
8280   315196
8290   315196
8300   315196
8310   315196
8320   315196
8330   315196
8340   315196
8350   315196
8360   315196
8370   315196
8380   315196
8390   315196
8400   315196
8410   315196
8420   315196
8430   315196
8440   315196
8450   315196
8460   315196
8470   315196
8480   315196
8490   315196
8500   315196
8510   315196
8520   315196
8530   315196
8540   315196
8550   315196
8560   315196
8570   315196
8580   315196
8590   315196
8600   315196
8610   315196
8620   315196
8630   315196
8640   315196
8650   315196
8660   315196
8670   315196
8680   315196
8690   315196
8700   315196
8710   315196
8720   315196
8730   315196
8740   315196
8750   315196
8760   315196
8770   315196
8780   315196
8790   315196
8800   315196
8810   315196
8820   315196
8830   315196
8840   315196
8850   315196
8860   315196
8870   315196
8880   315196
8890   315196
8900   315196
8910   315196
8920   315196
8930   315196
8940   315196
8950   315196
8960   315196
8970   315196
8980   315196
8990   315196
9000   315196
9010   315196
9020   315196
9030   315196
9040   315196
9050   315196
9060   315196
9070   315196
9080   315196
9090   315196
9100   315196
9110   315196
9120   315196
9130   315196
9140   315196
9150   315196
9160   315196
9170   315196
9180   315196
9190   315196
9200   315196
9210   315196
9220   315196
9230   315196
9240   315196
9250   315196
9260   315196
9270   315196
9280   315196
9290   315196
9300   315196
9310   315196
9320   315196
9330   315196
9340   315196
9350   315196
9360   315196
9370   315196
9380   315196
9390   315196
9400   315196
9410   315196
9420   315196
9430   315196
9440   315196
9450   315196
9460   315196
9470   315196
9480   315196
9490   315196
9500   315196
9510   315196
9520   315196
9530   315196
9540   315196
9550   315196
9560   315196
9570   315196
9580   315196
9590   315196
9600   315196
9610   315196
9620   315196
9630   315196
9640   315196
9650   315196
9660   315196
9670   315196
9680   315196
9690   315196
9700   315196
9710   315196
9720   315196
9730   315196
9740   315196
9750   315196
9760   315196
9770   315196
9780   315196
9790   315196
9800   315196
9810   315196
9820   315196
9830   315196
9840   315196
9850   315196
9860   315196
9870   315196
9880   315196
9890   315196
9900   315196
9910   315196
9920   315196
9930   315196
9940   315196
9950   315196
9960   315196
9970   315196
9980   315196
9990   315196
10000   315196
10010   315196
10020   315196
10030   315196
10040   315196
10050   315196
10060   315196
10070   315196
10080   315196
10090   315196
10100   315196
10110   315196
10120   315196
10130   315196
10140   315196
10150   315196
10160   315196
10170   315196
10180   315196
10190   315196
10200   315196
10210   315196
10220   315196
10230   315196
10240   315196
10250   315196
10260   315196
10270   315196
10280   315196
10290   315196
10300   315196
10310   315196
10320   315196
10330   315196
10340   315196
10350   315196
10360   315196
10370   315196
10380   315196
10390   315196
10400   315196
10410   315196
10420   315196
10430   315196
10440   315196
10450   315196
10460   315196
10470   315196
10480   315196
10490   315196
10500   315196
10510   315196
10520   315196
10530   315196
10540   315196
10550   315196
10560   315196
10570   315196
10580   315196
10590   315196
10600   315196
10610   315196
10620   315196
10630   315196
10640   315196
10650   315196
10660   315196
10670   315196
10680   315196
10690   315196
10700   315196
10710   315196
10720   315196
10730   315196
10740   315196
10750   315196
10760   315196
10770   315196
10780   315196
10790   315196
10800   315196
10810   315196
10820   315196
10830   315196
10840   315196
10850   315196
10860   315196
10870   315196
10880   315196
10890   315196
10900   315196
10910   315196
10920   315196
10930   315196
10940   315196
10950   315196
10960   315196
10970   315196
10980   315196
10990   315196
11000   315196
11010   315196
11020   315196
11030   315196
11040   315196
11050   315196
11060   315196
11070   315196
11080   315196
11090   315196
11100   315196
11110   315196
11120   315196
11130   315196
11140   315196
11150   315196
11160   315196
11170   315196
11180   315196
11190   315196
11200   315196
11210   315196
11220   315196
11230   315196
11240   315196
11250   315196
11260   315196
11270   315196
11280   315196
11290   315196
11300   315196
11310   315196
11320   315196
11330   315196
11340   315196
11350   315196
11360   315196
11370   315196
11380   315196
11390   315196
11400   315196
11410   315196
11420   315196
11430   315196
11440   315196
11450   315196
11460   315196
11470   315196
11480   315196
11490   315196
11500   315196
11510   315196
11520   315196
11530   315196
11540   315196
11550   315196
11560   315196
11570   315196
11580   315196
11590   315196
11600   315196
11610   315196
11620   315196
11630   315196
11640   315196
11650   315196
11660   315196
11670   315196
11680   315196
11690   315196
11700   315196
11710   315196
11720   315196
11730   315196
11740   315196
11750   315196
11760   315196
11770   315196
11780   315196
11790   315196
11800   315196
11810   315196
11820   315196
11830   315196
11840   315196
11850   315196
11860   315196
11870   315196
11880   315196
11890   315196
11900   315196
11910   315196
11920   315196
11930   315196
11940   315196
11950   315196
11960   315196
11970   315196
11980   315196
11990   315196
12000   315196
12010   315196
12020   315196
12030   315196
12040   315196
12050   315196
12060   315196
12070   315196
12080   315196
12090   315196
12100   315196
12110   315196
12120   315196
12130   315196
12140   315196
12150   315196
12160   315196
12170   315196
12180   315196
12190   315196
12200   315196
12210   315196
12220   315196
12230   315196
12240   315196
12250   315196
12260   315196
12270   315196
12280   315196
12290   315196
12300   315196
12310   315196
12320   315196
12330   315196
12340   315196
12350   315196
12360   315196
12370   315196
12380   315196
12390   315196
12400   315196
12410   315196
12420   315196
12430   315196
12440   315196
12450   315196
12460   315196
12470   315196
12480   315196
12490   315196
12500   315196
12510   315196
12520   315196
12530   315196
12540   315196
12550   315196
12560   315196
12570   315196
12580   315196
12590   315196
12600   315196
12610   315196
12620   315196
12630   315196
12640   315196
12650   315196
12660   315196
12670   315196
12680   315196
12690   315196
12700   315196
12710   315196
12720   315196
12730   315196
12740   315196
12750   315196
12760   315196
12770   315196
12780   315196
12790   315196
12800   315196
12810   315196
12820   315196
12830   315196
12840   315196
12850   315196
12860   315196
12870   315196
12880   315196
12890   315196
12900   315196
12910   315196
12920   315196
12930   315196
12940   315196
12950   315196
12960   315196
12970   315196
12980   315196
12990   315196
13000   315196
13010   315196
13020   315196
13030   315196
13040   315196
13050   315196
13060   315196
13070   315196
13080   315196
13090   315196
13100   315196
13110   315196
13120   315196
13130   315196
13140   315196
13150   315196
13160   315196
13170   315196
13180   315196
13190   315196
13200   315196
13210   315196
13220   315196
13230   315196
13240   315196
13250   315196
13260   315196
13270   315196
13280   315196
13290   315196
13300   315196
13310   315196
13320   315196
13330   315196
13340   315196
13350   315196
13360   315196
13370   315196
13380   315196
13390   315196
13400   315196
13410   315196
13420   315196
13430   315196
13440   315196
13450   315196
13460   315196
13470   315196
13480   315196
13490   315196
13500   315196
13510   315196
13520   315196
13530   315196
13540   315196
13550   315196
13560   315196
13570   315196
13580   315196
13590   315196
13600   315196
13610   315196
13620   315196
13630   315196
13640   315196
13650   315196
13660   315196
13670   315196
13680   315196
13690   315196
13700   315196
13710   315196
13720   315196
13730   315196
13740   315196
13750   315196
13760   315196
13770   315196
13780   315196
13790   315196
13800   315196
13810   315196
13820   315196
13830   315196
13840   315196
13850   315196
13860   315196
13870   315196
13880   315196
13890   315196
13900   315196
13910   315196
13920   315196
13930   315196
13940   315196
13950   315196
13960   315196
13970   315196
13980   315196
13990   315196
14000   315196
14010   315196
14020   315196
14030   315196
14040   315196
14050   315196
14060   315196
14070   315196
14080   315196
14090   315196
14100   315196
14110   315196
14120   315196
14130   315196
14140   315196
14150   315196
14160   315196
14170   315196
14180   315196
14190   315196
14200   315196
14210   315196
14220   315196
14230   315196
14240   315196
14250   315196
14260   315196
14270   315196
14280   315196
14290   315196
14300   315196
14310   315196
14320   315196
14330   315196
14340   315196
14350   315196
14360   315196
14370   315196
14380   315196
14390   315196
14400   315196
14410   315196
14420   315196
14430   315196
14440   315196
14450   315196
14460   315196
14470   315196
14480   315196
14490   315196
14500   315196
14510   315196
14520   315196
14530   315196
14540   315196
14550   315196
14560   315196
14570   315196
14580   315196
14590   315196
14600   315196
14610   315196
14620   315196
14630   315196
14640   315196
14650   315196
14660   315196
14670   315196
14680   315196
14690   315196
14700   315196
14710   315196
14720   315196
14730   315196
14740   315196
14750   315196
14760   315196
14770   315196
14780   315196
14790   315196
14800   315196
14810   315196
14820   315196
14830   315196
14840   315196
14850   315196
14860   315196
14870   315196
14880   315196
14890   315196
14900   315196
14910   315196
14920   315196
14930   315196
14940   315196
14950   315196
14960   315196
14970   315196
14980   315196
14990   315196
15000   315196
15010   315196
15020   315196
15030   315196
15040   315196
15050   315196
15060   315196
15070   315196
15080   315196
15090   315196
15100   315196
15110   315196
15120   315196
15130   315196
15140   315196
15150   315196
15160   315196
15170   315196
15180   315196
15190   315196
15200   315196
15210   315196
15220   315196
15230   315196
15240   315196
15250   315196
15260   315196
15270   315196
15280   315196
15290   315196
15300   315196
15310   315196
15320   315196
15330   315196
15340   315196
15350   315196
15360   315196
15370   315196
15380   315196
15390   315196
15400   315196
15410   315196
15420   315196
15430   315196
15440   315196
15450   315196
15460   315196
15470   315196
15480   315196
15490   315196
15500   315196
15510   315196
15520   315196
15530   315196
15540   315196
15550   315196
15560   315196
15570   315196
15580   315196
15590   315196
15600   315196
15610   315196
15620   315196
15630   315196
15640   315196
15650   315196
15660   315196
15670   315196
15680   315196
15690   315196
15700   315196
15710   315196
15720   315196
15730   315196
15740   315196
15750   315196
15760   315196
15770   315196
15780   315196
15790   315196
15800   315196
15810   315196
15820   315196
15830   315196
15840   315196
15850   315196
15860   315196
15870   315196
15880   315196
15890   315196
15900   315196
15910   315196
15920   315196
15930   315196
15940   315196
15950   315196
15960   315196
15970   315196
15980   315196
15990   315196
16000   315196
16010   315196
16020   315196
16030   315196
16040   315196
16050   315196
16060   315196
16070   315196
16080   315196
16090   315196
16100   315196
16110   315196
16120   315196
16130   315196
16140   315196
16150   315196
16160   315196
16170   315196
16180   315196
16190   315196
16200   314552
16210   314552
16220   314552
16230   314552
16240   314552
16250   314552
16260   314552
16270   314552
16280   314552
16290   314552
16300   314552
16310   314552
16320   314552
16330   314552
16340   314552
16350   314552
16360   314552
16370   314552
16380   314552
16390   314552
16400   314552
16410   314552
16420   314552
16430   314552
16440   314552
16450   314552
16460   314552
16470   314552
16480   314552
16490   314552
16500   314552
16510   314552
16520   314552
16530   314552
16540   314552
16550   314552
16560   314552
16570   314552
16580   314552
16590   314552
16600   314552
16610   314552
16620   314552
16630   314552
16640   314552
16650   314552
16660   314552
16670   314552
16680   314552
16690   314552
16700   314552
16710   314552
16720   314552
16730   314552
16740   314552
16750   314552
16760   314552
16770   314552
16780   314552
16790   314552
16800   314552
16810   314552
16820   314552
16830   314552
16840   314552
16850   314552
16860   314552
16870   314552
16880   314552
16890   314552
16900   314552
16910   314552
16920   314552
16930   314552
16940   314552
16950   314552
16960   314552
16970   314552
16980   314552
16990   314552
17000   314552
17010   314552
17020   314552
17030   314552
17040   314552
17050   314552
17060   314552
17070   314552
17080   314552
17090   314552
17100   314552
17110   314552
17120   314552
17130   314552
17140   314552
17150   314552
17160   314552
17170   314552
17180   314552
17190   314552
17200   314552
17210   314552
17220   314552
17230   314552
