10   3408
20   3351
30   3351
40   3021
50   3021
60   3021
70   3021
80   3021
90   3021
100   3021
110   3021
120   3021
130   3021
140   3021
150   3021
160   3021
170   3021
180   3021
190   3021
200   3021
210   3021
220   3021
230   3021
240   3021
250   3021
260   3021
270   3021
280   3021
290   3021
300   3021
310   3021
320   3008
330   3008
340   3008
350   3008
360   2987
370   2987
380   2987
390   2940
400   2940
410   2940
420   2808
430   2808
440   2808
450   2808
460   2808
470   2808
480   2808
490   2808
500   2808
510   2808
520   2808
530   2808
540   2808
550   2808
560   2808
570   2808
580   2808
590   2808
600   2808
610   2808
620   2808
630   2808
640   2808
650   2808
660   2808
670   2808
680   2808
690   2808
700   2808
710   2808
720   2808
730   2808
740   2808
750   2808
760   2808
770   2808
780   2808
790   2808
800   2808
810   2808
820   2808
830   2808
840   2808
850   2808
860   2808
870   2808
880   2808
890   2808
900   2808
910   2808
920   2808
930   2808
940   2808
950   2808
960   2808
970   2808
980   2808
990   2808
1000   2808
1010   2790
1020   2790
1030   2790
1040   2790
1050   2790
1060   2790
1070   2790
1080   2790
1090   2781
1100   2781
1110   2781
1120   2781
1130   2781
1140   2781
1150   2781
1160   2781
1170   2781
1180   2781
1190   2781
1200   2781
1210   2781
1220   2781
1230   2781
1240   2781
1250   2781
1260   2781
1270   2701
1280   2701
1290   2701
1300   2701
1310   2701
1320   2701
1330   2701
1340   2701
1350   2701
1360   2701
1370   2701
1380   2701
1390   2701
1400   2701
1410   2701
1420   2701
1430   2701
1440   2701
1450   2701
1460   2701
1470   2701
1480   2701
1490   2701
1500   2701
1510   2701
1520   2701
1530   2701
1540   2701
1550   2701
1560   2701
1570   2701
1580   2701
1590   2701
1600   2701
1610   2701
1620   2701
1630   2701
1640   2701
1650   2701
1660   2701
1670   2701
1680   2701
1690   2701
1700   2701
1710   2701
1720   2701
1730   2701
1740   2701
1750   2701
1760   2701
1770   2701
1780   2701
1790   2701
1800   2701
1810   2701
1820   2701
1830   2701
1840   2701
1850   2701
1860   2701
1870   2701
1880   2701
1890   2701
1900   2701
1910   2701
1920   2701
1930   2701
1940   2701
1950   2701
1960   2701
1970   2701
1980   2701
1990   2701
2000   2701
2010   2701
2020   2701
2030   2701
2040   2701
2050   2701
2060   2701
2070   2701
2080   2701
2090   2701
2100   2701
2110   2701
2120   2701
2130   2701
2140   2701
2150   2701
2160   2701
2170   2701
2180   2701
2190   2701
2200   2701
2210   2701
2220   2701
2230   2701
2240   2701
2250   2701
2260   2701
2270   2701
2280   2701
2290   2701
2300   2701
2310   2701
2320   2701
2330   2701
2340   2701
2350   2701
2360   2701
2370   2701
2380   2701
2390   2701
2400   2701
2410   2701
2420   2701
2430   2701
2440   2701
2450   2701
2460   2701
2470   2701
2480   2701
2490   2701
2500   2701
2510   2701
2520   2701
2530   2701
2540   2701
2550   2701
2560   2701
2570   2701
2580   2701
2590   2701
2600   2701
2610   2701
2620   2701
2630   2701
2640   2701
2650   2701
2660   2701
2670   2701
2680   2701
2690   2701
2700   2701
2710   2701
2720   2701
2730   2701
2740   2701
2750   2701
2760   2701
2770   2701
2780   2701
2790   2701
2800   2701
2810   2701
2820   2701
2830   2701
2840   2701
2850   2701
2860   2701
2870   2701
2880   2701
2890   2701
2900   2701
2910   2701
2920   2701
2930   2701
2940   2701
2950   2701
2960   2701
2970   2701
2980   2701
2990   2701
3000   2701
3010   2701
3020   2701
3030   2701
3040   2701
3050   2701
3060   2701
3070   2701
3080   2701
3090   2701
3100   2701
3110   2701
3120   2701
3130   2701
3140   2701
3150   2701
3160   2701
3170   2701
3180   2701
3190   2701
3200   2701
3210   2701
3220   2701
3230   2701
3240   2701
3250   2701
3260   2701
3270   2701
3280   2701
3290   2701
3300   2701
3310   2701
3320   2691
3330   2691
3340   2691
3350   2691
3360   2691
3370   2691
3380   2691
3390   2691
3400   2691
3410   2691
3420   2691
3430   2691
3440   2691
3450   2691
3460   2691
3470   2691
3480   2691
3490   2691
3500   2691
3510   2691
3520   2691
3530   2691
3540   2691
3550   2691
3560   2691
3570   2691
3580   2691
3590   2691
3600   2691
3610   2691
3620   2691
3630   2691
3640   2691
3650   2691
3660   2691
3670   2691
3680   2691
3690   2691
3700   2691
3710   2691
3720   2691
3730   2691
3740   2691
3750   2691
3760   2691
3770   2691
3780   2691
3790   2691
3800   2691
3810   2691
3820   2691
3830   2691
3840   2691
3850   2691
3860   2691
3870   2691
3880   2691
3890   2691
3900   2691
3910   2691
3920   2691
3930   2691
3940   2691
3950   2691
3960   2691
3970   2691
3980   2691
3990   2691
4000   2691
4010   2691
4020   2691
4030   2691
4040   2691
4050   2691
4060   2691
4070   2691
4080   2691
4090   2691
4100   2691
4110   2691
4120   2691
4130   2691
4140   2691
4150   2691
4160   2691
4170   2691
4180   2691
4190   2691
4200   2691
4210   2691
4220   2691
4230   2691
4240   2691
4250   2691
4260   2691
4270   2691
4280   2691
4290   2691
4300   2691
4310   2691
4320   2691
4330   2691
4340   2691
4350   2691
4360   2691
4370   2691
4380   2691
4390   2691
4400   2691
4410   2691
4420   2691
4430   2691
4440   2691
4450   2691
4460   2691
4470   2691
4480   2691
4490   2691
4500   2691
4510   2691
4520   2691
4530   2691
4540   2691
4550   2691
4560   2691
4570   2691
4580   2691
4590   2691
4600   2691
4610   2691
4620   2691
4630   2691
4640   2691
4650   2691
4660   2691
4670   2691
4680   2691
4690   2691
4700   2691
4710   2691
4720   2691
4730   2691
4740   2691
4750   2691
4760   2691
4770   2691
4780   2691
4790   2691
4800   2691
4810   2691
4820   2691
4830   2691
4840   2691
4850   2691
4860   2691
4870   2691
4880   2691
4890   2691
4900   2691
4910   2691
4920   2691
4930   2691
4940   2691
4950   2691
4960   2691
4970   2691
4980   2691
4990   2691
5000   2691
5010   2691
5020   2691
5030   2691
5040   2691
5050   2691
5060   2691
5070   2691
5080   2691
5090   2691
5100   2691
5110   2691
5120   2691
5130   2691
5140   2691
5150   2691
5160   2691
5170   2691
5180   2691
5190   2691
5200   2691
5210   2691
5220   2691
5230   2691
5240   2691
5250   2691
5260   2691
5270   2691
5280   2691
5290   2691
5300   2691
5310   2691
5320   2691
5330   2691
5340   2691
5350   2691
5360   2691
5370   2691
5380   2691
5390   2691
5400   2691
5410   2691
5420   2691
5430   2691
5440   2691
5450   2691
5460   2691
5470   2691
5480   2691
5490   2691
5500   2691
5510   2691
5520   2691
5530   2691
5540   2691
5550   2691
5560   2691
5570   2691
5580   2691
5590   2691
5600   2691
5610   2691
5620   2691
5630   2691
5640   2691
5650   2691
5660   2691
5670   2691
5680   2691
5690   2691
5700   2691
5710   2691
5720   2691
5730   2691
5740   2691
5750   2691
5760   2691
5770   2691
5780   2691
5790   2691
5800   2691
5810   2691
5820   2691
5830   2691
5840   2691
5850   2691
5860   2691
5870   2691
5880   2691
5890   2691
5900   2691
5910   2691
5920   2691
5930   2691
5940   2691
5950   2691
5960   2691
5970   2691
5980   2691
5990   2691
6000   2691
6010   2691
6020   2691
6030   2691
6040   2691
6050   2691
6060   2691
6070   2691
6080   2691
6090   2691
6100   2691
6110   2691
6120   2691
6130   2691
6140   2691
6150   2691
6160   2691
6170   2691
6180   2691
6190   2691
6200   2691
6210   2691
6220   2691
6230   2691
6240   2691
6250   2691
6260   2691
6270   2691
6280   2691
6290   2691
6300   2691
6310   2691
6320   2691
6330   2691
6340   2691
6350   2691
6360   2691
6370   2691
6380   2691
6390   2691
6400   2691
6410   2691
6420   2691
6430   2691
6440   2691
6450   2691
6460   2691
6470   2691
6480   2691
6490   2691
6500   2691
6510   2691
6520   2691
6530   2691
6540   2691
6550   2691
6560   2691
6570   2691
6580   2691
6590   2691
6600   2691
6610   2691
6620   2691
6630   2691
6640   2691
6650   2691
6660   2691
6670   2691
6680   2691
6690   2691
6700   2691
6710   2691
6720   2691
6730   2691
6740   2691
6750   2691
6760   2691
6770   2691
6780   2691
6790   2691
6800   2691
6810   2691
6820   2691
6830   2691
6840   2691
6850   2691
6860   2691
6870   2691
6880   2691
6890   2691
6900   2691
6910   2691
6920   2691
6930   2691
6940   2691
6950   2691
6960   2691
6970   2691
6980   2691
6990   2691
7000   2691
7010   2691
7020   2691
7030   2691
7040   2691
7050   2691
7060   2691
7070   2691
7080   2691
7090   2691
7100   2691
7110   2691
7120   2691
7130   2691
7140   2691
7150   2691
7160   2691
7170   2691
7180   2691
7190   2691
7200   2691
7210   2691
7220   2691
7230   2691
7240   2691
7250   2691
7260   2691
7270   2691
7280   2691
7290   2691
7300   2691
7310   2691
7320   2691
7330   2691
7340   2691
7350   2691
7360   2691
7370   2691
7380   2691
7390   2691
7400   2691
7410   2691
7420   2691
7430   2691
7440   2691
7450   2691
7460   2691
7470   2691
7480   2691
7490   2691
7500   2691
7510   2691
7520   2691
7530   2691
7540   2691
7550   2691
7560   2691
7570   2691
7580   2691
7590   2691
7600   2691
7610   2691
7620   2691
7630   2691
7640   2691
7650   2691
7660   2691
7670   2691
7680   2691
7690   2691
7700   2691
7710   2691
7720   2691
7730   2691
7740   2691
7750   2691
7760   2691
7770   2691
7780   2691
7790   2691
7800   2691
7810   2691
7820   2691
7830   2691
7840   2691
7850   2691
7860   2691
7870   2691
7880   2691
7890   2691
7900   2691
7910   2691
7920   2691
7930   2691
7940   2691
7950   2691
7960   2691
7970   2691
7980   2691
7990   2691
8000   2691
8010   2691
8020   2691
8030   2691
8040   2691
8050   2691
8060   2691
8070   2691
8080   2691
8090   2691
8100   2691
8110   2691
8120   2691
8130   2691
8140   2691
8150   2691
8160   2691
8170   2691
8180   2691
8190   2691
8200   2691
8210   2691
8220   2691
8230   2691
8240   2691
8250   2691
8260   2691
8270   2691
8280   2691
8290   2691
8300   2691
8310   2691
8320   2691
8330   2691
8340   2691
8350   2691
8360   2691
8370   2691
8380   2691
8390   2691
8400   2691
8410   2691
8420   2691
8430   2691
8440   2691
8450   2691
8460   2691
8470   2691
8480   2691
8490   2691
8500   2691
8510   2691
8520   2691
8530   2691
8540   2691
8550   2691
8560   2691
8570   2691
8580   2691
8590   2691
8600   2691
8610   2691
8620   2691
8630   2691
8640   2691
8650   2691
8660   2691
8670   2691
8680   2691
8690   2691
8700   2691
8710   2691
8720   2691
8730   2691
8740   2691
8750   2691
8760   2691
8770   2691
8780   2691
8790   2691
8800   2691
8810   2691
8820   2691
8830   2691
8840   2691
8850   2691
8860   2691
8870   2691
8880   2691
8890   2691
8900   2691
8910   2691
8920   2691
8930   2691
8940   2691
8950   2691
8960   2691
8970   2691
8980   2691
8990   2691
9000   2691
9010   2691
9020   2691
9030   2691
9040   2691
9050   2691
9060   2691
9070   2691
9080   2691
9090   2691
9100   2691
9110   2691
9120   2691
9130   2691
9140   2691
9150   2691
9160   2691
9170   2691
9180   2691
9190   2691
9200   2691
9210   2691
9220   2691
9230   2691
9240   2691
9250   2691
9260   2691
9270   2691
9280   2691
9290   2691
9300   2691
9310   2691
9320   2691
9330   2691
9340   2691
9350   2691
9360   2691
9370   2691
9380   2691
9390   2691
9400   2691
9410   2691
9420   2691
9430   2691
9440   2691
9450   2691
9460   2691
9470   2691
9480   2691
9490   2691
9500   2691
9510   2691
9520   2691
9530   2691
9540   2691
9550   2691
9560   2691
9570   2691
9580   2691
9590   2691
9600   2691
9610   2691
9620   2691
9630   2691
9640   2691
9650   2691
9660   2691
9670   2691
9680   2691
9690   2691
9700   2691
9710   2691
9720   2691
9730   2691
9740   2691
9750   2691
9760   2691
9770   2691
9780   2691
9790   2691
9800   2691
9810   2691
9820   2691
9830   2691
9840   2691
9850   2691
9860   2691
9870   2691
9880   2691
9890   2691
9900   2691
9910   2691
9920   2691
9930   2691
9940   2691
9950   2691
9960   2691
9970   2691
9980   2691
9990   2691
10000   2691
10010   2691
10020   2691
10030   2691
10040   2691
10050   2691
10060   2691
10070   2691
10080   2691
10090   2691
10100   2691
10110   2691
10120   2691
10130   2691
10140   2691
10150   2691
10160   2691
10170   2691
10180   2691
10190   2691
10200   2691
10210   2691
10220   2691
10230   2691
10240   2691
10250   2691
10260   2691
10270   2691
10280   2691
10290   2691
10300   2691
10310   2691
10320   2691
10330   2691
10340   2691
10350   2691
10360   2691
10370   2691
10380   2691
10390   2691
10400   2691
10410   2691
10420   2691
10430   2691
10440   2691
10450   2691
10460   2691
10470   2691
10480   2691
10490   2691
10500   2691
10510   2691
10520   2691
10530   2691
10540   2691
10550   2574
10560   2574
10570   2574
10580   2574
10590   2574
10600   2574
10610   2574
10620   2574
10630   2574
10640   2574
10650   2574
10660   2574
10670   2574
10680   2574
10690   2574
10700   2574
10710   2574
10720   2574
10730   2574
10740   2574
10750   2574
10760   2574
10770   2574
10780   2574
10790   2574
10800   2574
10810   2574
10820   2574
10830   2574
10840   2574
10850   2574
10860   2574
10870   2574
10880   2574
10890   2574
10900   2574
10910   2574
10920   2574
10930   2574
10940   2574
10950   2574
10960   2574
10970   2574
10980   2574
10990   2574
11000   2574
11010   2574
11020   2574
11030   2574
11040   2574
11050   2574
11060   2574
11070   2574
11080   2574
11090   2574
11100   2574
11110   2574
11120   2574
11130   2574
11140   2574
11150   2574
11160   2574
11170   2574
11180   2574
11190   2574
11200   2574
11210   2574
11220   2574
11230   2574
11240   2574
11250   2574
11260   2574
11270   2574
11280   2574
11290   2574
11300   2574
11310   2574
11320   2574
11330   2574
11340   2574
11350   2574
11360   2574
11370   2574
11380   2574
11390   2574
11400   2574
11410   2574
11420   2574
11430   2574
11440   2574
11450   2574
11460   2574
11470   2574
11480   2574
11490   2574
11500   2574
11510   2574
11520   2574
11530   2574
11540   2574
11550   2574
11560   2574
11570   2574
11580   2574
11590   2574
11600   2574
11610   2574
11620   2574
11630   2574
11640   2574
11650   2574
11660   2574
11670   2574
11680   2574
11690   2574
11700   2574
11710   2574
11720   2574
11730   2574
11740   2574
11750   2574
11760   2574
11770   2574
11780   2574
11790   2574
11800   2574
11810   2574
11820   2574
11830   2574
11840   2574
11850   2574
11860   2574
11870   2574
11880   2574
11890   2574
11900   2574
11910   2574
11920   2574
11930   2574
11940   2574
11950   2574
11960   2574
11970   2574
11980   2574
11990   2574
12000   2574
12010   2574
12020   2574
12030   2574
12040   2574
12050   2574
12060   2574
12070   2574
12080   2574
12090   2574
12100   2574
12110   2574
