10   3230
20   3230
30   3054
40   2801
50   2801
60   2801
70   2801
80   2801
90   2801
100   2801
110   2801
120   2801
130   2801
140   2801
150   2801
160   2801
170   2801
180   2801
190   2801
200   2801
210   2764
220   2764
230   2764
240   2764
250   2764
260   2764
270   2764
280   2764
290   2764
300   2764
310   2764
320   2764
330   2764
340   2764
350   2764
360   2764
370   2764
380   2764
390   2764
400   2764
410   2764
420   2764
430   2764
440   2764
450   2764
460   2764
470   2764
480   2764
490   2764
500   2764
510   2764
520   2764
530   2764
540   2764
550   2764
560   2764
570   2764
580   2764
590   2764
600   2764
610   2764
620   2764
630   2764
640   2764
650   2764
660   2764
670   2764
680   2764
690   2764
700   2764
710   2764
720   2764
730   2764
740   2764
750   2764
760   2764
770   2764
780   2764
790   2764
800   2764
810   2741
820   2741
830   2741
840   2741
850   2741
860   2741
870   2741
880   2741
890   2741
900   2741
910   2741
920   2741
930   2741
940   2741
950   2741
960   2741
970   2741
980   2741
990   2741
1000   2683
1010   2683
1020   2661
1030   2661
1040   2661
1050   2661
1060   2661
1070   2661
1080   2661
1090   2661
1100   2661
1110   2661
1120   2661
1130   2661
1140   2661
1150   2661
1160   2661
1170   2661
1180   2661
1190   2661
1200   2661
1210   2661
1220   2661
1230   2661
1240   2661
1250   2661
1260   2661
1270   2661
1280   2661
1290   2661
1300   2661
1310   2661
1320   2661
1330   2661
1340   2661
1350   2661
1360   2661
1370   2661
1380   2661
1390   2661
1400   2661
1410   2661
1420   2661
1430   2661
1440   2661
1450   2661
1460   2661
1470   2661
1480   2661
1490   2661
1500   2661
1510   2661
1520   2661
1530   2661
1540   2661
1550   2661
1560   2661
1570   2661
1580   2661
1590   2661
1600   2661
1610   2661
1620   2661
1630   2661
1640   2661
1650   2661
1660   2661
1670   2661
1680   2661
1690   2661
1700   2661
1710   2661
1720   2661
1730   2661
1740   2661
1750   2661
1760   2661
1770   2661
1780   2661
1790   2661
1800   2661
1810   2661
1820   2661
1830   2661
1840   2661
1850   2661
1860   2661
1870   2661
1880   2661
1890   2661
1900   2661
1910   2661
1920   2661
1930   2661
1940   2661
1950   2661
1960   2661
1970   2661
1980   2661
1990   2661
2000   2661
2010   2661
2020   2661
2030   2661
2040   2661
2050   2661
2060   2661
2070   2661
2080   2661
2090   2661
2100   2661
2110   2661
2120   2661
2130   2661
2140   2661
2150   2661
2160   2661
2170   2661
2180   2661
2190   2661
2200   2661
2210   2661
2220   2661
2230   2661
2240   2661
2250   2661
2260   2661
2270   2661
2280   2661
2290   2661
2300   2661
2310   2661
2320   2661
2330   2661
2340   2661
2350   2661
2360   2661
2370   2661
2380   2661
2390   2661
2400   2661
2410   2661
2420   2661
2430   2661
2440   2661
2450   2661
2460   2661
2470   2661
2480   2661
2490   2661
2500   2661
2510   2661
2520   2661
2530   2661
2540   2661
2550   2661
2560   2661
2570   2661
2580   2661
2590   2661
2600   2661
2610   2661
2620   2661
2630   2661
2640   2661
2650   2661
2660   2661
2670   2661
2680   2661
2690   2661
2700   2661
2710   2661
2720   2661
2730   2661
2740   2661
2750   2661
2760   2661
2770   2661
2780   2661
2790   2661
2800   2661
2810   2661
2820   2661
2830   2661
2840   2661
2850   2661
2860   2661
2870   2661
2880   2661
2890   2661
2900   2661
2910   2661
2920   2661
2930   2661
2940   2661
2950   2661
2960   2661
2970   2661
2980   2661
2990   2661
3000   2661
3010   2661
3020   2661
3030   2661
3040   2661
3050   2661
3060   2661
3070   2661
3080   2661
3090   2661
3100   2661
3110   2661
3120   2661
3130   2661
3140   2661
3150   2661
3160   2661
3170   2661
3180   2661
3190   2661
3200   2661
3210   2661
3220   2661
3230   2661
3240   2661
3250   2661
3260   2661
3270   2661
3280   2661
3290   2661
3300   2661
3310   2661
3320   2661
3330   2661
3340   2661
3350   2661
3360   2661
3370   2661
3380   2661
3390   2661
3400   2661
3410   2661
3420   2661
3430   2661
3440   2661
3450   2661
3460   2661
3470   2661
3480   2661
3490   2661
3500   2661
3510   2661
3520   2661
3530   2661
3540   2661
3550   2661
3560   2661
3570   2661
3580   2661
3590   2661
3600   2661
3610   2661
3620   2661
3630   2661
3640   2661
3650   2661
3660   2661
3670   2661
3680   2661
3690   2661
3700   2661
3710   2661
3720   2661
3730   2661
3740   2661
3750   2661
3760   2661
3770   2661
3780   2661
3790   2661
3800   2661
3810   2661
3820   2661
3830   2661
3840   2661
3850   2661
3860   2661
3870   2661
3880   2661
3890   2661
3900   2661
3910   2661
3920   2661
3930   2661
3940   2661
3950   2661
3960   2661
3970   2661
3980   2661
3990   2661
4000   2661
4010   2661
4020   2661
4030   2661
4040   2661
4050   2661
4060   2661
4070   2661
4080   2661
4090   2661
4100   2661
4110   2661
4120   2661
4130   2661
4140   2661
4150   2661
4160   2661
4170   2661
4180   2661
4190   2661
4200   2656
4210   2656
4220   2656
4230   2656
4240   2656
4250   2656
4260   2656
4270   2656
4280   2656
4290   2656
4300   2656
4310   2656
4320   2656
4330   2656
4340   2656
4350   2656
4360   2656
4370   2656
4380   2656
4390   2656
4400   2656
4410   2656
4420   2656
4430   2656
4440   2656
4450   2656
4460   2656
4470   2656
4480   2656
4490   2656
4500   2656
4510   2656
4520   2656
4530   2656
4540   2656
4550   2656
4560   2656
4570   2656
4580   2656
4590   2656
4600   2656
4610   2656
4620   2656
4630   2656
4640   2656
4650   2656
4660   2656
4670   2656
4680   2656
4690   2656
4700   2656
4710   2656
4720   2656
4730   2656
4740   2656
4750   2656
4760   2656
4770   2656
4780   2656
4790   2656
4800   2656
4810   2656
4820   2656
4830   2656
4840   2656
4850   2656
4860   2656
4870   2656
4880   2656
4890   2656
4900   2656
4910   2656
4920   2656
4930   2656
4940   2656
4950   2656
4960   2656
4970   2656
4980   2656
4990   2656
5000   2656
5010   2656
5020   2656
5030   2656
5040   2656
5050   2656
5060   2656
5070   2656
5080   2656
5090   2656
5100   2656
5110   2656
5120   2656
5130   2656
5140   2656
5150   2656
5160   2656
5170   2656
5180   2656
5190   2656
5200   2656
5210   2656
5220   2656
5230   2656
5240   2656
5250   2656
5260   2656
5270   2656
5280   2656
5290   2656
5300   2656
5310   2656
5320   2656
5330   2656
5340   2656
5350   2656
5360   2656
5370   2656
5380   2656
5390   2656
5400   2656
5410   2656
5420   2656
5430   2656
5440   2656
5450   2656
5460   2656
5470   2656
5480   2656
5490   2656
5500   2656
5510   2656
5520   2656
5530   2656
5540   2656
5550   2656
5560   2656
5570   2656
5580   2656
5590   2656
5600   2656
5610   2656
5620   2656
5630   2656
5640   2656
5650   2656
5660   2656
5670   2656
5680   2656
5690   2656
5700   2656
5710   2656
5720   2656
5730   2656
5740   2656
5750   2656
5760   2656
5770   2656
5780   2656
5790   2656
5800   2656
5810   2656
5820   2656
5830   2656
5840   2656
5850   2656
5860   2656
5870   2656
5880   2656
5890   2656
5900   2656
5910   2656
5920   2656
5930   2656
5940   2656
5950   2656
5960   2656
5970   2656
5980   2656
5990   2656
6000   2656
6010   2656
6020   2656
6030   2656
6040   2656
6050   2656
6060   2656
6070   2656
6080   2656
6090   2656
6100   2656
6110   2656
6120   2656
6130   2656
6140   2656
6150   2656
6160   2656
6170   2656
6180   2656
6190   2656
6200   2656
6210   2656
6220   2656
6230   2656
6240   2656
6250   2656
6260   2656
6270   2656
6280   2656
6290   2656
6300   2656
6310   2656
6320   2656
6330   2656
6340   2656
6350   2656
6360   2656
6370   2656
6380   2656
6390   2656
6400   2656
6410   2656
6420   2656
6430   2656
6440   2656
6450   2656
6460   2656
6470   2656
6480   2656
6490   2656
6500   2656
6510   2656
6520   2656
6530   2656
6540   2656
6550   2656
6560   2656
6570   2656
6580   2656
6590   2656
6600   2656
6610   2656
6620   2656
6630   2656
6640   2656
6650   2656
6660   2656
6670   2656
6680   2656
6690   2656
6700   2656
6710   2656
6720   2656
6730   2656
6740   2656
6750   2656
6760   2656
6770   2656
6780   2656
6790   2656
6800   2656
6810   2656
6820   2656
6830   2656
6840   2656
6850   2656
6860   2656
6870   2656
6880   2656
6890   2656
6900   2656
6910   2656
6920   2656
6930   2656
6940   2656
6950   2656
6960   2656
6970   2656
6980   2656
6990   2656
7000   2656
7010   2656
7020   2656
7030   2656
7040   2656
7050   2656
7060   2656
7070   2656
7080   2656
7090   2656
7100   2656
7110   2656
7120   2656
7130   2656
7140   2656
7150   2656
7160   2656
7170   2656
7180   2656
7190   2656
7200   2656
7210   2656
7220   2656
7230   2656
7240   2656
7250   2656
7260   2656
7270   2656
7280   2656
7290   2656
7300   2656
7310   2656
7320   2656
7330   2656
7340   2656
7350   2656
7360   2656
7370   2656
7380   2656
7390   2656
7400   2656
7410   2656
7420   2656
7430   2656
7440   2656
7450   2656
7460   2656
7470   2656
7480   2656
7490   2656
7500   2656
7510   2656
7520   2656
7530   2656
7540   2656
7550   2656
7560   2656
7570   2656
7580   2656
7590   2656
7600   2656
7610   2656
7620   2656
7630   2656
7640   2656
7650   2656
7660   2656
7670   2656
7680   2656
7690   2656
7700   2656
7710   2656
7720   2656
7730   2656
7740   2656
7750   2656
7760   2656
7770   2656
7780   2656
7790   2656
7800   2656
7810   2656
7820   2656
7830   2656
7840   2656
7850   2656
7860   2656
7870   2656
7880   2656
7890   2656
7900   2656
7910   2656
7920   2656
7930   2656
7940   2656
7950   2656
7960   2656
7970   2656
7980   2656
7990   2656
8000   2656
8010   2656
8020   2656
8030   2656
8040   2656
8050   2656
8060   2656
8070   2656
8080   2656
8090   2656
8100   2656
8110   2656
8120   2656
8130   2656
8140   2656
8150   2656
8160   2656
8170   2656
8180   2656
8190   2656
8200   2656
8210   2656
8220   2656
8230   2656
8240   2656
8250   2656
8260   2656
8270   2656
8280   2656
8290   2656
8300   2656
8310   2656
8320   2656
8330   2656
8340   2656
8350   2656
8360   2656
8370   2656
8380   2656
8390   2656
8400   2656
8410   2656
8420   2656
8430   2656
8440   2656
8450   2656
8460   2656
8470   2656
8480   2656
8490   2656
8500   2656
8510   2656
8520   2656
8530   2656
8540   2656
8550   2656
8560   2656
8570   2656
8580   2656
8590   2656
8600   2656
8610   2656
8620   2656
8630   2656
8640   2656
8650   2656
8660   2656
8670   2656
8680   2656
8690   2656
8700   2656
8710   2656
8720   2656
8730   2656
8740   2656
8750   2656
8760   2656
8770   2656
8780   2656
8790   2656
8800   2656
8810   2656
8820   2656
8830   2656
8840   2656
8850   2656
8860   2656
8870   2656
8880   2656
8890   2656
8900   2656
8910   2656
8920   2656
8930   2656
8940   2656
8950   2656
8960   2656
8970   2656
8980   2656
8990   2656
9000   2656
9010   2656
9020   2656
9030   2656
9040   2656
9050   2656
9060   2656
9070   2656
9080   2656
9090   2656
9100   2656
9110   2656
9120   2656
9130   2656
9140   2656
9150   2656
9160   2656
9170   2656
9180   2656
9190   2656
9200   2656
9210   2656
9220   2656
9230   2656
9240   2656
9250   2656
9260   2656
9270   2656
9280   2656
9290   2656
9300   2656
9310   2656
9320   2656
9330   2656
9340   2656
9350   2656
9360   2656
9370   2656
9380   2656
9390   2656
9400   2656
9410   2656
9420   2656
9430   2656
9440   2656
9450   2656
9460   2656
9470   2656
9480   2656
9490   2656
9500   2656
9510   2656
9520   2656
9530   2656
9540   2656
9550   2656
9560   2656
9570   2656
9580   2656
9590   2656
9600   2656
9610   2656
9620   2656
9630   2656
9640   2656
9650   2656
9660   2656
9670   2656
9680   2656
9690   2656
9700   2656
9710   2656
9720   2656
9730   2656
9740   2656
9750   2656
9760   2656
9770   2656
9780   2656
9790   2656
9800   2656
9810   2656
9820   2656
9830   2656
9840   2656
9850   2656
9860   2656
9870   2656
9880   2656
9890   2656
9900   2656
9910   2656
9920   2656
9930   2656
9940   2656
9950   2656
9960   2656
9970   2656
9980   2656
9990   2656
10000   2656
10010   2656
10020   2656
10030   2656
10040   2656
10050   2656
10060   2656
10070   2656
10080   2656
10090   2656
10100   2656
10110   2656
10120   2656
10130   2656
10140   2656
10150   2656
10160   2656
10170   2656
10180   2656
10190   2656
10200   2656
10210   2656
10220   2656
10230   2656
10240   2656
10250   2656
10260   2656
10270   2656
10280   2656
10290   2656
10300   2656
10310   2656
10320   2656
10330   2656
10340   2656
10350   2656
10360   2656
10370   2656
10380   2656
10390   2656
10400   2656
10410   2656
10420   2656
10430   2656
10440   2656
10450   2656
10460   2656
10470   2656
10480   2656
10490   2656
10500   2656
10510   2656
10520   2656
10530   2656
10540   2656
10550   2656
10560   2656
10570   2656
10580   2656
10590   2656
10600   2656
10610   2656
10620   2656
10630   2656
10640   2656
10650   2656
10660   2656
10670   2656
10680   2656
10690   2656
10700   2656
10710   2656
10720   2656
10730   2656
10740   2656
10750   2656
10760   2656
10770   2656
10780   2656
10790   2656
10800   2656
10810   2656
10820   2656
10830   2656
10840   2656
10850   2656
10860   2656
10870   2656
10880   2656
10890   2656
10900   2656
10910   2656
10920   2656
10930   2656
10940   2656
10950   2656
10960   2656
10970   2656
10980   2656
10990   2656
11000   2656
11010   2656
11020   2656
11030   2656
11040   2656
11050   2656
11060   2656
11070   2656
11080   2656
11090   2656
11100   2656
11110   2656
11120   2656
11130   2656
11140   2656
11150   2656
11160   2656
11170   2656
11180   2656
11190   2656
11200   2656
11210   2656
11220   2656
11230   2656
11240   2656
11250   2656
11260   2656
11270   2656
11280   2656
11290   2656
11300   2656
11310   2656
11320   2656
11330   2656
11340   2656
11350   2656
11360   2656
11370   2656
11380   2656
11390   2656
11400   2656
11410   2656
11420   2656
11430   2656
11440   2656
11450   2656
11460   2656
11470   2656
11480   2656
11490   2656
11500   2656
11510   2656
11520   2656
11530   2656
11540   2656
11550   2656
11560   2656
11570   2656
11580   2656
11590   2656
11600   2656
11610   2656
11620   2656
11630   2656
11640   2656
11650   2656
11660   2656
11670   2656
11680   2656
11690   2656
11700   2656
11710   2656
11720   2656
11730   2656
11740   2656
11750   2656
11760   2656
11770   2656
11780   2656
11790   2656
11800   2656
11810   2656
11820   2656
11830   2656
11840   2656
11850   2656
11860   2656
11870   2656
11880   2656
11890   2656
11900   2656
11910   2656
11920   2656
11930   2656
11940   2656
11950   2656
11960   2656
11970   2656
11980   2656
11990   2656
12000   2656
12010   2656
12020   2656
12030   2656
12040   2656
12050   2656
12060   2656
12070   2656
12080   2656
12090   2656
12100   2656
12110   2656
12120   2656
12130   2656
12140   2656
12150   2656
12160   2656
12170   2656
12180   2656
12190   2656
12200   2656
12210   2656
12220   2656
12230   2656
12240   2656
12250   2656
12260   2656
12270   2656
12280   2656
12290   2656
12300   2656
12310   2656
12320   2656
12330   2656
12340   2656
12350   2656
12360   2656
12370   2656
12380   2656
12390   2656
12400   2656
12410   2656
12420   2656
12430   2656
12440   2656
12450   2656
12460   2656
12470   2656
12480   2656
12490   2656
12500   2656
12510   2656
12520   2656
12530   2656
12540   2656
12550   2656
12560   2656
12570   2656
12580   2656
12590   2656
12600   2656
12610   2656
12620   2656
12630   2656
12640   2656
12650   2656
12660   2656
12670   2656
12680   2656
12690   2656
12700   2656
12710   2656
12720   2656
12730   2656
12740   2656
12750   2656
12760   2656
12770   2656
12780   2656
12790   2656
12800   2656
12810   2656
12820   2656
12830   2656
12840   2656
12850   2656
12860   2656
