10   4287
20   4149
30   4112
40   4112
50   4088
60   4088
70   4088
80   4088
90   4088
100   4088
110   4088
120   4088
130   3946
140   3946
150   3946
160   3946
170   3935
180   3935
190   3935
200   3935
210   3935
220   3935
230   3935
240   3935
250   3935
260   3935
270   3916
280   3916
290   3916
300   3916
310   3916
320   3916
330   3916
340   3916
350   3916
360   3916
370   3916
380   3916
390   3916
400   3916
410   3916
420   3916
430   3916
440   3916
450   3916
460   3916
470   3774
480   3774
490   3774
500   3774
510   3774
520   3774
530   3774
540   3774
550   3774
560   3774
570   3774
580   3774
590   3774
600   3774
610   3774
620   3774
630   3774
640   3774
650   3774
660   3774
670   3774
680   3774
690   3774
700   3774
710   3774
720   3774
730   3774
740   3774
750   3774
760   3774
770   3774
780   3774
790   3774
800   3774
810   3774
820   3774
830   3774
840   3774
850   3774
860   3774
870   3774
880   3774
890   3774
900   3552
910   3552
920   3552
930   3552
940   3552
950   3552
960   3552
970   3552
980   3552
990   3552
1000   3552
1010   3552
1020   3552
1030   3552
1040   3552
1050   3552
1060   3552
1070   3552
1080   3552
1090   3552
1100   3552
1110   3552
1120   3552
1130   3552
1140   3552
1150   3552
1160   3552
1170   3552
1180   3552
1190   3552
1200   3552
1210   3552
1220   3552
1230   3552
1240   3552
1250   3552
1260   3552
1270   3552
1280   3552
1290   3552
1300   3552
1310   3552
1320   3552
1330   3552
1340   3552
1350   3552
1360   3552
1370   3552
1380   3552
1390   3552
1400   3552
1410   3552
1420   3552
1430   3552
1440   3552
1450   3552
1460   3552
1470   3552
1480   3552
1490   3552
1500   3552
1510   3552
1520   3552
1530   3552
1540   3552
1550   3552
1560   3552
1570   3552
1580   3552
1590   3552
1600   3552
1610   3552
1620   3552
1630   3552
1640   3552
1650   3552
1660   3552
1670   3552
1680   3552
1690   3552
1700   3552
1710   3552
1720   3552
1730   3552
1740   3552
1750   3552
1760   3552
1770   3552
1780   3552
1790   3552
1800   3552
1810   3552
1820   3552
1830   3552
1840   3552
1850   3552
1860   3552
1870   3552
1880   3552
1890   3552
1900   3552
1910   3552
1920   3552
1930   3552
1940   3552
1950   3552
1960   3552
1970   3552
1980   3552
1990   3552
2000   3552
2010   3552
2020   3552
2030   3552
2040   3552
2050   3552
2060   3552
2070   3552
2080   3552
2090   3552
2100   3552
2110   3552
2120   3552
2130   3552
2140   3552
2150   3552
2160   3552
2170   3552
2180   3552
2190   3552
2200   3552
2210   3552
2220   3552
2230   3552
2240   3552
2250   3552
2260   3552
2270   3552
2280   3552
2290   3552
2300   3552
2310   3552
2320   3552
2330   3552
2340   3552
2350   3552
2360   3552
2370   3552
2380   3552
2390   3552
2400   3552
2410   3552
2420   3552
2430   3552
2440   3552
2450   3552
2460   3552
2470   3552
2480   3552
2490   3552
2500   3552
2510   3552
2520   3552
2530   3552
2540   3552
2550   3552
2560   3552
2570   3552
2580   3552
2590   3552
2600   3552
2610   3552
2620   3552
2630   3552
2640   3552
2650   3552
2660   3552
2670   3552
2680   3552
2690   3552
2700   3552
2710   3552
2720   3552
2730   3552
2740   3552
2750   3552
2760   3552
2770   3552
2780   3552
2790   3552
2800   3552
2810   3552
2820   3552
2830   3552
2840   3552
2850   3552
2860   3552
2870   3552
2880   3552
2890   3552
2900   3552
2910   3552
2920   3552
2930   3552
2940   3552
2950   3552
2960   3552
2970   3552
2980   3552
2990   3552
3000   3552
3010   3552
3020   3552
3030   3552
3040   3552
3050   3552
3060   3552
3070   3552
3080   3552
3090   3552
3100   3552
3110   3552
3120   3552
3130   3552
3140   3552
3150   3552
3160   3552
3170   3552
3180   3552
3190   3552
3200   3552
3210   3552
3220   3552
3230   3552
3240   3552
3250   3552
3260   3552
3270   3552
3280   3552
3290   3552
3300   3552
3310   3552
3320   3552
3330   3552
3340   3552
3350   3552
3360   3552
3370   3552
3380   3552
3390   3552
3400   3552
3410   3552
3420   3552
3430   3552
3440   3552
3450   3552
3460   3552
3470   3552
3480   3552
3490   3552
3500   3552
3510   3552
3520   3552
3530   3552
3540   3552
3550   3552
3560   3552
3570   3552
3580   3552
3590   3552
3600   3552
3610   3552
3620   3552
3630   3552
3640   3552
3650   3552
3660   3552
3670   3552
3680   3552
3690   3552
3700   3552
3710   3552
3720   3552
3730   3552
3740   3552
3750   3552
3760   3552
3770   3552
3780   3552
3790   3552
3800   3552
3810   3552
3820   3552
3830   3552
3840   3552
3850   3552
3860   3552
3870   3552
3880   3552
3890   3552
3900   3552
3910   3552
3920   3552
3930   3552
3940   3552
3950   3552
3960   3552
3970   3552
3980   3552
3990   3552
4000   3552
4010   3552
4020   3552
4030   3552
4040   3552
4050   3552
4060   3552
4070   3552
4080   3552
4090   3552
4100   3552
4110   3552
4120   3552
4130   3552
4140   3552
4150   3552
4160   3552
4170   3552
4180   3552
4190   3552
4200   3552
4210   3552
4220   3552
4230   3552
4240   3552
4250   3552
4260   3552
4270   3552
4280   3552
4290   3552
4300   3552
4310   3552
4320   3552
4330   3552
4340   3552
4350   3552
4360   3552
4370   3552
4380   3552
4390   3552
4400   3552
4410   3552
4420   3552
4430   3552
4440   3552
4450   3552
4460   3552
4470   3552
4480   3552
4490   3552
4500   3552
4510   3552
4520   3552
4530   3552
4540   3552
4550   3552
4560   3552
4570   3552
4580   3552
4590   3552
4600   3552
4610   3552
4620   3552
4630   3552
4640   3552
4650   3552
4660   3552
4670   3552
4680   3552
4690   3552
4700   3552
4710   3552
4720   3552
4730   3552
4740   3552
4750   3552
4760   3552
4770   3552
4780   3552
4790   3552
4800   3552
4810   3552
4820   3552
4830   3552
4840   3552
4850   3552
4860   3552
4870   3552
4880   3552
4890   3552
4900   3552
4910   3552
4920   3552
4930   3552
4940   3552
4950   3552
4960   3552
4970   3552
4980   3552
4990   3552
5000   3552
5010   3552
5020   3552
5030   3552
5040   3552
5050   3552
5060   3552
5070   3552
5080   3552
5090   3552
5100   3552
5110   3552
5120   3552
5130   3552
5140   3552
5150   3552
5160   3552
5170   3552
5180   3552
5190   3552
5200   3552
5210   3552
5220   3552
5230   3552
5240   3552
5250   3552
5260   3552
5270   3552
5280   3552
5290   3552
5300   3552
5310   3552
5320   3552
5330   3552
5340   3552
5350   3552
5360   3552
5370   3552
5380   3552
5390   3552
5400   3552
5410   3552
5420   3552
5430   3552
5440   3552
5450   3552
5460   3552
5470   3552
5480   3552
5490   3552
5500   3552
5510   3552
5520   3552
5530   3552
5540   3552
5550   3552
5560   3552
5570   3552
5580   3552
5590   3552
5600   3552
5610   3552
5620   3552
5630   3552
5640   3552
5650   3552
5660   3552
5670   3552
5680   3552
5690   3552
5700   3552
5710   3552
5720   3552
5730   3552
5740   3552
5750   3552
5760   3552
5770   3552
5780   3552
5790   3552
5800   3552
5810   3552
5820   3552
5830   3552
5840   3552
5850   3552
5860   3552
5870   3552
5880   3552
5890   3552
5900   3552
5910   3552
5920   3552
5930   3552
5940   3552
5950   3552
5960   3552
5970   3552
5980   3552
5990   3552
6000   3552
6010   3552
6020   3552
6030   3552
6040   3552
6050   3552
6060   3552
6070   3552
6080   3552
6090   3552
6100   3552
6110   3552
6120   3552
6130   3552
6140   3552
6150   3552
6160   3552
6170   3552
6180   3552
6190   3552
6200   3552
6210   3552
6220   3552
6230   3552
6240   3552
6250   3552
6260   3552
6270   3552
6280   3552
6290   3552
6300   3552
6310   3552
6320   3552
6330   3552
6340   3552
6350   3552
6360   3552
6370   3552
6380   3552
6390   3552
6400   3552
6410   3552
6420   3552
6430   3552
6440   3552
6450   3552
6460   3552
6470   3552
6480   3552
6490   3552
6500   3552
6510   3552
6520   3552
6530   3552
6540   3552
6550   3552
6560   3552
6570   3552
6580   3552
6590   3552
6600   3552
6610   3552
6620   3552
6630   3552
6640   3552
6650   3552
6660   3552
6670   3552
6680   3552
6690   3552
6700   3552
6710   3552
6720   3552
6730   3552
6740   3552
6750   3552
6760   3552
6770   3552
6780   3552
6790   3552
6800   3552
6810   3552
6820   3552
6830   3552
6840   3552
6850   3552
6860   3552
6870   3552
6880   3552
6890   3552
6900   3552
6910   3552
6920   3552
6930   3552
6940   3552
6950   3552
6960   3552
6970   3552
6980   3552
6990   3552
7000   3552
7010   3552
7020   3552
7030   3552
7040   3552
7050   3552
7060   3552
7070   3552
7080   3552
7090   3552
7100   3552
7110   3552
7120   3552
7130   3552
7140   3552
7150   3552
7160   3552
7170   3552
7180   3552
7190   3552
7200   3552
7210   3552
7220   3552
7230   3552
7240   3552
7250   3552
7260   3552
7270   3552
7280   3552
7290   3552
7300   3552
7310   3552
7320   3552
7330   3552
7340   3552
7350   3552
7360   3552
7370   3552
7380   3552
7390   3552
7400   3552
7410   3552
7420   3552
7430   3552
7440   3552
7450   3552
7460   3552
7470   3552
7480   3552
7490   3552
7500   3552
7510   3552
7520   3552
7530   3552
7540   3552
7550   3552
7560   3552
7570   3552
7580   3552
7590   3552
7600   3552
7610   3552
7620   3552
7630   3552
7640   3552
7650   3552
7660   3552
7670   3552
7680   3552
7690   3552
7700   3552
7710   3552
7720   3552
7730   3552
7740   3552
7750   3552
7760   3552
7770   3552
7780   3552
7790   3552
7800   3552
7810   3552
7820   3552
7830   3552
7840   3552
7850   3552
7860   3552
7870   3552
7880   3552
7890   3552
7900   3552
7910   3552
7920   3552
7930   3552
7940   3552
7950   3552
7960   3552
7970   3552
7980   3552
7990   3552
8000   3552
8010   3552
8020   3552
8030   3552
8040   3552
8050   3552
8060   3552
8070   3552
8080   3552
8090   3552
8100   3552
8110   3552
8120   3552
8130   3552
8140   3552
8150   3552
8160   3552
8170   3552
8180   3552
8190   3552
8200   3552
8210   3552
8220   3552
8230   3552
8240   3552
8250   3552
8260   3552
8270   3552
8280   3552
8290   3552
8300   3552
8310   3552
8320   3552
8330   3552
8340   3552
8350   3552
8360   3552
8370   3552
8380   3552
8390   3552
8400   3552
8410   3552
8420   3552
8430   3552
8440   3552
8450   3552
8460   3552
8470   3552
8480   3552
8490   3552
8500   3552
8510   3552
8520   3552
8530   3552
8540   3552
8550   3552
8560   3552
8570   3552
8580   3552
8590   3552
8600   3552
8610   3552
8620   3552
8630   3552
8640   3552
8650   3552
8660   3552
8670   3552
8680   3552
8690   3552
8700   3552
8710   3552
8720   3552
8730   3552
8740   3552
8750   3552
8760   3552
8770   3552
8780   3552
8790   3552
8800   3552
8810   3552
8820   3552
8830   3552
8840   3552
8850   3552
8860   3552
8870   3552
8880   3552
8890   3552
8900   3552
8910   3552
8920   3552
8930   3552
8940   3552
8950   3552
8960   3552
8970   3552
8980   3552
8990   3552
9000   3552
9010   3552
9020   3552
9030   3552
9040   3552
9050   3552
9060   3552
9070   3552
9080   3552
9090   3552
9100   3552
9110   3552
9120   3552
9130   3552
9140   3552
9150   3552
9160   3552
9170   3552
9180   3552
9190   3552
9200   3552
9210   3552
9220   3552
9230   3552
9240   3552
9250   3552
9260   3552
9270   3552
9280   3552
9290   3552
9300   3552
9310   3552
9320   3552
9330   3552
9340   3552
9350   3552
9360   3552
9370   3552
9380   3552
9390   3552
9400   3552
9410   3552
9420   3552
9430   3552
9440   3552
9450   3552
9460   3552
9470   3552
9480   3552
9490   3552
9500   3552
9510   3552
9520   3552
9530   3552
9540   3552
9550   3552
9560   3552
9570   3552
9580   3552
9590   3552
9600   3552
9610   3552
9620   3552
9630   3552
9640   3552
9650   3552
9660   3552
9670   3552
9680   3552
9690   3552
9700   3552
9710   3552
9720   3552
9730   3552
9740   3552
9750   3552
9760   3552
9770   3552
9780   3552
9790   3552
9800   3552
9810   3552
9820   3552
9830   3552
9840   3552
9850   3552
9860   3552
9870   3552
9880   3552
9890   3552
9900   3552
9910   3552
9920   3552
9930   3552
9940   3552
9950   3552
9960   3552
9970   3552
9980   3552
9990   3552
10000   3552
10010   3552
10020   3552
10030   3552
10040   3552
10050   3552
10060   3552
10070   3552
10080   3552
10090   3552
10100   3552
10110   3552
10120   3552
10130   3552
10140   3552
10150   3552
10160   3552
10170   3552
10180   3552
10190   3552
10200   3552
10210   3552
10220   3552
10230   3552
10240   3552
10250   3552
10260   3552
10270   3552
10280   3552
10290   3552
10300   3552
10310   3552
10320   3552
10330   3552
10340   3552
10350   3552
10360   3552
10370   3552
10380   3552
10390   3552
10400   3552
10410   3552
10420   3552
10430   3552
10440   3552
10450   3552
10460   3552
10470   3552
10480   3552
10490   3552
10500   3552
10510   3552
10520   3552
10530   3552
10540   3552
10550   3552
10560   3552
10570   3552
10580   3552
10590   3552
10600   3552
10610   3552
10620   3552
10630   3552
10640   3552
10650   3552
10660   3552
10670   3552
10680   3552
10690   3552
10700   3552
10710   3552
10720   3552
10730   3552
10740   3552
10750   3552
10760   3552
10770   3552
10780   3552
10790   3552
10800   3552
10810   3552
10820   3552
10830   3552
10840   3552
10850   3552
10860   3552
10870   3552
10880   3552
10890   3552
10900   3552
10910   3552
10920   3552
10930   3552
10940   3552
10950   3552
10960   3552
10970   3552
10980   3552
10990   3552
11000   3552
11010   3552
11020   3552
11030   3552
11040   3552
11050   3552
11060   3552
11070   3552
11080   3552
11090   3552
11100   3552
11110   3552
11120   3552
11130   3552
11140   3552
11150   3552
11160   3552
11170   3552
11180   3552
11190   3552
11200   3552
11210   3552
11220   3552
11230   3552
11240   3552
11250   3552
11260   3552
11270   3552
11280   3552
11290   3552
11300   3552
11310   3552
11320   3552
11330   3552
11340   3552
11350   3552
11360   3552
11370   3552
11380   3552
11390   3552
11400   3552
11410   3552
11420   3552
11430   3552
11440   3552
11450   3552
11460   3552
11470   3552
11480   3552
11490   3552
11500   3552
11510   3552
11520   3552
11530   3552
11540   3552
11550   3552
11560   3552
11570   3552
11580   3552
11590   3552
11600   3552
11610   3552
11620   3552
11630   3552
11640   3552
11650   3552
11660   3552
11670   3552
11680   3552
11690   3552
11700   3552
11710   3552
11720   3552
11730   3552
11740   3552
11750   3552
11760   3552
11770   3552
11780   3552
11790   3552
11800   3552
11810   3552
11820   3552
11830   3552
11840   3552
11850   3552
11860   3552
11870   3552
11880   3552
11890   3552
11900   3552
11910   3552
11920   3552
11930   3552
11940   3552
11950   3552
11960   3552
11970   3552
11980   3552
11990   3552
12000   3552
12010   3552
12020   3552
12030   3552
12040   3552
12050   3552
12060   3552
12070   3552
12080   3552
12090   3552
12100   3552
12110   3552
12120   3552
12130   3552
12140   3552
12150   3552
12160   3552
12170   3552
12180   3552
12190   3552
12200   3552
12210   3552
12220   3552
12230   3552
12240   3552
12250   3552
12260   3552
12270   3552
12280   3552
12290   3552
12300   3552
12310   3552
12320   3552
12330   3552
12340   3552
12350   3552
12360   3552
12370   3552
12380   3552
12390   3552
12400   3552
12410   3552
12420   3552
12430   3552
12440   3552
12450   3552
12460   3552
12470   3552
12480   3552
12490   3552
12500   3552
12510   3552
12520   3552
12530   3552
12540   3552
12550   3552
12560   3552
12570   3552
12580   3552
12590   3552
12600   3552
12610   3552
12620   3552
12630   3552
12640   3552
12650   3552
12660   3552
12670   3552
12680   3552
12690   3552
12700   3552
12710   3552
12720   3552
12730   3552
12740   3552
12750   3552
12760   3552
12770   3552
12780   3552
12790   3552
12800   3552
12810   3552
12820   3552
12830   3552
12840   3552
12850   3552
12860   3552
12870   3552
12880   3552
12890   3552
12900   3552
12910   3552
12920   3552
12930   3552
12940   3552
12950   3552
12960   3552
12970   3552
12980   3552
12990   3552
13000   3552
13010   3552
13020   3552
13030   3552
13040   3552
13050   3552
13060   3552
13070   3552
13080   3552
13090   3552
13100   3552
13110   3552
13120   3552
13130   3552
13140   3552
13150   3552
13160   3552
13170   3552
13180   3552
13190   3552
13200   3552
13210   3552
13220   3552
13230   3552
13240   3552
13250   3552
13260   3552
13270   3552
13280   3552
13290   3552
13300   3552
13310   3552
13320   3552
13330   3552
13340   3552
13350   3552
13360   3552
13370   3552
13380   3552
13390   3552
13400   3552
13410   3552
13420   3552
13430   3552
13440   3552
13450   3552
13460   3552
13470   3552
13480   3552
13490   3552
13500   3552
13510   3552
13520   3552
13530   3552
13540   3552
13550   3552
13560   3552
13570   3552
13580   3552
13590   3552
13600   3552
13610   3552
13620   3552
13630   3552
13640   3552
13650   3552
13660   3552
13670   3552
13680   3552
13690   3552
13700   3552
13710   3552
13720   3552
13730   3552
13740   3552
13750   3552
13760   3552
13770   3552
13780   3552
13790   3552
13800   3552
13810   3552
13820   3552
13830   3552
13840   3552
13850   3552
13860   3552
13870   3552
13880   3552
13890   3552
13900   3552
13910   3552
13920   3552
