10   3921
20   3776
30   3711
40   3711
50   3711
60   3711
70   3711
80   3711
90   3711
100   3711
110   3711
120   3711
130   3702
140   3702
150   3702
160   3702
170   3622
180   3622
190   3622
200   3622
210   3622
220   3622
230   3622
240   3622
250   3622
260   3622
270   3622
280   3622
290   3622
300   3622
310   3622
320   3622
330   3622
340   3622
350   3622
360   3622
370   3622
380   3622
390   3622
400   3622
410   3622
420   3622
430   3622
440   3622
450   3622
460   3622
470   3622
480   3622
490   3622
500   3622
510   3622
520   3622
530   3622
540   3622
550   3622
560   3622
570   3622
580   3622
590   3622
600   3622
610   3622
620   3622
630   3622
640   3622
650   3622
660   3622
670   3622
680   3622
690   3622
700   3622
710   3622
720   3622
730   3622
740   3622
750   3622
760   3622
770   3622
780   3622
790   3622
800   3622
810   3622
820   3622
830   3622
840   3336
850   3336
860   3336
870   3336
880   3336
890   3336
900   3336
910   3336
920   3336
930   3336
940   3336
950   3336
960   3336
970   3336
980   3336
990   3336
1000   3336
1010   3336
1020   3336
1030   3336
1040   3336
1050   3336
1060   3336
1070   3336
1080   3336
1090   3336
1100   3336
1110   3336
1120   3336
1130   3336
1140   3336
1150   3336
1160   3336
1170   3336
1180   3336
1190   3336
1200   3336
1210   3336
1220   3336
1230   3336
1240   3336
1250   3336
1260   3336
1270   3336
1280   3336
1290   3336
1300   3336
1310   3336
1320   3336
1330   3336
1340   3336
1350   3336
1360   3336
1370   3336
1380   3336
1390   3336
1400   3336
1410   3336
1420   3336
1430   3336
1440   3336
1450   3336
1460   3336
1470   3336
1480   3336
1490   3336
1500   3336
1510   3336
1520   3336
1530   3336
1540   3336
1550   3336
1560   3336
1570   3336
1580   3336
1590   3336
1600   3336
1610   3336
1620   3336
1630   3336
1640   3336
1650   3336
1660   3336
1670   3336
1680   3336
1690   3336
1700   3336
1710   3336
1720   3336
1730   3336
1740   3336
1750   3336
1760   3336
1770   3336
1780   3336
1790   3336
1800   3336
1810   3336
1820   3336
1830   3336
1840   3336
1850   3336
1860   3336
1870   3336
1880   3336
1890   3336
1900   3336
1910   3336
1920   3336
1930   3336
1940   3336
1950   3336
1960   3336
1970   3336
1980   3336
1990   3336
2000   3336
2010   3336
2020   3336
2030   3336
2040   3336
2050   3336
2060   3336
2070   3336
2080   3336
2090   3336
2100   3336
2110   3336
2120   3336
2130   3336
2140   3336
2150   3336
2160   3336
2170   3336
2180   3336
2190   3336
2200   3336
2210   3336
2220   3336
2230   3336
2240   3336
2250   3336
2260   3336
2270   3336
2280   3336
2290   3336
2300   3336
2310   3336
2320   3336
2330   3336
2340   3336
2350   3336
2360   3336
2370   3336
2380   3336
2390   3336
2400   3336
2410   3336
2420   3336
2430   3336
2440   3336
2450   3336
2460   3336
2470   3336
2480   3336
2490   3336
2500   3336
2510   3336
2520   3336
2530   3336
2540   3336
2550   3336
2560   3336
2570   3336
2580   3336
2590   3336
2600   3336
2610   3336
2620   3336
2630   3336
2640   3336
2650   3336
2660   3336
2670   3336
2680   3336
2690   3336
2700   3336
2710   3336
2720   3336
2730   3336
2740   3336
2750   3336
2760   3336
2770   3336
2780   3336
2790   3336
2800   3336
2810   3336
2820   3336
2830   3336
2840   3336
2850   3336
2860   3336
2870   3336
2880   3336
2890   3336
2900   3336
2910   3336
2920   3336
2930   3336
2940   3336
2950   3336
2960   3336
2970   3336
2980   3336
2990   3336
3000   3336
3010   3336
3020   3336
3030   3336
3040   3336
3050   3336
3060   3336
3070   3336
3080   3336
3090   3336
3100   3336
3110   3336
3120   3336
3130   3336
3140   3336
3150   3336
3160   3336
3170   3336
3180   3336
3190   3336
3200   3336
3210   3336
3220   3336
3230   3336
3240   3336
3250   3336
3260   3336
3270   3336
3280   3336
3290   3336
3300   3336
3310   3336
3320   3336
3330   3336
3340   3336
3350   3336
3360   3336
3370   3336
3380   3336
3390   3336
3400   3336
3410   3336
3420   3336
3430   3336
3440   3336
3450   3336
3460   3336
3470   3336
3480   3336
3490   3336
3500   3336
3510   3336
3520   3336
3530   3336
3540   3336
3550   3336
3560   3336
3570   3336
3580   3336
3590   3336
3600   3336
3610   3336
3620   3336
3630   3336
3640   3336
3650   3336
3660   3336
3670   3336
3680   3336
3690   3336
3700   3336
3710   3336
3720   3336
3730   3336
3740   3336
3750   3336
3760   3336
3770   3336
3780   3336
3790   3336
3800   3336
3810   3336
3820   3336
3830   3336
3840   3336
3850   3336
3860   3336
3870   3336
3880   3336
3890   3336
3900   3336
3910   3336
3920   3336
3930   3336
3940   3336
3950   3336
3960   3336
3970   3336
3980   3336
3990   3336
4000   3336
4010   3336
4020   3336
4030   3336
4040   3336
4050   3336
4060   3336
4070   3336
4080   3336
4090   3336
4100   3336
4110   3336
4120   3336
4130   3336
4140   3336
4150   3336
4160   3336
4170   3336
4180   3336
4190   3336
4200   3336
4210   3336
4220   3336
4230   3336
4240   3336
4250   3336
4260   3336
4270   3336
4280   3336
4290   3336
4300   3336
4310   3336
4320   3336
4330   3336
4340   3336
4350   3336
4360   3336
4370   3336
4380   3336
4390   3336
4400   3336
4410   3336
4420   3336
4430   3336
4440   3336
4450   3336
4460   3336
4470   3336
4480   3336
4490   3336
4500   3336
4510   3336
4520   3336
4530   3336
4540   3336
4550   3336
4560   3336
4570   3336
4580   3336
4590   3336
4600   3336
4610   3336
4620   3336
4630   3336
4640   3336
4650   3336
4660   3336
4670   3336
4680   3336
4690   3336
4700   3336
4710   3336
4720   3336
4730   3336
4740   3336
4750   3336
4760   3336
4770   3336
4780   3336
4790   3336
4800   3336
4810   3336
4820   3336
4830   3336
4840   3336
4850   3336
4860   3336
4870   3336
4880   3336
4890   3336
4900   3336
4910   3336
4920   3336
4930   3336
4940   3336
4950   3336
4960   3336
4970   3336
4980   3336
4990   3336
5000   3336
5010   3336
5020   3336
5030   3336
5040   3336
5050   3336
5060   3336
5070   3336
5080   3336
5090   3336
5100   3336
5110   3336
5120   3336
5130   3336
5140   3336
5150   3336
5160   3336
5170   3336
5180   3336
5190   3336
5200   3336
5210   3336
5220   3336
5230   3336
5240   3336
5250   3319
5260   3319
5270   3319
5280   3319
5290   3319
5300   3319
5310   3319
5320   3319
5330   3319
5340   3319
5350   3319
5360   3319
5370   3319
5380   3319
5390   3319
5400   3319
5410   3319
5420   3319
5430   3319
5440   3319
5450   3319
5460   3319
5470   3319
5480   3319
5490   3319
5500   3319
5510   3319
5520   3319
5530   3319
5540   3319
5550   3319
5560   3319
5570   3319
5580   3319
5590   3319
5600   3319
5610   3319
5620   3319
5630   3319
5640   3319
5650   3319
5660   3319
5670   3319
5680   3319
5690   3319
5700   3319
5710   3319
5720   3319
5730   3319
5740   3319
5750   3319
5760   3319
5770   3319
5780   3319
5790   3319
5800   3319
5810   3319
5820   3319
5830   3319
5840   3319
5850   3319
5860   3319
5870   3319
5880   3319
5890   3319
5900   3319
5910   3319
5920   3319
5930   3319
5940   3319
5950   3319
5960   3319
5970   3319
5980   3319
5990   3319
6000   3319
6010   3319
6020   3319
6030   3319
6040   3319
6050   3319
6060   3319
6070   3319
6080   3319
6090   3319
6100   3319
6110   3319
6120   3319
6130   3319
6140   3319
6150   3319
6160   3319
6170   3319
6180   3319
6190   3319
6200   3319
6210   3319
6220   3319
6230   3319
6240   3319
6250   3319
6260   3319
6270   3319
6280   3319
6290   3319
6300   3319
6310   3319
6320   3319
6330   3319
6340   3319
6350   3319
6360   3319
6370   3319
6380   3319
6390   3319
6400   3319
6410   3319
6420   3319
6430   3319
6440   3319
6450   3319
6460   3319
6470   3319
6480   3319
6490   3319
6500   3319
6510   3319
6520   3319
6530   3319
6540   3319
6550   3319
6560   3319
6570   3319
6580   3319
6590   3319
6600   3319
6610   3319
6620   3319
6630   3319
6640   3319
6650   3319
6660   3319
6670   3319
6680   3319
6690   3319
6700   3319
6710   3319
6720   3319
6730   3319
6740   3319
6750   3319
6760   3319
6770   3319
6780   3319
6790   3319
6800   3319
6810   3319
6820   3319
6830   3319
6840   3319
6850   3319
6860   3319
6870   3319
6880   3319
6890   3319
6900   3319
6910   3319
6920   3319
6930   3319
6940   3319
6950   3319
6960   3319
6970   3319
6980   3319
6990   3319
7000   3319
7010   3319
7020   3319
7030   3319
7040   3319
7050   3319
7060   3319
7070   3319
7080   3319
7090   3319
7100   3319
7110   3319
7120   3319
7130   3319
7140   3319
7150   3319
7160   3319
7170   3319
7180   3319
7190   3319
7200   3319
7210   3319
7220   3319
7230   3319
7240   3319
7250   3319
7260   3319
7270   3319
7280   3319
7290   3319
7300   3319
7310   3319
7320   3319
7330   3319
7340   3319
7350   3319
7360   3319
7370   3319
7380   3319
7390   3319
7400   3319
7410   3319
7420   3319
7430   3319
7440   3319
7450   3319
7460   3319
7470   3319
7480   3319
7490   3319
7500   3319
7510   3319
7520   3319
7530   3319
7540   3319
7550   3319
7560   3319
7570   3319
7580   3319
7590   3319
7600   3319
7610   3319
7620   3319
7630   3319
7640   3319
7650   3319
7660   3319
7670   3319
7680   3319
7690   3319
7700   3319
7710   3319
7720   3319
7730   3319
7740   3319
7750   3319
7760   3319
7770   3319
7780   3319
7790   3319
7800   3319
7810   3319
7820   3319
7830   3319
7840   3319
7850   3319
7860   3319
7870   3319
7880   3319
7890   3319
7900   3319
7910   3319
7920   3319
7930   3319
7940   3319
7950   3319
7960   3319
7970   3319
7980   3319
7990   3319
8000   3319
8010   3319
8020   3319
8030   3319
8040   3319
8050   3319
8060   3319
8070   3319
8080   3319
8090   3319
8100   3319
8110   3319
8120   3319
8130   3319
8140   3319
8150   3319
8160   3319
8170   3319
8180   3319
8190   3319
8200   3319
8210   3319
8220   3319
8230   3319
8240   3319
8250   3319
8260   3319
8270   3319
8280   3319
8290   3319
8300   3319
8310   3319
8320   3319
8330   3319
8340   3319
8350   3319
8360   3319
8370   3319
8380   3319
8390   3319
8400   3319
8410   3319
8420   3319
8430   3319
8440   3319
8450   3319
8460   3319
8470   3319
8480   3319
8490   3319
8500   3319
8510   3319
8520   3319
8530   3319
8540   3319
8550   3319
8560   3319
8570   3319
8580   3319
8590   3319
8600   3319
8610   3319
8620   3319
8630   3319
8640   3319
8650   3319
8660   3319
8670   3319
8680   3319
8690   3319
8700   3319
8710   3319
8720   3319
8730   3319
8740   3319
8750   3319
8760   3319
8770   3319
8780   3319
8790   3319
8800   3319
8810   3319
8820   3319
8830   3319
8840   3319
8850   3319
8860   3319
8870   3319
8880   3319
8890   3319
8900   3319
8910   3319
8920   3319
8930   3319
8940   3319
8950   3319
8960   3319
8970   3319
8980   3319
8990   3319
9000   3319
9010   3319
9020   3319
9030   3319
9040   3319
9050   3319
9060   3319
9070   3319
9080   3319
9090   3319
9100   3319
9110   3319
9120   3319
9130   3319
9140   3319
9150   3319
9160   3319
9170   3319
9180   3319
9190   3319
9200   3319
9210   3319
9220   3319
9230   3319
9240   3319
9250   3319
9260   3319
9270   3319
9280   3319
9290   3319
9300   3319
9310   3319
9320   3319
9330   3319
9340   3319
9350   3319
9360   3319
9370   3319
9380   3319
9390   3319
9400   3319
9410   3319
9420   3319
9430   3319
9440   3319
9450   3319
9460   3319
9470   3319
9480   3319
9490   3319
9500   3319
9510   3319
9520   3319
9530   3319
9540   3319
9550   3319
9560   3319
9570   3319
9580   3319
9590   3319
9600   3319
9610   3319
9620   3319
9630   3319
9640   3319
9650   3319
9660   3319
9670   3319
9680   3319
9690   3319
9700   3319
9710   3319
9720   3319
9730   3319
9740   3319
9750   3319
9760   3319
9770   3319
9780   3319
9790   3319
9800   3319
9810   3319
9820   3319
9830   3319
9840   3319
9850   3319
9860   3319
9870   3319
9880   3319
9890   3319
9900   3319
9910   3319
9920   3319
9930   3319
9940   3319
9950   3319
9960   3319
9970   3319
9980   3319
9990   3319
10000   3319
10010   3319
10020   3319
10030   3319
10040   3319
10050   3319
10060   3319
10070   3319
10080   3319
10090   3319
10100   3319
10110   3319
10120   3319
10130   3319
10140   3319
10150   3319
10160   3319
10170   3319
10180   3319
10190   3319
10200   3319
10210   3319
10220   3319
10230   3319
10240   3319
10250   3319
10260   3319
10270   3319
10280   3164
10290   3164
10300   3164
10310   3164
10320   3164
10330   3164
10340   3164
10350   3164
10360   3164
10370   3164
10380   3164
10390   3164
10400   3164
10410   3164
10420   3164
10430   3164
10440   3164
10450   3164
10460   3164
10470   3164
10480   3164
10490   3164
10500   3164
10510   3164
10520   3164
10530   3164
10540   3164
10550   3164
10560   3164
10570   3164
10580   3164
10590   3164
10600   3164
10610   3164
10620   3164
10630   3164
10640   3164
10650   3164
10660   3164
10670   3164
10680   3164
10690   3164
10700   3164
10710   3164
10720   3164
10730   3164
10740   3164
10750   3164
10760   3164
10770   3164
10780   3164
10790   3164
10800   3164
10810   3164
10820   3164
10830   3164
10840   3164
10850   3164
10860   3164
10870   3164
10880   3164
10890   3164
10900   3164
10910   3164
10920   3164
10930   3164
10940   3164
10950   3164
10960   3164
10970   3164
10980   3164
10990   3164
11000   3164
11010   3164
11020   3164
11030   3164
11040   3164
11050   3164
11060   3164
11070   3164
11080   3164
11090   3164
11100   3164
11110   3164
11120   3164
11130   3164
11140   3164
11150   3164
11160   3164
11170   3164
11180   3164
11190   3164
11200   3164
11210   3164
11220   3164
11230   3164
11240   3164
11250   3164
11260   3164
11270   3164
11280   3164
11290   3164
11300   3164
11310   3164
11320   3164
11330   3164
11340   3164
11350   3164
11360   3164
11370   3164
11380   3164
11390   3164
11400   3164
11410   3164
11420   3164
11430   3164
11440   3164
11450   3164
11460   3164
11470   3164
11480   3164
11490   3164
11500   3164
11510   3164
11520   3164
11530   3164
11540   3164
11550   3164
11560   3164
11570   3164
11580   3164
11590   3164
11600   3164
11610   3164
11620   3164
11630   3164
11640   3164
11650   3164
11660   3164
11670   3164
11680   3164
11690   3164
11700   3164
11710   3164
11720   3164
11730   3164
11740   3164
11750   3164
11760   3164
11770   3164
11780   3164
11790   3164
11800   3164
11810   3164
11820   3164
11830   3164
11840   3164
11850   3164
11860   3164
11870   3164
11880   3164
11890   3164
11900   3164
11910   3164
11920   3164
11930   3164
11940   3164
11950   3164
11960   3164
11970   3164
11980   3164
11990   3164
12000   3164
12010   3164
12020   3164
12030   3164
12040   3164
12050   3164
12060   3164
12070   3164
12080   3164
12090   3164
12100   3164
12110   3164
12120   3164
12130   3164
12140   3164
12150   3164
12160   3164
12170   3164
12180   3164
12190   3164
12200   3164
12210   3164
12220   3164
12230   3164
12240   3164
12250   3164
12260   3164
12270   3164
12280   3164
12290   3164
12300   3164
12310   3164
12320   3164
12330   3164
12340   3164
12350   3164
12360   3164
12370   3164
12380   3164
12390   3164
12400   3164
12410   3164
12420   3164
12430   3164
12440   3164
12450   3164
12460   3164
12470   3164
12480   3164
12490   3164
12500   3164
12510   3164
12520   3164
12530   3164
12540   3164
12550   3164
12560   3164
12570   3164
12580   3164
12590   3164
12600   3164
12610   3164
12620   3164
12630   3164
12640   3164
12650   3164
12660   3164
12670   3164
12680   3164
12690   3164
12700   3164
12710   3164
12720   3164
12730   3164
12740   3164
12750   3164
12760   3164
12770   3164
12780   3164
12790   3164
12800   3164
12810   3164
12820   3164
12830   3164
12840   3164
12850   3164
12860   3164
12870   3164
12880   3164
12890   3164
12900   3164
12910   3164
12920   3164
12930   3164
12940   3164
12950   3164
12960   3164
12970   3164
12980   3164
12990   3164
13000   3164
13010   3164
13020   3164
13030   3164
13040   3164
13050   3164
13060   3164
13070   3164
13080   3164
13090   3164
13100   3164
13110   3164
13120   3164
13130   3164
13140   3164
13150   3164
13160   3164
13170   3164
13180   3164
13190   3164
13200   3164
13210   3164
13220   3164
13230   3164
13240   3164
13250   3164
13260   3164
13270   3164
13280   3164
13290   3164
13300   3164
13310   3164
13320   3164
13330   3164
13340   3164
13350   3164
13360   3164
13370   3164
13380   3164
13390   3164
13400   3164
13410   3164
13420   3164
13430   3164
13440   3164
13450   3164
13460   3164
13470   3164
13480   3164
13490   3164
13500   3164
13510   3164
13520   3164
13530   3164
13540   3164
13550   3164
13560   3164
13570   3164
13580   3164
13590   3164
13600   3164
13610   3164
13620   3164
13630   3164
13640   3164
13650   3164
13660   3164
13670   3164
13680   3164
13690   3164
13700   3164
13710   3164
13720   3164
13730   3164
13740   3164
13750   3164
13760   3164
13770   3164
13780   3164
13790   3164
13800   3164
13810   3164
13820   3164
13830   3164
13840   3164
13850   3164
13860   3164
13870   3164
13880   3164
13890   3164
13900   3164
13910   3164
13920   3164
13930   3164
13940   3164
13950   3164
13960   3164
13970   3164
13980   3164
13990   3164
14000   3164
14010   3164
14020   3164
14030   3164
14040   3164
14050   3164
14060   3164
14070   3164
14080   3164
14090   3164
14100   3164
14110   3164
14120   3164
14130   3164
14140   3164
14150   3164
14160   3164
14170   3164
14180   3164
14190   3164
14200   3164
14210   3164
14220   3164
14230   3164
14240   3164
14250   3164
14260   3164
14270   3164
14280   3164
14290   3164
14300   3164
14310   3164
14320   3164
14330   3164
14340   3164
14350   3164
14360   3164
14370   3164
14380   3164
14390   3164
14400   3164
14410   3164
14420   3164
14430   3164
14440   3164
14450   3164
14460   3164
14470   3164
14480   3164
14490   3164
14500   3164
14510   3164
14520   3164
14530   3164
14540   3164
14550   3164
14560   3164
14570   3164
14580   3164
14590   3164
14600   3164
14610   3164
14620   3164
14630   3164
14640   3164
14650   3164
14660   3164
14670   3164
14680   3164
14690   3164
14700   3164
14710   3164
14720   3164
14730   3164
14740   3164
14750   3164
14760   3164
14770   3164
14780   3164
14790   3164
14800   3164
14810   3164
14820   3164
14830   3164
14840   3164
14850   3164
14860   3164
14870   3164
14880   3164
14890   3164
14900   3164
14910   3164
14920   3164
14930   3164
14940   3164
14950   3164
14960   3164
14970   3164
14980   3164
14990   3164
15000   3164
15010   3164
15020   3164
15030   3164
15040   3164
15050   3164
15060   3164
15070   3164
15080   3164
15090   3164
15100   3164
15110   3164
15120   3164
15130   3164
15140   3164
15150   3164
15160   3164
15170   3164
15180   3164
15190   3164
15200   3164
15210   3164
15220   3164
15230   3164
15240   3164
15250   3164
15260   3164
