10   3242
20   3242
30   3242
40   3242
50   3242
60   3242
70   3061
80   3052
90   3052
100   3052
110   3052
120   3052
130   3052
140   3052
150   3052
160   3052
170   3052
180   3052
190   3052
200   3052
210   3052
220   3052
230   3052
240   3052
250   3052
260   3052
270   3052
280   3052
290   3052
300   3052
310   3052
320   3052
330   3052
340   3052
350   3052
360   3052
370   3052
380   3052
390   3052
400   3052
410   3052
420   3052
430   3052
440   3052
450   3052
460   3052
470   3052
480   3052
490   3052
500   3052
510   3052
520   3052
530   3052
540   3052
550   3052
560   3052
570   3052
580   3052
590   3052
600   3052
610   3052
620   3052
630   3052
640   3052
650   3052
660   3052
670   3052
680   3052
690   3052
700   3052
710   3052
720   3052
730   3052
740   3052
750   3052
760   3052
770   3052
780   3052
790   3052
800   3052
810   3052
820   3052
830   3052
840   3052
850   3052
860   3052
870   3052
880   3052
890   3052
900   3052
910   3052
920   3052
930   3052
940   3052
950   3052
960   3052
970   3052
980   3052
990   3052
1000   3052
1010   3052
1020   3052
1030   2888
1040   2888
1050   2888
1060   2888
1070   2888
1080   2888
1090   2888
1100   2888
1110   2888
1120   2888
1130   2888
1140   2888
1150   2888
1160   2888
1170   2888
1180   2888
1190   2888
1200   2888
1210   2832
1220   2832
1230   2832
1240   2832
1250   2832
1260   2832
1270   2832
1280   2832
1290   2832
1300   2832
1310   2832
1320   2832
1330   2832
1340   2832
1350   2832
1360   2832
1370   2832
1380   2832
1390   2832
1400   2832
1410   2832
1420   2832
1430   2832
1440   2832
1450   2832
1460   2832
1470   2832
1480   2832
1490   2832
1500   2832
1510   2832
1520   2832
1530   2832
1540   2832
1550   2832
1560   2832
1570   2832
1580   2832
1590   2832
1600   2832
1610   2832
1620   2832
1630   2832
1640   2832
1650   2832
1660   2832
1670   2832
1680   2832
1690   2832
1700   2832
1710   2832
1720   2832
1730   2832
1740   2832
1750   2832
1760   2832
1770   2832
1780   2832
1790   2832
1800   2832
1810   2832
1820   2832
1830   2832
1840   2832
1850   2832
1860   2832
1870   2832
1880   2832
1890   2832
1900   2832
1910   2832
1920   2832
1930   2832
1940   2832
1950   2832
1960   2832
1970   2832
1980   2832
1990   2832
2000   2832
2010   2832
2020   2832
2030   2832
2040   2832
2050   2832
2060   2832
2070   2832
2080   2832
2090   2832
2100   2832
2110   2832
2120   2832
2130   2832
2140   2832
2150   2832
2160   2832
2170   2832
2180   2832
2190   2832
2200   2832
2210   2832
2220   2832
2230   2832
2240   2832
2250   2832
2260   2832
2270   2832
2280   2832
2290   2832
2300   2832
2310   2832
2320   2832
2330   2832
2340   2832
2350   2832
2360   2832
2370   2832
2380   2832
2390   2832
2400   2832
2410   2832
2420   2832
2430   2832
2440   2832
2450   2832
2460   2832
2470   2832
2480   2832
2490   2832
2500   2832
2510   2832
2520   2832
2530   2832
2540   2832
2550   2832
2560   2832
2570   2832
2580   2832
2590   2832
2600   2832
2610   2832
2620   2832
2630   2832
2640   2832
2650   2832
2660   2832
2670   2832
2680   2832
2690   2832
2700   2832
2710   2832
2720   2832
2730   2832
2740   2832
2750   2832
2760   2832
2770   2832
2780   2832
2790   2832
2800   2832
2810   2832
2820   2832
2830   2832
2840   2832
2850   2832
2860   2832
2870   2832
2880   2832
2890   2832
2900   2832
2910   2832
2920   2832
2930   2832
2940   2832
2950   2832
2960   2832
2970   2832
2980   2832
2990   2832
3000   2832
3010   2832
3020   2832
3030   2832
3040   2832
3050   2832
3060   2832
3070   2832
3080   2832
3090   2832
3100   2832
3110   2832
3120   2832
3130   2832
3140   2832
3150   2832
3160   2832
3170   2832
3180   2832
3190   2832
3200   2832
3210   2832
3220   2832
3230   2832
3240   2832
3250   2832
3260   2832
3270   2832
3280   2832
3290   2832
3300   2832
3310   2832
3320   2832
3330   2832
3340   2832
3350   2832
3360   2832
3370   2832
3380   2832
3390   2832
3400   2832
3410   2832
3420   2832
3430   2832
3440   2832
3450   2832
3460   2832
3470   2832
3480   2832
3490   2832
3500   2832
3510   2832
3520   2832
3530   2832
3540   2832
3550   2832
3560   2832
3570   2832
3580   2832
3590   2832
3600   2832
3610   2832
3620   2832
3630   2832
3640   2832
3650   2832
3660   2832
3670   2832
3680   2832
3690   2832
3700   2832
3710   2832
3720   2832
3730   2832
3740   2832
3750   2832
3760   2832
3770   2832
3780   2832
3790   2832
3800   2832
3810   2832
3820   2832
3830   2832
3840   2832
3850   2832
3860   2832
3870   2832
3880   2832
3890   2832
3900   2832
3910   2832
3920   2832
3930   2832
3940   2832
3950   2832
3960   2832
3970   2832
3980   2832
3990   2832
4000   2832
4010   2832
4020   2832
4030   2832
4040   2832
4050   2832
4060   2832
4070   2832
4080   2832
4090   2832
4100   2832
4110   2832
4120   2832
4130   2832
4140   2832
4150   2832
4160   2832
4170   2832
4180   2832
4190   2832
4200   2832
4210   2832
4220   2832
4230   2832
4240   2832
4250   2832
4260   2832
4270   2832
4280   2832
4290   2832
4300   2832
4310   2832
4320   2832
4330   2832
4340   2832
4350   2832
4360   2832
4370   2832
4380   2832
4390   2832
4400   2832
4410   2832
4420   2832
4430   2832
4440   2832
4450   2832
4460   2832
4470   2832
4480   2832
4490   2832
4500   2832
4510   2832
4520   2832
4530   2832
4540   2832
4550   2832
4560   2832
4570   2832
4580   2832
4590   2832
4600   2832
4610   2832
4620   2832
4630   2832
4640   2832
4650   2832
4660   2832
4670   2832
4680   2832
4690   2832
4700   2832
4710   2832
4720   2832
4730   2832
4740   2832
4750   2832
4760   2832
4770   2832
4780   2832
4790   2832
4800   2832
4810   2832
4820   2832
4830   2832
4840   2832
4850   2832
4860   2832
4870   2832
4880   2832
4890   2832
4900   2832
4910   2832
4920   2832
4930   2832
4940   2832
4950   2832
4960   2832
4970   2832
4980   2832
4990   2832
5000   2832
5010   2832
5020   2832
5030   2832
5040   2832
5050   2832
5060   2832
5070   2832
5080   2832
5090   2832
5100   2832
5110   2832
5120   2832
5130   2832
5140   2832
5150   2832
5160   2832
5170   2832
5180   2832
5190   2832
5200   2832
5210   2832
5220   2832
5230   2832
5240   2832
5250   2832
5260   2832
5270   2832
5280   2832
5290   2832
5300   2832
5310   2832
5320   2832
5330   2832
5340   2832
5350   2832
5360   2832
5370   2832
5380   2832
5390   2832
5400   2832
5410   2832
5420   2832
5430   2832
5440   2832
5450   2832
5460   2832
5470   2832
5480   2832
5490   2832
5500   2832
5510   2832
5520   2832
5530   2832
5540   2832
5550   2832
5560   2832
5570   2832
5580   2832
5590   2832
5600   2832
5610   2832
5620   2832
5630   2832
5640   2832
5650   2832
5660   2832
5670   2832
5680   2832
5690   2832
5700   2832
5710   2832
5720   2832
5730   2832
5740   2832
5750   2832
5760   2832
5770   2832
5780   2832
5790   2832
5800   2832
5810   2832
5820   2832
5830   2832
5840   2832
5850   2832
5860   2832
5870   2832
5880   2832
5890   2832
5900   2832
5910   2832
5920   2832
5930   2832
5940   2832
5950   2832
5960   2832
5970   2832
5980   2832
5990   2832
6000   2832
6010   2832
6020   2832
6030   2832
6040   2832
6050   2832
6060   2832
6070   2832
6080   2832
6090   2832
6100   2832
6110   2832
6120   2832
6130   2832
6140   2832
6150   2832
6160   2832
6170   2832
6180   2832
6190   2832
6200   2832
6210   2832
6220   2832
6230   2832
6240   2832
6250   2832
6260   2832
6270   2832
6280   2832
6290   2832
6300   2832
6310   2832
6320   2832
6330   2832
6340   2832
6350   2832
6360   2832
6370   2832
6380   2832
6390   2832
6400   2832
6410   2832
6420   2832
6430   2832
6440   2832
6450   2832
6460   2832
6470   2832
6480   2832
6490   2832
6500   2832
6510   2832
6520   2832
6530   2832
6540   2832
6550   2832
6560   2832
6570   2832
6580   2832
6590   2832
6600   2832
6610   2832
6620   2832
6630   2832
6640   2832
6650   2832
6660   2832
6670   2832
6680   2832
6690   2832
6700   2832
6710   2832
6720   2832
6730   2832
6740   2832
6750   2832
6760   2832
6770   2832
6780   2832
6790   2832
6800   2832
6810   2832
6820   2832
6830   2832
6840   2832
6850   2832
6860   2832
6870   2832
6880   2832
6890   2832
6900   2832
6910   2832
6920   2832
6930   2832
6940   2832
6950   2832
6960   2832
6970   2832
6980   2832
6990   2832
7000   2832
7010   2832
7020   2832
7030   2832
7040   2832
7050   2832
7060   2832
7070   2832
7080   2832
7090   2832
7100   2832
7110   2832
7120   2832
7130   2832
7140   2832
7150   2832
7160   2832
7170   2832
7180   2832
7190   2832
7200   2832
7210   2832
7220   2832
7230   2832
7240   2832
7250   2832
7260   2832
7270   2832
7280   2832
7290   2832
7300   2832
7310   2832
7320   2832
7330   2832
7340   2832
7350   2832
7360   2832
7370   2832
7380   2832
7390   2832
7400   2832
7410   2832
7420   2832
7430   2832
7440   2832
7450   2832
7460   2832
7470   2832
7480   2832
7490   2832
7500   2832
7510   2832
7520   2832
7530   2832
7540   2832
7550   2832
7560   2832
7570   2832
7580   2832
7590   2832
7600   2832
7610   2832
7620   2832
7630   2832
7640   2832
7650   2832
7660   2832
7670   2832
7680   2832
7690   2832
7700   2832
7710   2832
7720   2832
7730   2832
7740   2832
7750   2832
7760   2832
7770   2832
7780   2832
7790   2832
7800   2832
7810   2832
7820   2832
7830   2832
7840   2832
7850   2832
7860   2832
7870   2832
7880   2832
7890   2832
7900   2832
7910   2832
7920   2832
7930   2832
7940   2832
7950   2832
7960   2832
7970   2832
7980   2832
7990   2832
8000   2832
8010   2832
8020   2832
8030   2832
8040   2832
8050   2832
8060   2832
8070   2832
8080   2832
8090   2832
8100   2832
8110   2832
8120   2832
8130   2832
8140   2832
8150   2832
8160   2832
8170   2832
8180   2832
8190   2832
8200   2832
8210   2832
8220   2832
8230   2832
8240   2832
8250   2832
8260   2832
8270   2832
8280   2832
8290   2832
8300   2832
8310   2832
8320   2832
8330   2832
8340   2832
8350   2832
8360   2832
8370   2832
8380   2832
8390   2832
8400   2832
8410   2832
8420   2832
8430   2832
8440   2832
8450   2832
8460   2832
8470   2832
8480   2832
8490   2832
8500   2832
8510   2832
8520   2832
8530   2832
8540   2832
8550   2832
8560   2832
8570   2832
8580   2832
8590   2832
8600   2832
8610   2832
8620   2832
8630   2832
8640   2832
8650   2832
8660   2832
8670   2832
8680   2832
8690   2832
8700   2832
8710   2832
8720   2832
8730   2832
8740   2832
8750   2832
8760   2832
8770   2832
8780   2832
8790   2832
8800   2832
8810   2832
8820   2832
8830   2832
8840   2832
8850   2832
8860   2832
8870   2832
8880   2832
8890   2832
8900   2832
8910   2832
8920   2832
8930   2832
8940   2832
8950   2832
8960   2832
8970   2832
8980   2832
8990   2832
9000   2832
9010   2832
9020   2832
9030   2832
9040   2832
9050   2832
9060   2832
9070   2832
9080   2832
9090   2832
9100   2832
9110   2832
9120   2832
9130   2832
9140   2832
9150   2832
9160   2832
9170   2832
9180   2832
9190   2832
9200   2832
9210   2832
9220   2832
9230   2832
9240   2832
9250   2832
9260   2832
9270   2832
9280   2832
9290   2832
9300   2832
9310   2832
9320   2832
9330   2832
9340   2832
9350   2832
9360   2832
9370   2832
9380   2832
9390   2832
9400   2832
9410   2832
9420   2832
9430   2832
9440   2832
9450   2832
9460   2832
9470   2832
9480   2832
9490   2832
9500   2832
9510   2832
9520   2832
9530   2832
9540   2832
9550   2832
9560   2832
9570   2832
9580   2832
9590   2832
9600   2832
9610   2832
9620   2832
9630   2832
9640   2832
9650   2832
9660   2832
9670   2832
9680   2832
9690   2832
9700   2832
9710   2832
9720   2832
9730   2832
9740   2832
9750   2832
9760   2832
9770   2832
9780   2832
9790   2832
9800   2832
9810   2832
9820   2832
9830   2832
9840   2832
9850   2832
9860   2832
9870   2832
9880   2832
9890   2832
9900   2832
9910   2832
9920   2832
9930   2832
9940   2832
9950   2832
9960   2832
9970   2832
9980   2832
9990   2832
10000   2832
10010   2832
10020   2832
10030   2832
10040   2832
10050   2832
10060   2832
10070   2832
10080   2832
10090   2832
10100   2832
10110   2832
10120   2832
10130   2832
10140   2832
10150   2832
10160   2832
10170   2832
10180   2832
10190   2832
10200   2832
10210   2832
10220   2832
10230   2832
10240   2832
10250   2832
10260   2832
10270   2832
10280   2832
10290   2832
10300   2832
10310   2832
10320   2832
10330   2832
10340   2832
10350   2832
10360   2832
10370   2832
10380   2832
10390   2832
10400   2832
10410   2832
10420   2832
10430   2832
10440   2832
10450   2832
10460   2832
10470   2832
