10   3766
20   3766
30   3766
40   3766
50   3481
60   3481
70   3481
80   3481
90   3481
100   3481
110   3481
120   3481
130   3481
140   3481
150   3481
160   3481
170   3481
180   3481
190   3481
200   3481
210   3481
220   3481
230   3481
240   3481
250   3481
260   3481
270   3481
280   3481
290   3481
300   3481
310   3481
320   3481
330   3481
340   3481
350   3481
360   3481
370   3481
380   3481
390   3481
400   3481
410   3481
420   3481
430   3481
440   3481
450   3481
460   3481
470   3481
480   3481
490   3481
500   3481
510   3481
520   3481
530   3481
540   3481
550   3481
560   3481
570   3481
580   3481
590   3481
600   3481
610   3481
620   3481
630   3481
640   3481
650   3481
660   3481
670   3481
680   3481
690   3481
700   3481
710   3481
720   3481
730   3481
740   3481
750   3481
760   3481
770   3481
780   3481
790   3481
800   3481
810   3481
820   3481
830   3481
840   3481
850   3481
860   3481
870   3481
880   3481
890   3481
900   3481
910   3481
920   3481
930   3481
940   3481
950   3481
960   3481
970   3481
980   3481
990   3481
1000   3481
1010   3481
1020   3481
1030   3481
1040   3481
1050   3481
1060   3481
1070   3481
1080   3481
1090   3481
1100   3481
1110   3481
1120   3481
1130   3481
1140   3481
1150   3481
1160   3481
1170   3481
1180   3481
1190   3481
1200   3481
1210   3481
1220   3481
1230   3481
1240   3481
1250   3481
1260   3481
1270   3481
1280   3481
1290   3481
1300   3481
1310   3481
1320   3481
1330   3481
1340   3481
1350   3481
1360   3481
1370   3481
1380   3481
1390   3481
1400   3481
1410   3481
1420   3481
1430   3481
1440   3481
1450   3481
1460   3481
1470   3481
1480   3481
1490   3481
1500   3481
1510   3481
1520   3481
1530   3481
1540   3481
1550   3481
1560   3481
1570   3481
1580   3481
1590   3481
1600   3481
1610   3443
1620   3443
1630   3443
1640   3443
1650   3443
1660   3443
1670   3443
1680   3443
1690   3443
1700   3443
1710   3443
1720   3443
1730   3443
1740   3443
1750   3443
1760   3443
1770   3443
1780   3443
1790   3443
1800   3443
1810   3443
1820   3443
1830   3443
1840   3443
1850   3443
1860   3443
1870   3443
1880   3443
1890   3443
1900   3443
1910   3443
1920   3443
1930   3443
1940   3443
1950   3443
1960   3443
1970   3443
1980   3443
1990   3443
2000   3443
2010   3443
2020   3443
2030   3443
2040   3443
2050   3443
2060   3443
2070   3443
2080   3443
2090   3443
2100   3443
2110   3443
2120   3443
2130   3443
2140   3443
2150   3443
2160   3443
2170   3443
2180   3443
2190   3443
2200   3443
2210   3443
2220   3443
2230   3443
2240   3443
2250   3443
2260   3443
2270   3443
2280   3443
2290   3443
2300   3443
2310   3443
2320   3443
2330   3443
2340   3443
2350   3443
2360   3443
2370   3443
2380   3443
2390   3443
2400   3443
2410   3443
2420   3443
2430   3443
2440   3443
2450   3443
2460   3443
2470   3443
2480   3443
2490   3443
2500   3443
2510   3443
2520   3443
2530   3443
2540   3443
2550   3443
2560   3443
2570   3443
2580   3443
2590   3443
2600   3443
2610   3443
2620   3443
2630   3443
2640   3443
2650   3443
2660   3443
2670   3443
2680   3443
2690   3443
2700   3443
2710   3443
2720   3443
2730   3443
2740   3420
2750   3420
2760   3420
2770   3420
2780   3420
2790   3420
2800   3420
2810   3420
2820   3420
2830   3420
2840   3420
2850   3420
2860   3420
2870   3420
2880   3420
2890   3420
2900   3420
2910   3420
2920   3420
2930   3420
2940   3420
2950   3420
2960   3420
2970   3420
2980   3420
2990   3420
3000   3420
3010   3420
3020   3420
3030   3420
3040   3420
3050   3420
3060   3420
3070   3420
3080   3420
3090   3420
3100   3420
3110   3420
3120   3420
3130   3420
3140   3420
3150   3420
3160   3420
3170   3420
3180   3420
3190   3420
3200   3420
3210   3420
3220   3420
3230   3420
3240   3420
3250   3420
3260   3420
3270   3420
3280   3420
3290   3420
3300   3420
3310   3420
3320   3420
3330   3420
3340   3420
3350   3420
3360   3420
3370   3420
3380   3420
3390   3420
3400   3420
3410   3420
3420   3420
3430   3420
3440   3420
3450   3420
3460   3420
3470   3420
3480   3420
3490   3420
3500   3420
3510   3420
3520   3420
3530   3420
3540   3420
3550   3420
3560   3420
3570   3420
3580   3420
3590   3420
3600   3420
3610   3420
3620   3420
3630   3420
3640   3420
3650   3420
3660   3420
3670   3420
3680   3420
3690   3420
3700   3420
3710   3420
3720   3420
3730   3420
3740   3420
3750   3420
3760   3420
3770   3420
3780   3420
3790   3420
3800   3420
3810   3420
3820   3420
3830   3420
3840   3420
3850   3420
3860   3420
3870   3420
3880   3420
3890   3420
3900   3420
3910   3420
3920   3420
3930   3420
3940   3420
3950   3420
3960   3420
3970   3420
3980   3420
3990   3420
4000   3420
4010   3420
4020   3420
4030   3420
4040   3420
4050   3420
4060   3420
4070   3420
4080   3420
4090   3420
4100   3420
4110   3420
4120   3420
4130   3420
4140   3420
4150   3420
4160   3420
4170   3420
4180   3420
4190   3420
4200   3420
4210   3420
4220   3420
4230   3420
4240   3420
4250   3420
4260   3420
4270   3420
4280   3420
4290   3420
4300   3420
4310   3420
4320   3420
4330   3420
4340   3420
4350   3420
4360   3420
4370   3420
4380   3420
4390   3420
4400   3420
4410   3420
4420   3420
4430   3420
4440   3420
4450   3420
4460   3420
4470   3420
4480   3420
4490   3420
4500   3420
4510   3420
4520   3420
4530   3420
4540   3420
4550   3410
4560   3410
4570   3410
4580   3410
4590   3410
4600   3410
4610   3410
4620   3410
4630   3410
4640   3410
4650   3410
4660   3410
4670   3410
4680   3410
4690   3410
4700   3410
4710   3410
4720   3410
4730   3410
4740   3410
4750   3410
4760   3410
4770   3410
4780   3410
4790   3410
4800   3410
4810   3410
4820   3410
4830   3410
4840   3410
4850   3410
4860   3410
4870   3410
4880   3410
4890   3410
4900   3410
4910   3410
4920   3410
4930   3410
4940   3410
4950   3410
4960   3410
4970   3410
4980   3410
4990   3410
5000   3410
5010   3410
5020   3410
5030   3410
5040   3410
5050   3410
5060   3410
5070   3410
5080   3410
5090   3410
5100   3410
5110   3410
5120   3410
5130   3410
5140   3410
5150   3410
5160   3410
5170   3410
5180   3410
5190   3410
5200   3410
5210   3410
5220   3410
5230   3410
5240   3410
5250   3410
5260   3410
5270   3410
5280   3410
5290   3410
5300   3410
5310   3410
5320   3410
5330   3410
5340   3410
5350   3410
5360   3410
5370   3410
5380   3410
5390   3410
5400   3410
5410   3410
5420   3410
5430   3410
5440   3410
5450   3410
5460   3410
5470   3410
5480   3410
5490   3410
5500   3410
5510   3410
5520   3410
5530   3410
5540   3410
5550   3410
5560   3410
5570   3410
5580   3410
5590   3410
5600   3410
5610   3410
5620   3410
5630   3410
5640   3410
5650   3410
5660   3410
5670   3410
5680   3410
5690   3410
5700   3410
5710   3410
5720   3410
5730   3410
5740   3410
5750   3410
5760   3410
5770   3410
5780   3410
5790   3410
5800   3410
5810   3410
5820   3410
5830   3410
5840   3410
5850   3410
5860   3410
5870   3410
5880   3410
5890   3410
5900   3410
5910   3410
5920   3410
5930   3410
5940   3410
5950   3410
5960   3410
5970   3410
5980   3410
5990   3410
6000   3410
6010   3410
6020   3410
6030   3410
6040   3410
6050   3410
6060   3410
6070   3410
6080   3410
6090   3410
6100   3410
6110   3410
6120   3410
6130   3410
6140   3410
6150   3410
6160   3410
6170   3410
6180   3410
6190   3410
6200   3410
6210   3410
6220   3410
6230   3410
6240   3410
6250   3410
6260   3410
6270   3410
6280   3410
6290   3410
6300   3410
6310   3410
6320   3410
6330   3410
6340   3410
6350   3410
6360   3410
6370   3410
6380   3410
6390   3410
6400   3410
6410   3410
6420   3410
6430   3410
6440   3410
6450   3410
6460   3410
6470   3410
6480   3410
6490   3410
6500   3410
6510   3410
6520   3410
6530   3410
6540   3410
6550   3410
6560   3410
6570   3410
6580   3410
6590   3410
6600   3410
6610   3410
6620   3410
6630   3410
6640   3410
6650   3410
6660   3410
6670   3410
6680   3410
6690   3410
6700   3410
6710   3410
6720   3410
6730   3410
6740   3410
6750   3410
6760   3410
6770   3410
6780   3410
6790   3410
6800   3410
6810   3410
6820   3410
6830   3410
6840   3410
6850   3410
6860   3410
6870   3410
6880   3410
6890   3410
6900   3410
6910   3410
6920   3410
6930   3410
6940   3410
6950   3410
6960   3410
6970   3410
6980   3410
6990   3410
7000   3410
7010   3410
7020   3410
7030   3410
7040   3410
7050   3410
7060   3410
7070   3410
7080   3410
7090   3410
7100   3410
7110   3410
7120   3410
7130   3410
7140   3410
7150   3410
7160   3410
7170   3410
7180   3410
7190   3410
7200   3410
7210   3410
7220   3410
7230   3410
7240   3410
7250   3410
7260   3410
7270   3410
7280   3410
7290   3410
7300   3410
7310   3410
7320   3410
7330   3410
7340   3410
7350   3410
7360   3410
7370   3410
7380   3410
7390   3410
7400   3410
7410   3410
7420   3410
7430   3410
7440   3410
7450   3410
7460   3410
7470   3410
7480   3410
7490   3404
7500   3404
7510   3404
7520   3404
7530   3404
7540   3404
7550   3404
7560   3404
7570   3404
7580   3404
7590   3404
7600   3404
7610   3404
7620   3404
7630   3404
7640   3404
7650   3404
7660   3404
7670   3404
7680   3404
7690   3404
7700   3404
7710   3404
7720   3404
7730   3404
7740   3404
7750   3404
7760   3404
7770   3404
7780   3404
7790   3404
7800   3404
7810   3404
7820   3404
7830   3404
7840   3404
7850   3404
7860   3404
7870   3404
7880   3404
7890   3404
7900   3404
7910   3404
7920   3404
7930   3404
7940   3404
7950   3404
7960   3404
7970   3404
7980   3404
7990   3404
8000   3404
8010   3404
8020   3404
8030   3404
8040   3404
8050   3404
8060   3404
8070   3404
8080   3404
8090   3404
8100   3404
8110   3404
8120   3404
8130   3404
8140   3404
8150   3404
8160   3404
8170   3404
8180   3404
8190   3404
8200   3404
8210   3404
8220   3404
8230   3404
8240   3404
8250   3404
8260   3404
8270   3404
8280   3404
8290   3404
8300   3404
8310   3404
8320   3404
8330   3404
8340   3404
8350   3404
8360   3404
8370   3404
8380   3404
8390   3404
8400   3404
8410   3404
8420   3404
8430   3404
8440   3404
8450   3404
8460   3404
8470   3404
8480   3404
8490   3404
8500   3404
8510   3404
8520   3404
8530   3404
8540   3404
8550   3404
8560   3404
8570   3404
8580   3404
8590   3404
8600   3404
8610   3404
8620   3404
8630   3404
8640   3404
8650   3404
8660   3404
8670   3404
8680   3404
8690   3404
8700   3404
8710   3404
8720   3404
8730   3404
8740   3404
8750   3404
8760   3404
8770   3404
8780   3404
8790   3404
8800   3404
8810   3404
8820   3404
8830   3404
8840   3404
8850   3404
8860   3404
8870   3404
8880   3404
8890   3404
8900   3404
8910   3404
8920   3404
8930   3404
8940   3404
8950   3404
8960   3404
8970   3404
8980   3404
8990   3404
9000   3404
9010   3404
9020   3404
9030   3404
9040   3404
9050   3404
9060   3404
9070   3404
9080   3404
9090   3404
9100   3404
9110   3404
9120   3404
9130   3404
9140   3404
9150   3404
9160   3404
9170   3404
9180   3404
9190   3404
9200   3404
9210   3404
9220   3404
9230   3404
9240   3404
9250   3404
9260   3404
9270   3404
9280   3404
9290   3404
9300   3404
9310   3404
9320   3404
9330   3404
9340   3404
9350   3404
9360   3404
9370   3404
9380   3404
9390   3404
9400   3404
9410   3404
9420   3404
9430   3404
9440   3404
9450   3404
9460   3404
9470   3404
9480   3404
9490   3404
9500   3404
9510   3404
9520   3404
9530   3404
9540   3404
9550   3404
9560   3404
9570   3404
9580   3404
9590   3404
9600   3404
9610   3404
9620   3404
9630   3404
9640   3404
9650   3404
9660   3404
9670   3404
9680   3404
9690   3404
9700   3404
9710   3404
9720   3404
9730   3404
9740   3404
9750   3404
9760   3404
9770   3404
9780   3404
9790   3404
9800   3404
9810   3404
9820   3404
9830   3404
9840   3404
9850   3404
9860   3404
9870   3404
9880   3404
9890   3404
9900   3404
9910   3404
9920   3404
9930   3404
9940   3404
9950   3404
9960   3404
9970   3404
9980   3404
9990   3404
10000   3404
10010   3404
10020   3404
10030   3404
10040   3404
10050   3404
10060   3404
10070   3404
10080   3404
10090   3404
10100   3404
10110   3404
10120   3404
10130   3404
10140   3404
10150   3404
10160   3404
10170   3404
10180   3404
10190   3404
10200   3404
10210   3404
10220   3404
10230   3404
10240   3404
10250   3404
10260   3404
10270   3404
10280   3404
10290   3404
10300   3404
10310   3404
10320   3404
10330   3404
10340   3404
10350   3404
10360   3404
10370   3404
10380   3404
10390   3404
10400   3404
10410   3404
10420   3404
10430   3404
10440   3404
10450   3404
10460   3404
10470   3404
10480   3404
10490   3404
10500   3404
10510   3404
10520   3404
10530   3404
10540   3404
10550   3404
10560   3404
10570   3404
10580   3404
10590   3404
10600   3404
10610   3404
10620   3404
10630   3404
10640   3404
10650   3404
10660   3404
10670   3404
10680   3404
10690   3404
10700   3404
10710   3404
10720   3404
10730   3404
10740   3404
10750   3404
10760   3404
10770   3404
10780   3404
10790   3404
10800   3404
10810   3404
10820   3404
10830   3404
10840   3404
10850   3404
10860   3404
10870   3404
10880   3404
10890   3404
10900   3404
10910   3404
10920   3404
10930   3404
10940   3404
10950   3404
10960   3404
10970   3404
10980   3404
10990   3404
11000   3404
11010   3404
11020   3404
11030   3404
11040   3404
11050   3404
11060   3404
11070   3404
11080   3404
11090   3404
11100   3404
11110   3404
11120   3404
11130   3404
11140   3404
11150   3404
11160   3404
11170   3404
11180   3404
11190   3404
11200   3404
11210   3404
11220   3404
11230   3404
11240   3404
11250   3404
11260   3404
11270   3404
11280   3404
11290   3404
11300   3404
11310   3404
11320   3404
11330   3404
11340   3404
11350   3404
11360   3404
11370   3404
11380   3404
11390   3404
11400   3404
11410   3404
11420   3404
11430   3404
11440   3404
11450   3404
11460   3404
11470   3404
11480   3404
11490   3404
11500   3404
11510   3404
11520   3404
11530   3404
11540   3404
11550   3404
11560   3404
11570   3404
11580   3404
11590   3404
11600   3404
11610   3404
11620   3404
11630   3404
11640   3404
11650   3404
11660   3404
11670   3404
11680   3404
11690   3404
11700   3404
11710   3404
11720   3404
11730   3404
11740   3404
11750   3404
11760   3404
11770   3404
11780   3404
11790   3404
11800   3404
11810   3404
11820   3404
11830   3404
11840   3404
11850   3404
11860   3404
11870   3404
11880   3404
11890   3404
11900   3404
11910   3404
11920   3404
11930   3404
11940   3404
11950   3404
11960   3404
11970   3404
11980   3404
11990   3404
12000   3404
12010   3404
12020   3404
12030   3404
12040   3404
12050   3404
12060   3404
12070   3404
12080   3404
12090   3404
12100   3404
12110   3404
12120   3404
12130   3404
12140   3404
12150   3404
12160   3404
12170   3404
12180   3404
12190   3404
12200   3404
12210   3404
12220   3404
12230   3404
12240   3404
12250   3404
12260   3404
12270   3404
12280   3404
12290   3404
12300   3404
12310   3404
12320   3404
12330   3404
12340   3404
12350   3404
12360   3404
12370   3404
12380   3404
12390   3404
12400   3404
12410   3404
12420   3404
12430   3404
12440   3404
12450   3404
