10   9098
20   9050
30   8881
40   8881
50   8877
60   8855
70   8855
80   8698
90   8698
100   8624
110   8624
120   8624
130   8624
140   8624
150   8624
160   8624
170   8624
180   8624
190   8624
200   8624
210   8624
220   8624
230   8624
240   8624
250   8624
260   8624
270   8515
280   8515
290   8515
300   8515
310   8515
320   8515
330   8515
340   8515
350   8515
360   8515
370   8417
380   8417
390   8417
400   8417
410   8417
420   8417
430   8417
440   8417
450   8417
460   8417
470   8417
480   8417
490   8417
500   8417
510   8417
520   8417
530   8417
540   8417
550   8417
560   8417
570   8417
580   8417
590   8417
600   8417
610   8417
620   8417
630   8417
640   8417
650   8417
660   8417
670   8417
680   8417
690   8417
700   8417
710   8417
720   8417
730   8417
740   8417
750   8417
760   8417
770   8417
780   8417
790   8417
800   8417
810   8417
820   8417
830   8417
840   8417
850   8417
860   8417
870   8417
880   8417
890   8417
900   8417
910   8417
920   8417
930   8417
940   8417
950   8417
960   8417
970   8417
980   8417
990   8417
1000   8417
1010   8417
1020   8417
1030   8417
1040   8417
1050   8417
1060   8417
1070   8417
1080   8417
1090   8417
1100   8417
1110   8417
1120   8417
1130   8417
1140   8417
1150   8417
1160   8417
1170   8417
1180   8417
1190   8417
1200   8417
1210   8417
1220   8417
1230   8417
1240   8417
1250   8417
1260   8417
1270   8417
1280   8417
1290   8417
1300   8417
1310   8417
1320   8417
1330   8417
1340   8417
1350   8417
1360   8417
1370   8417
1380   8417
1390   8417
1400   8417
1410   8417
1420   8417
1430   8417
1440   8417
1450   8417
1460   8417
1470   8417
1480   8417
1490   8417
1500   8417
1510   8417
1520   8417
1530   8417
1540   8417
1550   8417
1560   8417
1570   8417
1580   8417
1590   8417
1600   8417
1610   8417
1620   8417
1630   8417
1640   8417
1650   8417
1660   8417
1670   8417
1680   8417
1690   8417
1700   8417
1710   8417
1720   8417
1730   8417
1740   8417
1750   8417
1760   8417
1770   8417
1780   8417
1790   8417
1800   8417
1810   8417
1820   8417
1830   8417
1840   8417
1850   8417
1860   8417
1870   8417
1880   8417
1890   8417
1900   8417
1910   8417
1920   8417
1930   8417
1940   8417
1950   8417
1960   8417
1970   8417
1980   8417
1990   8417
2000   8417
2010   8417
2020   8417
2030   8417
2040   8417
2050   8417
2060   8417
2070   8417
2080   8417
2090   8417
2100   8417
2110   8417
2120   8417
2130   8417
2140   8417
2150   8417
2160   8417
2170   8417
2180   8417
2190   8417
2200   8417
2210   8417
2220   8417
2230   8417
2240   8417
2250   8417
2260   8417
2270   8417
2280   8417
2290   8417
2300   8417
2310   8417
2320   8311
2330   8311
2340   8311
2350   8311
2360   8311
2370   8311
2380   8311
2390   8311
2400   8311
2410   8311
2420   8311
2430   8311
2440   8311
2450   8311
2460   8311
2470   8311
2480   8311
2490   8311
2500   8311
2510   8311
2520   8311
2530   8311
2540   8311
2550   8311
2560   8311
2570   8311
2580   8311
2590   8311
2600   8311
2610   8311
2620   8311
2630   8311
2640   8311
2650   8311
2660   8311
2670   8311
2680   8311
2690   8311
2700   8311
2710   8311
2720   8311
2730   8311
2740   8311
2750   8311
2760   8311
2770   8311
2780   8311
2790   8311
2800   8311
2810   8311
2820   8311
2830   8311
2840   8311
2850   8311
2860   8311
2870   8311
2880   8311
2890   8311
2900   8311
2910   8311
2920   8311
2930   8311
2940   8311
2950   8311
2960   8311
2970   8311
2980   8311
2990   8311
3000   8311
3010   8311
3020   8311
3030   8311
3040   8311
3050   8311
3060   8311
3070   8311
3080   8311
3090   8311
3100   8311
3110   8311
3120   8311
3130   8311
3140   8311
3150   8311
3160   8311
3170   8311
3180   8311
3190   8311
3200   8311
3210   8311
3220   8311
3230   8311
3240   8311
3250   8311
3260   8311
3270   8311
3280   8311
3290   8311
3300   8311
3310   8311
3320   8311
3330   8311
3340   8311
3350   8311
3360   8311
3370   8311
3380   8311
3390   8311
3400   8311
3410   8311
3420   8311
3430   8311
3440   8311
3450   8311
3460   8311
3470   8311
3480   8311
3490   8311
3500   8311
3510   8311
3520   8311
3530   8311
3540   8311
3550   8311
3560   8311
3570   8311
3580   8311
3590   8311
3600   8311
3610   8311
3620   8311
3630   8311
3640   8311
3650   8311
3660   8311
3670   8311
3680   8311
3690   8311
3700   8311
3710   8311
3720   8311
3730   8311
3740   8311
3750   8311
3760   8311
3770   8311
3780   8311
3790   8311
3800   8311
3810   8311
3820   8311
3830   8311
3840   8311
3850   8311
3860   8311
3870   8311
3880   8311
3890   8311
3900   8311
3910   8311
3920   8311
3930   8311
3940   8311
3950   8311
3960   8311
3970   8311
3980   8311
3990   8311
4000   8311
4010   8311
4020   8311
4030   8311
4040   8311
4050   8311
4060   8311
4070   8311
4080   8311
4090   8311
4100   8311
4110   8311
4120   8311
4130   8311
4140   8311
4150   8311
4160   8311
4170   8311
4180   8311
4190   8311
4200   8311
4210   8311
4220   8311
4230   8311
4240   8311
4250   8311
4260   8311
4270   8311
4280   8311
4290   8311
4300   8311
4310   8311
4320   8311
4330   8311
4340   8311
4350   8311
4360   8311
4370   8311
4380   8311
4390   8311
4400   8311
4410   8311
4420   8311
4430   8311
4440   8311
4450   8311
4460   8311
4470   8311
4480   8311
4490   8311
4500   8311
4510   8311
4520   8311
4530   8311
4540   8311
4550   8311
4560   8311
4570   8311
4580   8311
4590   8311
4600   8311
4610   8311
4620   8311
4630   8311
4640   8311
4650   8311
4660   8311
4670   8311
4680   8311
4690   8311
4700   8311
4710   8311
4720   8311
4730   8311
4740   8311
4750   8311
4760   8311
4770   8311
4780   8311
4790   8311
4800   8311
4810   8311
4820   8311
4830   8311
4840   8311
4850   8311
4860   8311
4870   8311
4880   8311
4890   8311
4900   8311
4910   8311
4920   8311
4930   8311
4940   8311
4950   8311
4960   8311
4970   8311
4980   8311
4990   8311
5000   8311
5010   8311
5020   8311
5030   8204
5040   8204
5050   8204
5060   8204
5070   8204
5080   8204
5090   8204
5100   8204
5110   8204
5120   8204
5130   8204
5140   8204
5150   8204
5160   8204
5170   8204
5180   8204
5190   8204
5200   8204
5210   8204
5220   8204
5230   8204
5240   8204
5250   8204
5260   8204
5270   8204
5280   8204
5290   8204
5300   8204
5310   8204
5320   8204
5330   8204
5340   8204
5350   8204
5360   8204
5370   8204
5380   8204
5390   8204
5400   8204
5410   8204
5420   8204
5430   8204
5440   8204
5450   8204
5460   8204
5470   8204
5480   8204
5490   8204
5500   8204
5510   8204
5520   8204
5530   8204
5540   8204
5550   8204
5560   8204
5570   8204
5580   8204
5590   8204
5600   8204
5610   8204
5620   8204
5630   8204
5640   8204
5650   8204
5660   8204
5670   8204
5680   8204
5690   8204
5700   8204
5710   8204
5720   8204
5730   8204
5740   8204
5750   8204
5760   8204
5770   8204
5780   8204
5790   8204
5800   8204
5810   8204
5820   8204
5830   8204
5840   8204
5850   8204
5860   8204
5870   8204
5880   8204
5890   8204
5900   8204
5910   8204
5920   8204
5930   8204
5940   8204
5950   8204
5960   8204
5970   8204
5980   8204
5990   8204
6000   8204
6010   8204
6020   8204
6030   8204
6040   8204
6050   8204
6060   8204
6070   8204
6080   8204
6090   8204
6100   8204
6110   8204
6120   8204
6130   8204
6140   8204
6150   8204
6160   8204
6170   8204
6180   8204
6190   8204
6200   8204
6210   8204
6220   8204
6230   8204
6240   8204
6250   8204
6260   8204
6270   8204
6280   8204
6290   8204
6300   8204
6310   8204
6320   8204
6330   8204
6340   8204
6350   8204
6360   8204
6370   8204
6380   8204
6390   8204
6400   8204
6410   8204
6420   8204
6430   8204
6440   8204
6450   8204
6460   8204
6470   8204
6480   8204
6490   8204
6500   8204
6510   8204
6520   8204
6530   8204
6540   8204
6550   8204
6560   8204
6570   8204
6580   8204
6590   8204
6600   8204
6610   8204
6620   8204
6630   8204
6640   8204
6650   8204
6660   8204
6670   8204
6680   8204
6690   8204
6700   8204
6710   8204
6720   8204
6730   8204
6740   8204
6750   8204
6760   8204
6770   8204
6780   8204
6790   8204
6800   8204
6810   8204
6820   8204
6830   8204
6840   8204
6850   8204
6860   8204
6870   8204
6880   8204
6890   8204
6900   8204
6910   8204
6920   8204
6930   8204
6940   8204
6950   8204
6960   8204
6970   8204
6980   8204
6990   8204
7000   8204
7010   8204
7020   8204
7030   8204
7040   8204
7050   8204
7060   8204
7070   8204
7080   8204
7090   8204
7100   8204
7110   8204
7120   8204
7130   8204
7140   8204
7150   8204
7160   8204
7170   8204
7180   8204
7190   8204
7200   8204
7210   8204
7220   8204
7230   8204
7240   8204
7250   8204
7260   8204
7270   8204
7280   8204
7290   8204
7300   8204
7310   8204
7320   8204
7330   8204
7340   8204
7350   8204
7360   8204
7370   8204
7380   8204
7390   8204
7400   8204
7410   8204
7420   8204
7430   8204
7440   8204
7450   8204
7460   8204
7470   8204
7480   8204
7490   8204
7500   8204
7510   8204
7520   8204
7530   8204
7540   8204
7550   8204
7560   8204
7570   8204
7580   8204
7590   8204
7600   8204
7610   8204
7620   8204
7630   8204
7640   8204
7650   8204
7660   8204
7670   8204
7680   8204
7690   8204
7700   8204
7710   8204
7720   8204
7730   8204
7740   8204
7750   8204
7760   8204
7770   8204
7780   8204
7790   8204
7800   8204
7810   8204
7820   8204
7830   8204
7840   8204
7850   8204
7860   8204
7870   8204
7880   8204
7890   8204
7900   8204
7910   8204
7920   8204
7930   8204
7940   8204
7950   8204
7960   8204
7970   8204
7980   8204
7990   8204
8000   8204
8010   8204
8020   8204
8030   8204
8040   8204
8050   8204
8060   8204
8070   8204
8080   8204
8090   8204
8100   8204
8110   8204
8120   8204
8130   8204
8140   8204
8150   8204
8160   8204
8170   8204
8180   8204
8190   8204
8200   8204
8210   8204
8220   8204
8230   8204
8240   8204
8250   8204
8260   8204
8270   8204
8280   8204
8290   8204
8300   8204
8310   8204
8320   8204
8330   8204
8340   8204
8350   8204
8360   8204
8370   8204
8380   8204
8390   8204
8400   8204
8410   8204
8420   8204
8430   8204
8440   8204
8450   8204
8460   8204
8470   8204
8480   8204
8490   8204
8500   8204
8510   8204
8520   8204
8530   8204
8540   8204
8550   8204
8560   8204
8570   8204
8580   8204
8590   8204
8600   8204
8610   8204
8620   8204
8630   8204
8640   8204
8650   8204
8660   8204
8670   8204
8680   8204
8690   8204
8700   8204
8710   8204
8720   8204
8730   8204
8740   8204
8750   8204
8760   8204
8770   8204
8780   8204
8790   8204
8800   8204
8810   8204
8820   8204
8830   8204
8840   8204
8850   8204
8860   8204
8870   8204
8880   8204
8890   8204
8900   8204
8910   8204
8920   8204
8930   8204
8940   8204
8950   8204
8960   8204
8970   8204
8980   8204
8990   8204
9000   8204
9010   8204
9020   8204
9030   8204
9040   8204
9050   8204
9060   8204
9070   8204
9080   8204
9090   8204
9100   8204
9110   8204
9120   8204
9130   8204
9140   8204
9150   8204
9160   8204
9170   8204
9180   8204
9190   8204
9200   8204
9210   8204
9220   8204
9230   8204
9240   8204
9250   8204
9260   8204
9270   8204
9280   8204
9290   8204
9300   8204
9310   8204
9320   8204
9330   8204
9340   8204
9350   8204
9360   8204
9370   8204
9380   8204
9390   8204
9400   8204
9410   8204
9420   8204
9430   8204
9440   8204
9450   8204
9460   8204
9470   8204
9480   8204
9490   8204
9500   8204
9510   8204
9520   8204
9530   8204
9540   8204
9550   8204
9560   8204
9570   8204
9580   8204
9590   8204
9600   8204
9610   8204
9620   8204
9630   8204
9640   8204
9650   8204
9660   8204
9670   8204
9680   8204
9690   8204
9700   8204
9710   8204
9720   8204
9730   8204
9740   8204
9750   8204
9760   8204
9770   8204
9780   8204
9790   8204
9800   8204
9810   8204
9820   8204
9830   8204
9840   8204
9850   8204
9860   8204
9870   8204
9880   8204
9890   8204
9900   8204
9910   8204
9920   8204
9930   8204
9940   8204
9950   8204
9960   8204
9970   8204
9980   8204
9990   8204
10000   8204
10010   8204
10020   8204
10030   8204
10040   8204
10050   8204
10060   8204
10070   8204
10080   8204
10090   8204
10100   8204
10110   8204
10120   8204
10130   8204
10140   8204
10150   8204
10160   8204
10170   8204
10180   8204
10190   8204
10200   8204
10210   8204
10220   8204
10230   8204
10240   8204
10250   8204
10260   8204
10270   8204
10280   8204
10290   8204
10300   8204
10310   8204
10320   8204
10330   8204
10340   8204
10350   8204
10360   8204
10370   8204
10380   8204
10390   8204
10400   8204
10410   8204
10420   8204
10430   8204
10440   8204
10450   8204
10460   8204
10470   8204
10480   8204
10490   8204
10500   8204
10510   8204
10520   8204
10530   8204
10540   8204
10550   8204
10560   8204
10570   8204
10580   8204
10590   8204
10600   8204
10610   8204
10620   8204
10630   8204
10640   8204
10650   8204
10660   8204
10670   8204
10680   8204
10690   8204
10700   8204
10710   8204
10720   8204
10730   8204
10740   8204
10750   8204
10760   8204
10770   8204
10780   8204
10790   8204
10800   8204
10810   8204
10820   8204
10830   8204
10840   8204
10850   8204
10860   8204
10870   8204
10880   8204
10890   8204
10900   8204
10910   8204
10920   8204
10930   8204
10940   8204
10950   8204
10960   8204
10970   8204
10980   8204
10990   8204
11000   8204
11010   8204
11020   8204
11030   8204
11040   8204
11050   8204
11060   8204
11070   8204
11080   8204
11090   8204
11100   8204
11110   8204
11120   8204
11130   8204
11140   8204
11150   8204
11160   8204
11170   8204
11180   8204
11190   8204
11200   8204
11210   8204
11220   8204
11230   8204
11240   8204
11250   8204
11260   8204
11270   8204
11280   8204
11290   8204
11300   8204
11310   8204
11320   8204
11330   8204
11340   8204
11350   8204
11360   8204
11370   8204
11380   8204
11390   8204
11400   8204
11410   8204
11420   8204
11430   8204
11440   8204
11450   8204
11460   8204
11470   8204
11480   8204
11490   8204
11500   8204
11510   8204
11520   8204
11530   8204
11540   8204
11550   8204
11560   8204
11570   8204
11580   8204
11590   8204
11600   8204
11610   8204
11620   8204
11630   8204
11640   8204
11650   8204
11660   8204
11670   8204
11680   8204
11690   8204
11700   8204
11710   8204
11720   8204
11730   8204
11740   8204
11750   8204
11760   8204
11770   8204
11780   8204
11790   8204
11800   8204
11810   8204
11820   8204
11830   8204
11840   8204
11850   8204
11860   8204
11870   8204
11880   8204
11890   8204
11900   8204
11910   8204
11920   8204
11930   8204
11940   8204
11950   8204
11960   8204
11970   8204
11980   8204
11990   8204
12000   8204
12010   8204
12020   8204
12030   8204
12040   8204
12050   8204
12060   8204
12070   8204
12080   8204
12090   8204
12100   8204
12110   8204
12120   8204
12130   8204
12140   8204
12150   8204
12160   8204
12170   8204
12180   8204
12190   8204
12200   8204
12210   8204
12220   8204
12230   8204
12240   8204
12250   8204
12260   8204
12270   8204
12280   8204
12290   8204
12300   8204
12310   8204
12320   8204
12330   8204
12340   8204
12350   8204
12360   8204
12370   8204
12380   8204
12390   8204
12400   8204
12410   8204
12420   8204
12430   8204
12440   8204
12450   8204
12460   8204
12470   8204
12480   8204
12490   8204
12500   8204
12510   8204
12520   8204
12530   8204
12540   8204
12550   8204
12560   8204
12570   8204
12580   8204
12590   8204
12600   8204
12610   8204
12620   8204
12630   8204
12640   8204
12650   8204
12660   8204
12670   8204
12680   8204
12690   8204
12700   8204
12710   8204
12720   8204
12730   8204
12740   8204
12750   8204
12760   8204
12770   8204
12780   8204
12790   8204
12800   8204
12810   8204
12820   8204
12830   8204
12840   8204
12850   8204
12860   8204
12870   8204
12880   8204
12890   8204
12900   8204
12910   8204
12920   8204
12930   8204
12940   8204
12950   8204
12960   8204
12970   8204
12980   8204
12990   8204
13000   8204
13010   8204
13020   8204
13030   8204
13040   8204
13050   8204
13060   8204
13070   8204
13080   8204
13090   8204
13100   8204
13110   8204
13120   8204
13130   8204
13140   8204
13150   8204
13160   8204
13170   8204
13180   8204
13190   8204
13200   8204
13210   8204
13220   8204
13230   8204
13240   8204
13250   8204
13260   8204
13270   8204
13280   8204
13290   8204
13300   8204
13310   8204
13320   8204
13330   8204
13340   8204
13350   8204
13360   8204
13370   8204
13380   8204
13390   8204
13400   8204
13410   8204
13420   8204
13430   8204
13440   8204
13450   8204
13460   8204
13470   8204
13480   8204
13490   8204
13500   8204
13510   8204
13520   8204
13530   8204
13540   8204
13550   8204
13560   8204
13570   8204
13580   8204
13590   8204
13600   8204
13610   8204
13620   8204
13630   8204
13640   8204
13650   8204
13660   8204
13670   8204
13680   8204
13690   8204
13700   8204
13710   8204
13720   8204
13730   8204
13740   8204
13750   8204
13760   8204
13770   8204
13780   8204
13790   8204
13800   8204
13810   8204
13820   8204
13830   8204
13840   8204
13850   8204
13860   8204
13870   8204
13880   8204
13890   8204
13900   8204
13910   8204
13920   8204
13930   8204
13940   8204
13950   8204
13960   8204
13970   8204
13980   8204
13990   8204
14000   8204
14010   8204
14020   8204
14030   8204
14040   8204
14050   8204
14060   8204
14070   8204
14080   8204
14090   8204
14100   8204
14110   8204
14120   8204
14130   8204
14140   8204
14150   8204
14160   8204
14170   8204
14180   8204
14190   8204
14200   8204
14210   8204
14220   8204
14230   8204
14240   8204
14250   8204
14260   8204
14270   8204
14280   8204
14290   8204
14300   8204
14310   8204
14320   8204
14330   8204
14340   8204
14350   8204
14360   8204
14370   8204
14380   8204
14390   8204
14400   8204
14410   8204
14420   8204
14430   8204
14440   8204
14450   8204
14460   8204
14470   8204
