10   10112
20   9152
30   8848
40   8848
50   8848
60   8848
70   8848
80   8848
90   8848
100   8848
110   8848
120   8848
130   8848
140   8848
150   8848
160   8848
170   8848
180   8848
190   8656
200   8656
210   8656
220   8656
230   8656
240   8656
250   8520
260   8520
270   8520
280   8520
290   8520
300   8520
310   8520
320   8520
330   8520
340   8520
350   8520
360   8520
370   8520
380   8520
390   8520
400   8520
410   8520
420   8520
430   8520
440   8520
450   8240
460   8240
470   8240
480   8240
490   8240
500   8240
510   8240
520   8240
530   8240
540   8240
550   8240
560   8240
570   8240
580   8240
590   8240
600   8240
610   8240
620   8240
630   8240
640   8240
650   8240
660   8240
670   8240
680   8240
690   8240
700   8240
710   8240
720   8240
730   8240
740   8240
750   8240
760   8240
770   8120
780   8120
790   8120
800   8120
810   8120
820   8120
830   8120
840   8120
850   8120
860   8120
870   8120
880   8120
890   8120
900   8120
910   8120
920   8120
930   8120
940   8000
950   8000
960   8000
970   8000
980   8000
990   8000
1000   8000
1010   8000
1020   8000
1030   8000
1040   8000
1050   8000
1060   8000
1070   8000
1080   8000
1090   8000
1100   8000
1110   8000
1120   8000
1130   8000
1140   8000
1150   8000
1160   7312
1170   7312
1180   7312
1190   7312
1200   7312
1210   7312
1220   7312
1230   7312
1240   7312
1250   7312
1260   7312
1270   7312
1280   7312
1290   7312
1300   7312
1310   7312
1320   7312
1330   7312
1340   7312
1350   7312
1360   7312
1370   7312
1380   7312
1390   7312
1400   7312
1410   7312
1420   7312
1430   7312
1440   7312
1450   7312
1460   7312
1470   7312
1480   7312
1490   7312
1500   7312
1510   7312
1520   7312
1530   7312
1540   7312
1550   7312
1560   7312
1570   7312
1580   7312
1590   7312
1600   7312
1610   7312
1620   7312
1630   7312
1640   7312
1650   7312
1660   7312
1670   7312
1680   7312
1690   7312
1700   7312
1710   7312
1720   7312
1730   7312
1740   7312
1750   7312
1760   7312
1770   7312
1780   7312
1790   7312
1800   7312
1810   7312
1820   7312
1830   7312
1840   7312
1850   7312
1860   7312
1870   7312
1880   7312
1890   7312
1900   7312
1910   7312
1920   7312
1930   7312
1940   7312
1950   7312
1960   7312
1970   7312
1980   7312
1990   7312
2000   7312
2010   7312
2020   7312
2030   7312
2040   7312
2050   7312
2060   7312
2070   7312
2080   7312
2090   7312
2100   7312
2110   7312
2120   7312
2130   7312
2140   7312
2150   7312
2160   7312
2170   7312
2180   7312
2190   7312
2200   7312
2210   7312
2220   7312
2230   7312
2240   7312
2250   7312
2260   7312
2270   7312
2280   7312
2290   7312
2300   7312
2310   7312
2320   7312
2330   7312
2340   7312
2350   7312
2360   7312
2370   7312
2380   7312
2390   7312
2400   7312
2410   7312
2420   7312
2430   7312
2440   7312
2450   7312
2460   7312
2470   7312
2480   7312
2490   7312
2500   7312
2510   7312
2520   7312
2530   7312
2540   7312
2550   7312
2560   7312
2570   7312
2580   7312
2590   7312
2600   7312
2610   7312
2620   7312
2630   7312
2640   7312
2650   7312
2660   7312
2670   7312
2680   7312
2690   7312
2700   7312
2710   7312
2720   7312
2730   7312
2740   7312
2750   7312
2760   7312
2770   7312
2780   7312
2790   7312
2800   7312
2810   7312
2820   7312
2830   7312
2840   7312
2850   7312
2860   7312
2870   7312
2880   7312
2890   7312
2900   7312
2910   7312
2920   7312
2930   7312
2940   7312
2950   7312
2960   7312
2970   7312
2980   7312
2990   7312
3000   7312
3010   7312
3020   7312
3030   7312
3040   7312
3050   7312
3060   7312
3070   7312
3080   7312
3090   7312
3100   7312
3110   7312
3120   7312
3130   7312
3140   7312
3150   7312
3160   7312
3170   7312
3180   7312
3190   7312
3200   7312
3210   7312
3220   7312
3230   7312
3240   7312
3250   7312
3260   7312
3270   7312
3280   7312
3290   7312
3300   7312
3310   7312
3320   7312
3330   7312
3340   7312
3350   7312
3360   7312
3370   7312
3380   7312
3390   7312
3400   7312
3410   7312
3420   7312
3430   7312
3440   7312
3450   7312
3460   7312
3470   7312
3480   7312
3490   7312
3500   7312
3510   7312
3520   7312
3530   7312
3540   7312
3550   7312
3560   7312
3570   7312
3580   7312
3590   7312
3600   7312
3610   7312
3620   7312
3630   7312
3640   7312
3650   7312
3660   7312
3670   7312
3680   7312
3690   7312
3700   7312
3710   7312
3720   7312
3730   7312
3740   7312
3750   7312
3760   7312
3770   7312
3780   7312
3790   7312
3800   7312
3810   7312
3820   7312
3830   7312
3840   7312
3850   7312
3860   7312
3870   7312
3880   7312
3890   7312
3900   7312
3910   7312
3920   7312
3930   7312
3940   7312
3950   7312
3960   7312
3970   7312
3980   7312
3990   7312
4000   7312
4010   7312
4020   7312
4030   7312
4040   7312
4050   7312
4060   7312
4070   7312
4080   7312
4090   7312
4100   7312
4110   7312
4120   7312
4130   7312
4140   7312
4150   7312
4160   7312
4170   7312
4180   7312
4190   7312
4200   7312
4210   7312
4220   7312
4230   7312
4240   7312
4250   7312
4260   7312
4270   7312
4280   7312
4290   7312
4300   7312
4310   7312
4320   7312
4330   7312
4340   7312
4350   7312
4360   7312
4370   7312
4380   7312
4390   7312
4400   7312
4410   7312
4420   7312
4430   7312
4440   7312
4450   7312
4460   7312
4470   7312
4480   7312
4490   7312
4500   7312
4510   7312
4520   7312
4530   7312
4540   7312
4550   7312
4560   7312
4570   7312
4580   7312
4590   7312
4600   7312
4610   7312
4620   7312
4630   7312
4640   7312
4650   7312
4660   7312
4670   7312
4680   7312
4690   7312
4700   7312
4710   7312
4720   7312
4730   7312
4740   7312
4750   7312
4760   7312
4770   7312
4780   7312
4790   7312
4800   7312
4810   7312
4820   7312
4830   7312
4840   7312
4850   7312
4860   7312
4870   7312
4880   7312
4890   7312
4900   7312
4910   7312
4920   7312
4930   7312
4940   7312
4950   7312
4960   7312
4970   7312
4980   7312
4990   7312
5000   7312
5010   7312
5020   7312
5030   7312
5040   7312
5050   7312
5060   7312
5070   7312
5080   7312
5090   7312
5100   7312
5110   7312
5120   7312
5130   7312
5140   7312
5150   7312
5160   7312
5170   7312
5180   7312
5190   7312
5200   7312
5210   7312
5220   7312
5230   7312
5240   7312
5250   7312
5260   7312
5270   7312
5280   7312
5290   7312
5300   7312
5310   7312
5320   7312
5330   7312
5340   7312
5350   7312
5360   7312
5370   7312
5380   7312
5390   7312
5400   7312
5410   7312
5420   7312
5430   7312
5440   7312
5450   7312
5460   7312
5470   7312
5480   7312
5490   7312
5500   7312
5510   7312
5520   7312
5530   7312
5540   7312
5550   7312
5560   7312
5570   7312
5580   7312
5590   7312
5600   7312
5610   7312
5620   7312
5630   7312
5640   7312
5650   7312
5660   7312
5670   7312
5680   7312
5690   7312
5700   7312
5710   7312
5720   7312
5730   7312
5740   7312
5750   7312
5760   7312
5770   7312
5780   7312
5790   7312
5800   7312
5810   7312
5820   7312
5830   7312
5840   7312
5850   7312
5860   7312
5870   7312
5880   7312
5890   7312
5900   7312
5910   7312
5920   7312
5930   7312
5940   7312
5950   7312
5960   7312
5970   7312
5980   7312
5990   7312
6000   7312
6010   7312
6020   7312
6030   7312
6040   7312
6050   7312
6060   7312
6070   7312
6080   7312
6090   7312
6100   7312
6110   7312
6120   7312
6130   7312
6140   7312
6150   7312
6160   7312
6170   7312
6180   7312
6190   7312
6200   7312
6210   7312
6220   7312
6230   7312
6240   7312
6250   7312
6260   7312
6270   7312
6280   7312
6290   7312
6300   7312
6310   7312
6320   7312
6330   7312
6340   7312
6350   7312
6360   7312
6370   7312
6380   7312
6390   7312
6400   7312
6410   7312
6420   7312
6430   7312
6440   7312
6450   7312
6460   7312
6470   7312
6480   7312
6490   7312
6500   7312
6510   7312
6520   7312
6530   7312
6540   7312
6550   7312
6560   7312
6570   7312
6580   7312
6590   7312
6600   7312
6610   7312
6620   7312
6630   7312
6640   7312
6650   7312
6660   7312
6670   7312
6680   7312
6690   7312
6700   7312
6710   7312
6720   7312
6730   7312
6740   7312
6750   7312
6760   7312
6770   7312
6780   7312
6790   7312
6800   7312
6810   7312
6820   7312
6830   7312
6840   7312
6850   7312
6860   7312
6870   7312
6880   7312
6890   7312
6900   7312
6910   7312
6920   7312
6930   7312
6940   7312
6950   7312
6960   7312
6970   7312
6980   7312
6990   7312
7000   7312
7010   7312
7020   7312
7030   7312
7040   7312
7050   7312
7060   7312
7070   7312
7080   7312
7090   7312
7100   7312
7110   7312
7120   7312
7130   7312
7140   7312
7150   7312
7160   7312
7170   7312
7180   7312
7190   7312
7200   7312
7210   7312
7220   7312
7230   7312
7240   7312
7250   7312
7260   7312
7270   7312
7280   7312
7290   7312
7300   7312
7310   7312
7320   7312
7330   7312
7340   7312
7350   7312
7360   7312
7370   7312
7380   7312
7390   7312
7400   7312
7410   7312
7420   7312
7430   7312
7440   7312
7450   7312
7460   7312
7470   7312
7480   7312
7490   7312
7500   7312
7510   7312
7520   7312
7530   7312
7540   7312
7550   7312
7560   7312
7570   7312
7580   7312
7590   7312
7600   7312
7610   7312
7620   7312
7630   7312
7640   7312
7650   7312
7660   7312
7670   7312
7680   7312
7690   7312
7700   7312
7710   7312
7720   7312
7730   7312
7740   7312
7750   7312
7760   7312
7770   7312
7780   7312
7790   7312
7800   7312
7810   7312
7820   7312
7830   7312
7840   7312
7850   7312
7860   7312
7870   7312
7880   7312
7890   7312
7900   7312
7910   7312
7920   7312
7930   7312
7940   7312
7950   7312
7960   7312
7970   7312
7980   7312
7990   7312
8000   7312
8010   7312
8020   7312
8030   7312
8040   7312
8050   7312
8060   7312
8070   7312
8080   7312
8090   7312
8100   7312
8110   7312
8120   7312
8130   7312
8140   7312
8150   7312
8160   7312
8170   7312
8180   7312
8190   7312
8200   7312
8210   7312
8220   7312
8230   7312
8240   7312
8250   7312
8260   7312
8270   7312
8280   7312
8290   7312
8300   7312
8310   7312
8320   7312
8330   7312
8340   7312
8350   7312
8360   7312
8370   7312
8380   7312
8390   7312
8400   7312
8410   7312
8420   7312
8430   7312
8440   7312
8450   7312
8460   7312
8470   7312
8480   7312
8490   7312
8500   7312
8510   7312
8520   7312
8530   7312
8540   7312
8550   7312
8560   7312
8570   7312
8580   7312
8590   7312
8600   7312
8610   7312
8620   7312
8630   7312
8640   7312
8650   7312
8660   7312
8670   7312
8680   7312
8690   7312
8700   7312
8710   7312
8720   7312
8730   7312
8740   7312
8750   7312
8760   7312
8770   7312
8780   7312
8790   7312
8800   7312
8810   7312
8820   7312
8830   7312
8840   7312
8850   7312
8860   7312
8870   7312
8880   7312
8890   7312
8900   7312
8910   7312
8920   7312
8930   7312
8940   7312
8950   7312
8960   7312
8970   7312
8980   7312
8990   7312
9000   7312
9010   7312
9020   7312
9030   7312
9040   7312
9050   7312
9060   7312
9070   7312
9080   7312
9090   7312
9100   7312
9110   7312
9120   7312
9130   7312
9140   7312
9150   7312
9160   7312
9170   7312
9180   7312
9190   7312
9200   7312
9210   7312
9220   7312
9230   7312
9240   7312
9250   7312
9260   7312
9270   7312
9280   7312
9290   7312
9300   7312
9310   7312
9320   7312
9330   7312
9340   7312
9350   7312
9360   7312
9370   7312
9380   7312
9390   7312
9400   7312
9410   7312
9420   7312
9430   7312
9440   7312
9450   7312
9460   7312
9470   7312
9480   7312
9490   7312
9500   7312
9510   7312
9520   7312
9530   7312
9540   7312
9550   7312
9560   7312
9570   7312
9580   7312
9590   7312
9600   7312
9610   7312
9620   7312
9630   7312
9640   7312
9650   7312
9660   7312
9670   7312
9680   7312
9690   7312
9700   7312
9710   7312
9720   7312
9730   7312
9740   7312
9750   7312
9760   7312
9770   7312
9780   7312
9790   7312
9800   7312
9810   7312
9820   7312
9830   7312
9840   7312
9850   7312
9860   7312
9870   7312
9880   7312
9890   7312
9900   7312
9910   7312
9920   7312
9930   7312
9940   7312
9950   7312
9960   7312
9970   7312
9980   7312
9990   7312
10000   7312
10010   7312
10020   7312
10030   7312
10040   7312
10050   7312
10060   7312
10070   7312
10080   7312
10090   7312
10100   7312
10110   7312
10120   7312
10130   7312
10140   7312
10150   7312
10160   7312
10170   7312
10180   7312
10190   7312
10200   7312
10210   7312
10220   7312
10230   7312
10240   7312
10250   7312
10260   7312
10270   7312
10280   7312
10290   7312
10300   7312
10310   7312
10320   7312
10330   7312
10340   7312
10350   7312
10360   7312
10370   7312
10380   7312
10390   7312
10400   7312
10410   7312
10420   7312
10430   7312
10440   7312
10450   7312
10460   7312
10470   7312
10480   7312
10490   7312
10500   7312
10510   7312
10520   7312
10530   7312
10540   7312
10550   7312
10560   7312
10570   7312
10580   7312
10590   7312
10600   7312
10610   7312
10620   7312
10630   7312
10640   7312
10650   7312
10660   7312
10670   7312
10680   7312
10690   7312
10700   7312
10710   7312
10720   7312
10730   7312
10740   7312
10750   7312
10760   7312
10770   7312
10780   7312
10790   7312
10800   7312
10810   7312
10820   7312
10830   7312
10840   7312
10850   7312
10860   7312
10870   7312
10880   7312
10890   7312
10900   7312
10910   7312
10920   7312
10930   7312
10940   7312
10950   7312
10960   7312
10970   7312
10980   7312
10990   7312
11000   7312
11010   7312
11020   7312
11030   7312
11040   7312
11050   7312
11060   7312
11070   7312
11080   7312
11090   7312
11100   7312
11110   7312
11120   7312
11130   7312
11140   7312
11150   7312
11160   7312
11170   7312
11180   7312
11190   7312
11200   7312
11210   7312
11220   7312
11230   7312
11240   7312
11250   7312
11260   7312
11270   7312
11280   7312
11290   7312
11300   7312
11310   7312
11320   7312
11330   7312
11340   7312
11350   7312
11360   7312
11370   7312
11380   7312
11390   7312
11400   7312
11410   7312
11420   7312
11430   7312
11440   7312
11450   7312
11460   7312
11470   7312
11480   7312
11490   7312
11500   7312
11510   7312
11520   7312
11530   7312
11540   7312
11550   7312
11560   7312
11570   7312
11580   7312
11590   7312
11600   7312
11610   7312
11620   7312
11630   7312
11640   7312
11650   7312
11660   7312
11670   7312
11680   7312
11690   7312
11700   7312
11710   7312
11720   7312
11730   7312
11740   7312
11750   7312
11760   7312
11770   7312
11780   7312
11790   7312
11800   7312
11810   7312
11820   7312
11830   7312
11840   7312
11850   7312
11860   7312
11870   7312
11880   7312
11890   7312
11900   7312
11910   7312
11920   7312
11930   7312
11940   7312
11950   7312
11960   7312
11970   7312
11980   7312
11990   7312
12000   7312
12010   7312
12020   7312
12030   7312
12040   7312
12050   7312
12060   7312
12070   7312
12080   7312
12090   7312
12100   7312
12110   7312
12120   7312
12130   7312
12140   7312
12150   7312
12160   7312
12170   7312
12180   7312
12190   7312
12200   7312
12210   7312
12220   7312
12230   7312
12240   7312
12250   7312
12260   7312
12270   7312
12280   7312
12290   7312
12300   7312
12310   7312
12320   7312
12330   7312
12340   7312
12350   7312
12360   7312
12370   7312
12380   7312
12390   7312
12400   7312
12410   7312
12420   7312
12430   7312
12440   7312
12450   7312
12460   7312
12470   7312
12480   7312
12490   7312
12500   7312
12510   7312
12520   7312
12530   7312
12540   7312
12550   7312
12560   7312
12570   7312
12580   7312
12590   7312
12600   7312
12610   7312
12620   7312
12630   7312
[ [ 0, 0, 1, 1, 0, 1, 1, 1, 1, 1, 1, 1, 1, 1, 0, 1, 1, 0, 0, 1, 1, 0, 1, 0, 
      1, 0, 0, 0, 1, 0, 1, 0, 0, 0, 1, 0, 0, 0, 0, 1, 1, 0, 0, 0, 1, 1, 0, 0, 
      0, 0, 1, 0, 1, 1, 0, 1, 0, 1, 0, 0, 1, 0, 0, 0, 0, 0, 1, 0, 0, 0, 0, 0, 
      1, 1, 0, 1, 1, 1, 0, 1, 0, 1, 0, 1, 1, 0, 0, 0, 1, 0, 1, 0, 0, 1, 0, 1, 
      0, 0, 1, 0, 1, 0, 1, 1, 0, 0, 0, 1, 0, 0, 0, 1, 0, 0, 0, 0, 1, 1, 0, 1, 
      0, 1, 0, 0, 1, 1, 0, 1, 0, 1, 0, 1, 0, 1, 0, 0, 1, 0, 1, 1, 0, 0, 1, 0, 
      0, 1, 1, 0, 0, 1, 0, 1, 0, 0, 1, 0, 0, 1, 1, 1, 1, 1, 1, 0, 1, 1, 0, 1, 
      0, 0, 0, 0, 1, 0, 0, 0, 1, 1, 0, 1, 0, 0, 1, 0, 0, 1, 0, 1, 1, 0, 1, 0, 
      1, 1, 0, 1, 0, 0, 1, 0, 0, 0, 0, 0, 0, 0, 0, 1, 1, 0, 1, 0, 0, 1, 1, 0, 
      1, 0, 1, 1, 1, 0, 0, 0, 0, 0, 0, 1, 0, 0, 0, 1, 0, 0, 0, 0, 0, 0, 1, 0, 
      1, 1, 0, 1, 1, 0, 1, 1, 1, 1, 0, 0, 0, 1, 0, 1, 1, 0, 0, 0, 0, 0, 1, 0, 
      1, 1, 1, 0, 1, 1, 0, 1, 1, 0, 1, 1, 0, 1, 0, 0, 1, 0, 0, 0, 0, 0, 1, 1, 
      1, 0, 1, 0, 0, 1, 0, 1, 1, 0, 0, 1, 0, 0, 0, 1, 0, 1, 0, 1, 0, 1, 0, 1, 
      0, 0, 0, 0, 0, 1, 0, 0, 1, 0, 1, 0, 1, 0, 0, 0, 1, 0, 0, 0, 0, 1, 0, 1, 
      1, 1, 1, 0, 0, 0, 1 ], 0 ]