10   624
20   560
30   560
40   560
50   560
60   560
70   560
80   560
90   560
100   560
110   560
120   560
130   560
140   560
150   560
160   560
170   560
180   560
190   560
200   544
210   544
220   544
230   544
240   544
250   544
260   544
270   544
280   544
290   544
300   544
310   544
320   544
330   544
340   544
350   544
360   544
370   544
380   544
390   544
400   544
410   544
420   536
430   536
440   536
450   520
460   520
470   520
480   520
490   520
500   520
510   520
520   520
530   520
540   520
550   520
560   520
570   520
580   520
590   520
600   520
610   520
620   520
630   520
640   520
650   520
660   520
670   520
680   520
690   520
700   520
710   520
720   520
730   520
740   520
750   520
760   520
770   520
780   520
790   520
800   520
810   520
820   520
830   520
840   520
850   520
860   520
870   520
880   520
890   520
900   520
910   496
920   496
930   496
940   496
950   496
960   496
970   496
980   496
990   496
1000   424
1010   424
1020   424
1030   424
1040   424
1050   424
1060   424
1070   424
1080   424
1090   424
1100   424
1110   424
1120   424
1130   424
1140   424
1150   424
1160   424
1170   424
1180   424
1190   424
1200   424
1210   424
1220   424
1230   424
1240   424
1250   424
1260   424
1270   424
1280   424
1290   424
1300   424
1310   424
1320   424
1330   424
1340   424
1350   424
1360   424
1370   424
1380   424
1390   424
1400   424
1410   424
1420   424
1430   424
1440   424
1450   424
1460   424
1470   424
1480   424
1490   424
1500   424
1510   424
1520   424
1530   424
1540   424
1550   424
1560   424
1570   424
1580   424
1590   424
1600   424
1610   424
1620   424
1630   424
1640   424
1650   424
1660   424
1670   424
1680   424
1690   424
1700   424
1710   424
1720   424
1730   424
1740   424
1750   424
1760   424
1770   424
1780   424
1790   424
1800   424
1810   424
1820   424
1830   424
1840   424
1850   424
1860   424
1870   424
1880   424
1890   424
1900   424
1910   424
1920   424
1930   424
1940   424
1950   424
1960   424
1970   424
1980   424
1990   424
2000   424
2010   424
2020   424
2030   424
2040   424
2050   424
2060   424
2070   424
2080   424
2090   424
2100   424
2110   424
2120   424
2130   424
2140   424
2150   424
2160   424
2170   424
2180   424
2190   424
2200   424
2210   424
2220   424
2230   424
2240   424
2250   424
2260   424
2270   424
2280   424
2290   424
2300   424
2310   424
2320   424
2330   424
2340   424
2350   424
2360   424
2370   424
2380   424
2390   424
2400   424
2410   424
2420   424
2430   424
2440   424
2450   424
2460   424
2470   424
2480   424
2490   424
2500   424
2510   424
2520   424
2530   0
[ [ 0, 0, 1, 1, 0, 0, 0, 1, 0, 1, 0, 0, 0, 0, 1, 0, 1, 0, 0, 1, 1, 0, 0, 0, 
      0, 1, 0, 0, 0, 0, 1, 0, 0, 0, 1, 0, 0, 0, 0, 0, 0, 0, 0, 0, 0, 0, 0, 0, 
      0, 1, 1, 0, 0, 0, 0, 1, 0, 0, 0, 0, 0, 0, 1, 0, 0, 0, 0, 0, 0, 1, 0, 0, 
      0, 1, 0, 0, 0, 1, 0, 0, 0, 0, 0, 1, 0, 0, 0, 0, 0, 0, 0, 1, 0, 0, 0, 1, 
      0, 0, 1, 0, 0, 0, 0, 0, 1, 0, 0, 0, 0, 0, 0, 0, 0, 0, 0, 0, 0, 0, 0, 1, 
      0, 0, 0, 0, 0, 0, 0, 0, 0, 0, 0, 0, 0, 1, 0, 0, 0, 0, 0, 1, 0, 0, 0, 0, 
      0, 0, 1, 0, 0, 0, 0, 0, 0, 0, 1, 0, 0, 1, 1, 1, 1, 1, 0, 1, 0, 0, 0, 0, 
      0, 0, 0, 0, 0, 0, 1, 1, 0, 0, 0, 0, 0, 0, 1, 0, 0, 0, 0, 0, 0, 0, 1, 0, 
      0, 0, 0, 0, 0, 0, 0, 0, 0, 0, 0, 0, 0, 1, 0, 0, 1, 0, 0, 0, 0, 0, 0, 0, 
      0, 1, 0, 0, 0, 0, 0, 0, 0, 0, 0, 0, 0, 0, 0, 0, 0, 0, 0, 0, 0, 0, 0, 0, 
      0, 0, 0, 0, 0, 0, 1, 0, 0, 0, 0, 0, 0, 0, 0, 0, 1, 0, 0, 0, 0, 0, 0, 0, 
      1, 0, 0, 0, 0, 0, 0, 0, 0, 1, 0, 0, 0, 0, 0, 1, 0, 0, 0, 1, 0, 0, 0, 0, 
      0, 0, 1, 0, 0, 0, 0, 0, 0, 0, 0, 0, 0, 1, 0, 0, 0, 0, 0, 0, 0, 1, 0, 0, 
      0, 0, 0, 0, 0, 0, 0, 0, 0, 0, 0, 0, 0, 0, 0, 0, 0, 0, 1, 0, 0, 0, 0, 0, 
      1, 1, 0, 0, 0, 0, 1 ], 0 ]