10   21780
20   20216
30   19088
40   18016
50   18016
60   18016
70   18016
80   18016
90   18016
100   18016
110   18016
120   18016
130   18016
140   18016
150   18016
160   18016
170   18016
180   18016
190   18016
200   18016
210   18016
220   18016
230   18016
240   18016
250   18016
260   17244
270   17244
280   16084
290   16084
300   16084
310   16084
320   16084
330   16084
340   16084
350   16084
360   16084
370   16084
380   16084
390   16084
400   16084
410   16084
420   16084
430   16084
440   16084
450   16084
460   16084
470   16084
480   16084
490   16084
500   16084
510   16084
520   16084
530   16084
540   16084
550   16084
560   16084
570   16084
580   16084
590   16084
600   16084
610   16084
620   16084
630   16084
640   16084
650   16084
660   16084
670   16084
680   16084
690   16084
700   16084
710   16084
720   16084
730   16084
740   16084
750   16084
760   16084
770   16084
780   16084
790   16084
800   16084
810   16084
820   16084
830   16084
840   16084
850   16084
860   16084
870   16084
880   16084
890   16084
900   16084
910   16084
920   16084
930   16084
940   16084
950   16084
960   16084
970   16084
980   16084
990   16084
1000   16084
1010   16084
1020   16084
1030   16084
1040   16084
1050   16084
1060   16084
1070   16084
1080   16084
1090   16084
1100   16084
1110   16084
1120   16084
1130   16084
1140   16084
1150   16084
1160   16084
1170   16084
1180   16084
1190   16084
1200   16084
1210   16084
1220   16084
1230   16084
1240   16084
1250   16084
1260   16084
1270   16084
1280   16084
1290   16084
1300   16084
1310   16084
1320   16084
1330   16084
1340   16084
1350   16084
1360   16084
1370   16084
1380   16084
1390   16084
1400   16084
1410   16084
1420   16084
1430   16084
1440   16084
1450   16084
1460   16084
1470   16084
1480   16084
1490   16084
1500   16084
1510   16084
1520   16084
1530   16084
1540   16084
1550   16084
1560   16084
1570   16084
1580   16084
1590   16084
1600   16084
1610   16084
1620   16084
1630   16084
1640   16084
1650   16084
1660   16084
1670   16084
1680   16084
1690   16084
1700   16084
1710   16084
1720   16084
1730   16084
1740   16084
1750   16084
1760   16084
1770   16084
1780   16084
1790   16084
1800   16084
1810   16084
1820   16084
1830   16084
1840   16084
1850   16084
1860   16084
1870   16084
1880   16084
1890   16084
1900   16084
1910   16084
1920   16084
1930   16084
1940   16084
1950   16084
1960   16084
1970   16084
1980   16084
1990   16084
2000   16084
2010   16084
2020   16084
2030   16084
2040   16084
2050   16084
2060   16084
2070   16084
2080   16084
2090   16084
2100   16084
2110   16084
2120   16084
2130   16084
2140   16084
2150   16084
2160   16084
2170   16084
2180   16084
2190   16084
2200   16084
2210   16084
2220   16084
2230   16084
2240   16084
2250   16084
2260   16084
2270   16084
2280   16084
2290   16084
2300   16084
2310   16084
2320   16084
2330   16084
2340   16084
2350   16084
2360   16084
2370   16084
2380   16084
2390   16084
2400   16084
2410   16084
2420   16084
2430   16084
2440   16084
2450   16084
2460   16084
2470   16084
2480   16084
2490   16084
2500   16084
2510   16084
2520   16084
2530   16084
2540   16084
2550   16084
2560   16084
2570   16084
2580   16084
2590   16084
2600   16084
2610   16084
2620   16084
2630   16084
2640   16084
2650   16084
2660   16084
2670   16084
2680   16084
2690   16084
2700   16084
2710   16084
2720   16084
2730   16084
2740   16084
2750   16084
2760   16084
2770   16084
2780   16084
2790   16084
2800   16084
2810   16084
2820   16084
2830   16084
2840   16084
2850   16084
2860   16084
2870   16084
2880   16084
2890   16084
2900   16084
2910   16084
2920   16084
2930   16084
2940   16084
2950   16084
2960   16084
2970   16084
2980   16084
2990   16084
3000   16084
3010   16084
3020   16084
3030   16084
3040   16084
3050   16084
3060   16084
3070   16084
3080   16084
3090   16084
3100   16084
3110   16084
3120   16084
3130   16084
3140   16084
3150   16084
3160   16084
3170   16084
3180   16084
3190   16084
3200   16084
3210   16084
3220   16084
3230   16084
3240   16084
3250   16084
3260   16084
3270   16084
3280   16084
3290   16084
3300   16084
3310   16084
3320   16084
3330   16084
3340   16084
3350   16084
3360   16084
3370   16084
3380   16084
3390   16084
3400   16084
3410   16084
3420   16084
3430   16084
3440   16084
3450   16084
3460   16084
3470   16084
3480   16084
3490   16084
3500   16084
3510   16084
3520   16084
3530   16084
3540   16084
3550   16084
3560   16084
3570   16084
3580   16084
3590   16084
3600   16084
3610   16084
3620   16084
3630   16084
3640   16084
3650   16084
3660   16084
3670   16084
3680   16084
3690   16084
3700   16084
3710   16084
3720   16084
3730   16084
3740   16084
3750   16084
3760   16084
3770   16084
3780   16084
3790   16084
3800   16084
3810   16084
3820   16084
3830   16084
3840   16084
3850   16084
3860   16084
3870   16084
3880   16084
3890   16084
3900   16084
3910   16084
3920   16084
3930   16084
3940   16084
3950   16084
3960   16084
3970   16084
3980   16084
3990   16084
4000   16084
4010   16084
4020   16084
4030   16084
4040   16084
4050   16084
4060   16084
4070   16084
4080   16084
4090   16084
4100   15824
4110   15824
4120   15824
4130   15824
4140   15824
4150   15824
4160   15824
4170   15824
4180   15824
4190   15824
4200   15824
4210   15824
4220   15824
4230   15824
4240   15824
4250   15824
4260   15824
4270   15824
4280   15824
4290   15824
4300   15824
4310   15824
4320   15824
4330   15824
4340   15824
4350   15824
4360   15824
4370   15824
4380   15824
4390   15824
4400   15824
4410   15824
4420   15824
4430   15824
4440   15824
4450   15824
4460   15824
4470   15824
4480   15824
4490   15824
4500   15824
4510   15824
4520   15824
4530   15824
4540   15824
4550   15824
4560   15824
4570   15824
4580   15824
4590   15824
4600   15824
4610   15824
4620   15824
4630   15824
4640   15824
4650   15824
4660   15824
4670   15824
4680   15824
4690   15824
4700   15824
4710   15824
4720   15824
4730   15824
4740   15824
4750   15824
4760   15824
4770   15824
4780   15824
4790   15824
4800   15824
4810   15824
4820   15824
4830   15824
4840   15824
4850   15824
4860   15824
4870   15824
4880   15824
4890   15824
4900   15824
4910   15824
4920   15824
4930   15824
4940   15824
4950   15824
4960   15824
4970   15824
4980   15824
4990   15824
5000   15824
5010   15824
5020   15824
5030   15824
5040   15824
5050   15824
5060   15824
5070   15824
5080   15824
5090   15824
5100   15824
5110   15824
5120   15824
5130   15824
5140   15824
5150   15824
5160   15824
5170   15824
5180   15824
5190   15824
5200   15824
5210   15824
5220   15824
5230   15824
5240   15824
5250   15824
5260   15824
5270   15824
5280   15824
5290   15824
5300   15824
5310   15824
5320   15824
5330   15824
5340   15824
5350   15824
5360   15824
5370   15824
5380   15824
5390   15824
5400   15824
5410   15824
5420   15824
5430   15824
5440   15824
5450   15824
5460   15824
5470   15824
5480   15824
5490   15824
5500   15824
5510   15824
5520   15824
5530   15824
5540   15824
5550   15824
5560   15824
5570   15824
5580   15824
5590   15824
5600   15824
5610   15824
5620   15824
5630   15824
5640   15824
5650   15824
5660   15824
5670   15824
5680   15824
5690   15824
5700   15824
5710   15824
5720   15824
5730   15824
5740   15824
5750   15824
5760   15824
5770   15824
5780   15824
5790   15824
5800   15824
5810   15824
5820   15824
5830   15824
5840   15824
5850   15824
5860   15824
5870   15824
5880   15824
5890   15824
5900   15824
5910   15824
5920   15824
5930   15824
5940   15824
5950   15824
5960   15824
5970   15824
5980   15824
5990   15824
6000   15824
6010   15824
6020   15824
6030   15824
6040   15824
6050   15824
6060   15824
6070   15824
6080   15824
6090   15824
6100   15824
6110   15824
6120   15824
6130   15824
6140   15824
6150   15824
6160   15824
6170   15824
6180   15824
6190   15824
6200   15824
6210   15824
6220   15824
6230   15824
6240   15824
6250   15824
6260   15824
6270   15824
6280   15824
6290   15824
6300   15824
6310   15824
6320   15824
6330   15824
6340   15824
6350   15824
6360   15824
6370   15824
6380   15824
6390   15824
6400   15824
6410   15824
6420   15824
6430   15824
6440   15824
6450   15824
6460   15824
6470   15824
6480   15824
6490   15824
6500   15824
6510   15824
6520   15824
6530   15824
6540   15824
6550   15824
6560   15824
6570   15824
6580   15824
6590   15824
6600   15824
6610   15824
6620   15824
6630   15824
6640   15824
6650   15824
6660   15824
6670   15824
6680   15824
6690   15824
6700   15824
6710   15824
6720   15824
6730   15824
6740   15824
6750   15824
6760   15824
6770   15824
6780   15824
6790   15824
6800   15824
6810   15824
6820   15824
6830   15824
6840   15824
6850   15824
6860   15824
6870   15824
6880   15824
6890   15824
6900   15824
6910   15824
6920   15824
6930   15824
6940   15824
6950   15824
6960   15824
6970   15824
6980   15824
6990   15824
7000   15824
7010   15824
7020   15824
7030   15824
7040   15824
7050   15824
7060   15824
7070   15824
7080   15824
7090   15824
7100   15824
7110   15824
7120   15824
7130   15824
7140   15824
7150   15824
7160   15824
7170   15824
7180   15824
7190   15824
7200   15824
7210   15824
7220   15824
7230   15824
7240   15824
7250   15824
7260   15824
7270   15824
7280   15824
7290   15824
7300   15824
7310   15824
7320   15824
7330   15824
7340   15824
7350   15824
7360   15824
7370   15824
7380   15824
7390   15824
7400   15824
7410   15824
7420   15824
7430   15824
7440   15824
7450   15824
7460   15824
7470   15824
7480   15824
7490   15824
7500   15824
7510   15824
7520   15824
7530   15824
7540   15824
7550   15824
7560   15824
7570   15824
7580   15824
7590   15824
7600   15824
7610   15824
7620   15824
7630   15824
7640   15824
7650   15824
7660   15824
7670   15824
7680   15824
7690   15824
7700   15824
7710   15824
7720   15824
7730   15824
7740   15824
7750   15824
7760   15824
7770   15824
7780   15824
7790   15824
7800   15824
7810   15824
7820   15824
7830   15824
7840   15824
7850   15824
7860   15824
7870   15824
7880   15824
7890   15824
7900   15824
7910   15824
7920   15824
7930   15824
7940   15824
7950   15824
7960   15824
7970   15824
7980   15824
7990   15824
8000   15824
8010   15824
8020   15824
8030   15824
8040   15824
8050   15824
8060   15824
8070   15824
8080   15824
8090   15824
8100   15824
8110   15824
8120   15824
8130   15824
8140   15824
8150   15824
8160   15824
8170   15824
8180   15824
8190   15824
8200   15824
8210   15824
8220   15824
8230   15824
8240   15824
8250   15824
8260   15824
8270   15824
8280   15824
8290   15824
8300   15824
8310   15824
8320   15824
8330   15824
8340   15824
8350   15824
8360   15824
8370   15824
8380   15824
8390   15824
8400   15824
8410   15824
8420   15824
8430   15824
8440   15824
8450   15824
8460   15824
8470   15824
8480   15824
8490   15824
8500   15824
8510   15824
8520   15824
8530   15824
8540   15824
8550   15824
8560   15824
8570   15824
8580   15824
8590   15824
8600   15824
8610   15824
8620   15824
8630   15824
8640   15824
8650   15824
8660   15824
8670   15824
8680   15824
8690   15824
8700   15824
8710   15824
8720   15824
8730   15824
8740   15824
8750   15824
8760   15824
8770   15824
8780   15824
8790   15824
8800   15824
8810   15824
8820   15824
8830   15824
8840   15824
8850   15824
8860   15824
8870   15824
8880   15824
8890   15824
8900   15824
8910   15824
8920   15824
8930   15824
8940   15824
8950   15824
8960   15824
8970   15824
8980   15824
8990   15824
9000   15824
9010   15824
9020   15824
9030   15824
9040   15824
9050   15824
9060   15824
9070   15824
9080   15824
9090   15824
9100   15824
9110   15824
9120   15824
9130   15824
9140   15824
9150   15824
9160   15824
9170   15824
9180   15824
9190   15824
9200   15824
9210   15824
9220   15824
9230   15824
9240   15824
9250   15824
9260   15824
9270   15824
9280   15824
9290   15824
9300   15824
9310   15824
9320   15824
9330   15824
9340   15824
9350   15824
9360   15824
9370   15824
9380   15824
9390   15824
9400   15824
9410   15824
9420   15824
9430   15824
9440   15824
9450   15824
9460   15824
9470   15824
9480   15824
9490   15824
9500   15824
9510   15824
9520   15824
9530   15824
9540   15824
9550   15824
9560   15824
9570   15824
9580   15824
9590   15824
9600   15824
9610   15824
9620   15824
9630   15824
9640   15824
9650   15824
9660   15824
9670   15824
9680   15824
9690   15824
9700   15824
9710   15824
9720   15824
9730   15824
9740   15824
9750   15824
9760   15824
9770   15824
9780   15824
9790   15824
9800   15824
9810   15824
9820   15824
9830   15824
9840   15824
9850   15824
9860   15824
9870   15824
9880   15824
9890   15824
9900   15824
9910   15824
9920   15824
9930   15824
9940   15824
9950   15824
9960   15824
9970   15824
9980   15824
9990   15824
10000   15824
10010   15824
10020   15824
10030   15824
10040   15824
10050   15824
10060   15824
10070   15824
10080   15824
10090   15824
10100   15824
10110   15824
10120   15824
10130   15824
10140   15824
10150   15824
10160   15824
10170   15824
10180   15824
10190   15824
10200   15824
10210   15824
10220   15824
10230   15824
10240   15824
10250   15824
10260   15824
10270   15824
10280   15824
10290   15824
10300   15824
10310   15824
10320   15824
10330   15824
10340   15824
10350   15824
10360   15824
10370   15824
10380   15824
10390   15824
10400   15824
10410   15824
10420   15824
10430   15824
10440   15824
10450   15824
10460   15824
10470   15824
10480   15824
10490   15824
10500   15824
10510   15824
10520   15824
10530   15824
10540   15824
10550   15824
10560   15824
10570   15824
10580   15824
10590   15824
10600   15824
10610   15824
10620   15824
10630   15824
10640   15824
10650   15824
10660   15824
10670   15824
10680   15824
10690   15824
10700   15824
10710   15824
10720   15824
10730   15824
10740   15824
10750   15824
10760   15824
10770   15824
10780   15824
10790   15824
10800   15824
10810   15824
10820   15824
10830   15824
10840   15824
10850   15824
10860   15824
10870   15824
10880   15824
10890   15824
10900   15824
10910   15824
10920   15824
10930   15824
10940   15824
10950   15824
10960   15824
10970   15824
10980   15824
10990   15824
11000   15824
11010   15824
11020   15824
11030   15824
11040   15824
11050   15824
11060   15824
11070   15824
11080   15824
11090   15824
11100   15824
11110   15824
11120   15824
11130   15824
11140   15824
11150   15824
11160   15824
11170   15824
11180   15824
11190   15824
11200   15824
11210   15824
11220   15824
11230   15824
11240   15824
11250   15824
11260   15824
11270   15824
11280   15824
11290   15824
11300   15824
11310   15824
11320   15824
11330   15824
11340   15824
11350   15824
11360   15824
11370   15824
11380   15824
11390   15824
11400   15824
11410   15824
11420   15824
11430   15824
11440   15824
11450   15824
11460   15824
11470   15824
11480   15824
11490   15824
11500   15824
11510   15824
11520   15824
11530   15824
11540   15824
11550   15824
11560   15824
11570   15824
11580   15824
11590   15824
11600   15824
11610   15824
11620   15824
11630   15824
11640   15824
11650   15824
11660   15824
11670   15824
11680   15824
11690   15824
11700   15824
11710   15824
11720   15824
11730   15824
11740   15824
11750   15824
11760   15824
11770   15824
11780   15824
11790   15824
11800   15824
11810   15824
11820   15824
11830   15824
11840   15824
11850   15824
11860   15824
11870   15824
11880   15824
11890   15824
11900   15824
11910   15824
11920   15824
11930   15824
11940   15824
11950   15824
11960   15824
11970   15824
11980   15824
11990   15824
12000   15824
12010   15824
12020   15824
12030   15824
12040   15824
12050   15824
12060   15824
12070   15824
12080   15824
12090   15824
12100   15824
12110   15824
12120   15824
12130   15824
12140   15824
12150   15824
12160   15824
12170   15824
12180   15824
12190   15824
12200   15824
12210   15824
12220   15824
12230   15824
12240   15824
12250   15824
12260   15824
12270   15824
12280   15824
12290   15824
12300   15824
12310   15824
12320   15824
12330   15824
12340   15824
12350   15824
12360   15824
12370   15824
12380   15824
12390   15824
12400   15824
12410   15824
12420   15824
12430   15824
12440   15824
12450   15824
12460   15824
12470   15824
12480   15824
12490   15824
12500   15824
12510   15824
12520   15824
12530   15824
12540   15824
12550   15824
12560   15824
12570   15824
12580   15824
12590   15824
12600   15824
12610   15824
12620   15824
12630   15824
12640   15824
12650   15824
12660   15824
12670   15824
12680   15824
12690   15824
12700   15824
12710   15824
12720   15824
12730   15824
12740   15824
12750   15824
12760   15824
12770   15824
12780   15824
12790   15824
12800   15824
12810   15824
12820   15824
12830   15824
12840   15824
12850   15824
12860   15824
12870   15824
12880   15824
12890   15824
12900   15824
12910   15824
12920   15824
12930   15824
12940   15824
12950   15824
12960   15824
12970   15824
12980   15824
12990   15824
13000   15824
13010   15824
13020   15824
13030   15824
13040   15824
13050   15824
13060   15824
13070   15824
13080   15824
13090   15824
13100   15824
13110   15824
13120   15824
13130   15824
13140   15824
13150   15824
13160   15824
13170   15824
13180   15824
13190   15824
13200   15824
13210   15824
13220   15824
13230   15824
13240   15824
13250   15824
13260   15824
13270   15824
13280   15824
13290   15824
13300   15824
13310   15824
13320   15824
13330   15824
13340   15824
13350   15824
13360   15824
13370   15824
13380   15824
13390   15824
13400   15824
13410   15824
13420   15824
13430   15824
13440   15824
13450   15824
13460   15824
13470   15824
13480   15824
13490   15824
13500   15824
13510   15824
13520   15824
13530   15824
13540   15824
13550   15824
13560   15824
13570   15824
13580   15824
13590   15824
13600   15824
13610   15824
13620   15824
13630   15824
13640   15824
13650   15824
13660   15824
13670   15824
13680   15824
13690   15824
13700   15824
13710   15824
13720   15824
13730   15824
13740   15824
13750   15824
13760   15824
13770   15824
13780   15824
13790   15824
13800   15824
13810   15824
13820   15824
13830   15824
13840   15824
13850   15824
13860   15824
13870   15824
13880   15824
13890   15824
13900   15824
13910   15824
13920   15824
13930   15824
13940   15824
13950   15824
13960   15824
13970   15824
13980   15824
13990   15824
14000   15824
14010   15824
14020   15824
14030   15824
14040   15824
14050   15824
14060   15824
14070   15824
14080   15824
14090   15824
14100   15824
14110   15824
14120   15824
14130   15824
14140   15824
14150   15824
14160   15824
14170   15824
14180   15824
14190   15824
14200   15824
14210   15824
14220   15824
14230   15824
14240   15824
14250   15824
14260   15824
14270   15824
14280   15824
14290   15824
14300   15824
14310   15824
14320   15824
14330   15824
14340   15824
14350   15824
14360   15824
14370   15824
14380   15824
14390   15824
14400   15824
14410   15824
14420   15824
14430   15824
14440   15824
14450   15824
14460   15824
14470   15824
14480   15824
14490   15824
14500   15824
14510   15824
14520   15824
14530   15824
14540   15824
14550   15824
14560   15824
14570   15824
14580   15824
14590   15824
14600   15824
14610   15824
14620   15824
14630   15824
14640   15824
14650   15824
14660   15824
14670   15824
14680   15824
14690   15824
14700   15824
14710   15824
14720   15824
14730   15824
14740   15824
14750   15824
14760   15824
14770   15824
14780   15824
14790   15824
14800   15824
14810   15824
14820   15824
14830   15824
14840   15824
14850   15824
14860   15824
14870   15824
14880   15824
14890   15824
14900   15824
14910   15824
14920   15824
14930   15824
14940   15824
14950   15824
14960   15824
14970   15824
14980   15824
14990   15824
15000   15824
15010   15824
15020   15824
15030   15824
15040   15824
15050   15824
15060   15824
15070   15824
15080   15824
15090   15824
15100   15824
15110   15824
15120   15824
15130   15824
15140   15824
15150   15824
15160   15824
15170   15824
15180   15824
15190   15824
15200   15824
15210   15824
15220   15824
15230   15824
15240   15824
15250   15824
15260   15824
15270   15824
15280   15824
15290   15824
15300   15824
15310   15824
15320   15824
15330   15824
15340   15824
15350   15824
15360   15824
15370   15824
15380   15824
15390   15824
15400   15824
15410   15824
15420   15824
15430   15824
15440   15824
15450   15824
15460   15824
15470   15824
15480   15824
15490   15824
15500   15824
15510   15824
15520   15824
15530   15824
15540   15824
15550   15824
15560   15824
15570   15824
15580   15824
15590   15824
15600   15824
15610   15824
15620   15824
15630   15824
15640   15824
15650   15824
15660   15824
15670   15824
15680   15824
15690   15824
15700   15824
15710   15824
15720   15824
15730   15824
15740   15824
15750   15824
15760   15824
15770   15824
15780   15824
15790   15824
15800   15824
15810   15824
15820   15824
15830   15824
15840   15824
15850   15824
15860   15824
15870   15824
15880   15824
15890   15824
15900   15824
15910   15824
15920   15824
15930   15824
15940   15824
15950   15824
15960   15824
15970   15824
15980   15824
15990   15824
16000   15824
16010   15824
16020   15824
16030   15824
16040   15824
16050   15824
16060   15824
16070   15824
16080   15824
16090   15824
16100   15824
16110   15824
16120   15824
16130   15824
16140   15824
16150   15824
16160   15824
16170   15824
16180   15824
16190   15824
16200   15824
16210   15824
16220   15824
16230   15824
16240   15824
16250   15824
16260   15824
16270   15824
16280   15824
16290   15824
16300   15824
16310   15824
16320   15824
16330   15824
16340   15824
16350   15824
16360   15824
16370   15824
16380   15824
16390   15824
16400   15824
16410   15824
16420   15824
16430   15824
16440   15824
16450   15824
16460   15824
16470   15824
16480   15824
16490   15824
16500   15824
16510   15824
16520   15824
16530   15824
16540   15824
16550   15824
16560   15824
16570   15824
16580   15824
16590   15824
16600   15824
16610   15824
16620   15824
16630   15824
16640   15824
16650   15824
16660   15824
16670   15824
16680   15824
16690   15824
16700   15824
16710   15824
16720   15824
16730   15824
16740   15824
16750   15824
16760   15824
16770   15824
16780   15824
16790   15824
16800   15824
16810   15824
16820   15824
16830   15824
16840   15824
16850   15824
16860   15824
16870   15824
16880   15824
16890   15824
16900   15824
16910   15824
16920   15824
16930   15824
16940   15824
16950   15824
16960   15824
16970   15824
16980   15824
16990   15824
17000   15824
17010   15824
17020   15824
17030   15824
17040   15824
17050   15824
17060   15824
17070   15824
17080   15824
17090   15824
17100   15824
17110   15824
17120   15824
17130   15824
17140   15824
17150   15824
17160   15824
17170   15824
17180   15824
17190   15824
17200   15824
17210   15824
17220   15824
17230   15824
17240   15824
17250   15824
17260   15824
17270   15824
17280   15824
17290   15824
17300   15824
17310   15824
17320   15824
17330   15824
17340   15824
17350   15824
17360   15824
17370   15824
17380   15824
17390   15824
17400   15824
17410   15824
17420   15824
17430   15824
17440   15824
17450   15824
17460   15824
17470   15824
17480   15824
17490   15824
17500   15824
17510   15824
17520   15824
17530   15824
17540   15824
17550   15824
17560   15824
17570   15824
17580   15824
17590   15824
17600   15824
17610   15824
17620   15824
17630   15824
17640   15824
17650   15824
17660   15824
17670   15824
17680   15824
17690   15824
17700   15824
17710   15824
17720   15824
17730   15824
17740   15824
17750   15824
17760   15824
17770   15824
17780   15824
17790   15824
17800   15824
17810   15824
17820   15824
17830   15824
17840   15824
17850   15824
17860   15824
17870   15824
17880   15824
17890   15824
17900   15824
17910   15824
17920   15824
17930   15824
17940   15824
17950   15824
17960   15824
17970   15824
17980   15824
17990   15824
18000   15824
18010   15824
18020   15824
18030   15824
18040   15824
18050   15824
18060   15824
18070   15824
18080   15824
18090   15824
18100   15824
18110   15824
18120   15824
18130   15824
18140   15824
18150   15824
18160   15824
18170   15824
18180   15824
18190   15824
18200   15824
18210   15824
18220   15824
18230   15824
18240   15824
18250   15824
18260   15824
18270   15824
18280   15824
18290   15824
18300   15824
18310   15824
18320   15824
18330   15824
18340   15824
18350   15824
18360   15824
18370   15824
18380   15824
18390   15824
18400   15824
18410   15824
18420   15824
18430   15824
18440   15824
18450   15824
18460   15824
18470   15824
18480   15824
18490   15824
18500   15824
18510   15824
18520   15824
18530   15824
18540   15824
18550   15824
18560   15824
18570   15824
18580   15824
18590   15824
18600   15824
18610   15824
18620   15824
18630   15824
18640   15824
18650   15824
18660   15824
18670   15824
18680   15824
18690   15824
18700   15824
18710   15824
18720   15824
18730   15824
18740   15824
18750   15824
18760   15824
18770   15824
18780   15824
18790   15824
18800   15824
18810   15824
18820   15824
18830   15824
18840   15824
18850   15824
18860   15824
18870   15824
18880   15824
18890   15824
18900   15824
18910   15824
18920   15824
18930   15824
18940   15824
18950   15824
18960   15824
18970   15824
18980   15824
18990   15824
19000   15824
19010   15824
19020   15824
19030   15824
19040   15824
19050   15824
19060   15824
19070   15824
19080   15824
19090   15824
19100   15824
19110   15824
19120   15824
19130   15824
19140   15824
19150   15824
19160   15824
19170   15824
19180   15824
19190   15824
19200   15824
19210   15824
19220   15824
19230   15824
19240   15824
19250   15824
19260   15824
19270   15824
19280   15824
19290   15824
19300   15824
19310   15824
19320   15824
19330   15824
19340   15824
19350   15824
19360   15824
19370   15824
19380   15824
19390   15824
19400   15824
19410   15824
19420   15824
19430   15824
19440   15824
19450   15824
19460   15824
19470   15824
19480   15824
19490   15824
19500   15824
19510   15824
19520   15824
19530   15824
19540   15824
19550   15824
19560   15824
19570   15824
19580   15824
19590   15824
19600   15824
19610   15824
19620   15824
19630   15824
19640   15824
19650   15824
19660   15824
19670   15824
19680   15824
19690   15824
19700   15824
19710   15824
19720   15824
19730   15824
19740   15824
19750   15824
19760   15824
19770   15824
19780   15824
19790   15824
19800   15824
19810   15824
19820   15824
19830   15824
19840   15824
19850   15824
19860   15824
19870   15824
19880   15824
19890   15824
19900   15824
19910   15824
19920   15824
19930   15824
19940   15824
19950   15824
19960   15824
19970   15824
19980   15824
19990   15824
20000   15824
20010   15824
20020   15824
20030   15824
20040   15824
20050   15824
20060   15824
20070   15824
20080   15824
20090   15824
20100   15824
20110   15824
20120   15824
20130   15824
20140   15824
20150   15824
20160   15824
20170   15824
20180   15824
20190   15824
20200   15824
20210   15824
20220   15824
20230   15824
20240   15824
20250   15824
20260   15824
20270   15824
20280   15824
20290   15824
20300   15824
20310   15824
20320   15824
20330   15824
20340   15824
20350   15824
20360   15824
20370   15824
20380   15824
20390   15824
20400   15824
20410   15824
20420   15824
20430   15824
20440   15824
20450   15824
20460   15824
20470   15824
20480   15824
20490   15824
20500   15824
20510   15824
20520   15824
20530   15824
20540   15824
20550   15824
20560   15824
20570   15824
20580   15824
20590   15824
20600   15824
20610   15824
20620   15824
20630   15824
20640   15824
20650   15824
20660   15824
20670   15824
20680   15824
20690   15824
20700   15824
20710   15824
20720   15824
20730   15824
20740   15824
20750   15824
20760   15824
20770   15824
20780   15824
20790   15824
20800   15824
20810   15824
20820   15824
20830   15824
20840   15824
20850   15824
20860   15824
20870   15824
20880   15824
20890   15824
20900   15824
20910   15824
20920   15824
20930   15824
20940   15824
20950   15824
20960   15824
20970   15824
20980   15824
20990   15824
21000   15824
21010   15824
21020   15824
21030   15824
21040   15824
21050   15824
21060   15824
21070   15824
21080   15824
21090   15824
21100   15824
21110   15824
21120   15824
21130   15824
21140   15824
21150   15824
21160   15824
21170   15824
21180   15824
21190   15824
21200   15824
21210   15824
21220   15824
21230   15824
21240   15824
21250   15824
21260   15824
21270   15824
21280   15824
21290   15824
21300   15824
21310   15824
21320   15824
21330   15824
21340   15824
21350   15824
21360   15824
21370   15824
21380   15824
21390   15824
21400   15824
21410   15824
21420   15824
21430   15824
21440   15824
21450   15824
21460   15824
21470   15824
21480   15824
21490   15824
21500   15824
21510   15824
21520   15824
21530   15824
21540   15824
21550   15824
21560   15824
21570   15824
21580   15824
21590   15824
21600   15824
21610   15824
21620   15824
21630   15824
21640   15824
21650   15824
21660   15824
21670   15824
21680   15824
21690   15824
21700   15824
21710   15824
21720   15824
21730   15824
21740   15824
21750   15824
21760   15824
21770   15824
21780   15824
21790   15824
21800   15824
21810   15824
21820   15824
21830   15824
21840   15824
21850   15824
21860   15824
21870   15824
21880   15824
21890   15824
21900   15824
21910   15824
21920   15824
21930   15824
21940   15824
21950   15824
21960   15824
21970   15824
21980   15824
21990   15824
22000   15824
22010   15824
22020   15824
22030   15824
22040   15824
22050   15824
22060   15824
22070   15824
22080   15824
22090   15824
22100   15824
22110   15824
22120   15824
22130   15824
22140   15824
22150   15824
22160   15824
22170   15824
22180   15824
22190   15824
22200   15824
22210   15824
22220   15824
22230   15824
22240   15824
22250   15824
22260   15824
22270   15824
22280   15824
22290   15824
22300   15824
22310   15824
22320   15824
22330   15824
22340   15824
22350   15824
22360   15824
22370   15824
22380   15824
22390   15824
22400   15824
22410   15824
22420   15824
22430   15824
22440   15824
22450   15824
22460   15824
22470   15824
22480   15824
22490   15824
22500   15824
22510   15824
22520   15824
22530   15824
22540   15824
22550   15824
22560   15824
22570   15824
22580   15824
22590   15824
22600   15824
22610   15824
22620   15824
22630   15824
22640   15824
22650   15824
22660   15824
22670   15824
22680   15824
22690   15824
22700   15824
22710   15824
22720   15824
22730   15824
22740   15824
22750   15824
22760   15824
22770   15824
22780   15824
22790   15824
22800   15824
22810   15824
22820   15824
22830   15824
22840   15824
22850   15824
22860   15824
22870   15824
22880   15824
22890   15824
22900   15824
22910   15824
22920   15824
22930   15824
22940   15824
22950   15824
22960   15824
22970   15824
22980   15824
22990   15824
23000   15824
23010   15824
23020   15824
23030   15824
23040   15824
23050   15824
23060   15824
23070   15824
23080   15824
23090   15824
23100   15824
23110   15824
23120   15824
23130   15824
23140   15824
23150   15824
23160   15824
23170   15824
23180   15824
23190   15824
23200   15824
23210   15824
23220   15824
23230   15824
23240   15824
23250   15824
23260   15824
23270   15824
23280   15824
23290   15824
23300   15824
23310   15824
23320   15824
23330   15824
23340   15824
23350   15824
23360   15824
23370   15824
23380   15824
23390   15824
23400   15824
23410   15824
23420   15824
23430   15824
23440   15824
23450   15824
23460   15824
23470   15824
23480   15824
23490   15824
23500   15824
23510   15824
23520   15824
23530   15824
23540   15824
23550   15824
23560   15824
23570   15824
23580   15824
23590   15824
23600   15824
23610   15824
23620   15824
23630   15824
23640   15824
23650   15824
23660   15824
23670   15824
23680   15824
23690   15824
23700   15824
23710   15824
23720   15824
23730   15824
23740   15824
23750   15824
23760   15824
23770   15824
23780   15824
23790   15824
23800   15824
23810   15824
23820   15824
23830   15824
23840   15824
23850   15824
23860   15824
23870   15824
23880   15824
23890   15824
23900   15824
23910   15824
23920   15824
23930   15824
23940   15824
23950   15824
23960   15824
23970   15824
23980   15824
23990   15824
24000   15824
24010   15824
24020   15824
24030   15824
24040   15824
24050   15824
24060   15824
24070   15824
24080   15824
24090   15824
24100   15824
24110   15824
24120   15824
24130   15824
24140   15824
24150   15824
24160   15824
24170   15824
24180   15824
24190   15824
24200   15824
24210   15824
24220   15824
24230   15824
24240   15824
24250   15824
24260   15824
24270   15824
24280   15824
24290   15824
24300   15824
24310   15824
24320   15824
24330   15824
24340   15824
24350   15824
24360   15824
24370   15824
24380   15824
24390   15824
24400   15824
24410   15824
24420   15824
24430   15824
24440   15824
24450   15824
24460   15824
24470   15824
24480   15824
24490   15824
24500   15824
24510   15824
24520   15824
24530   15824
24540   15824
24550   15824
24560   15824
24570   15824
24580   15824
24590   15824
24600   15824
24610   15824
24620   15824
24630   15824
24640   15824
24650   15824
24660   15824
24670   15824
24680   15824
24690   15824
24700   15824
24710   15824
24720   15824
24730   15824
24740   15824
24750   15824
24760   15824
24770   15824
24780   15824
24790   15824
24800   15824
24810   15824
24820   15824
24830   15824
24840   15824
24850   15824
24860   15824
24870   15824
24880   15824
24890   15824
24900   15824
24910   15824
24920   15824
24930   15824
24940   15824
24950   15824
24960   15824
24970   15824
24980   15824
24990   15824
25000   15824
25010   15824
25020   15824
25030   15824
25040   15824
25050   15824
25060   15824
25070   15824
25080   15824
25090   15824
25100   15824
25110   15824
25120   15824
25130   15824
25140   15824
25150   15824
25160   15824
25170   15824
25180   15824
25190   15824
25200   15824
25210   15824
25220   15824
25230   15824
25240   15824
25250   15824
25260   15824
25270   15824
25280   15824
25290   15824
25300   15824
25310   15824
25320   15824
25330   15824
25340   15824
25350   15824
25360   15824
25370   15824
25380   15824
25390   15824
25400   15824
25410   15824
25420   15824
25430   15824
25440   15824
25450   15824
25460   15824
25470   15824
25480   15824
25490   15824
25500   15824
25510   15824
25520   15824
25530   15824
25540   15824
25550   15824
25560   15824
25570   15824
25580   15824
25590   15824
25600   15824
25610   15824
25620   15824
25630   15824
25640   15824
25650   15824
25660   15824
25670   15824
25680   15824
25690   15824
25700   15824
25710   15824
25720   15824
25730   15824
25740   15824
25750   15824
25760   15824
25770   15824
25780   15824
25790   15824
25800   15824
25810   15824
25820   15824
25830   15824
25840   15824
25850   15824
25860   15824
25870   15824
25880   15824
25890   15824
25900   15824
25910   15824
25920   15824
25930   15824
25940   15824
25950   15824
25960   15824
25970   15824
25980   15824
25990   15824
26000   15824
26010   15824
26020   15824
26030   15824
26040   15824
26050   15824
26060   15824
26070   15824
26080   15824
26090   15824
26100   15824
26110   15824
26120   15824
26130   15824
26140   15824
26150   15824
26160   15824
26170   15824
26180   15824
26190   15824
26200   15824
26210   15824
26220   15824
26230   15824
26240   15824
26250   15824
26260   15824
26270   15824
26280   15824
26290   15824
26300   15824
26310   15824
26320   15824
26330   15824
26340   15824
26350   15824
26360   15824
26370   15824
26380   15824
26390   15824
26400   15824
26410   15824
26420   15824
26430   15824
26440   15824
26450   15824
26460   15824
26470   15824
26480   15824
26490   15824
26500   15824
26510   15824
26520   15824
26530   15824
26540   15824
26550   15824
26560   15824
26570   15824
26580   15824
26590   15824
26600   15824
26610   15824
26620   15824
26630   15824
26640   15824
26650   15824
26660   15824
26670   15824
26680   15824
26690   15824
26700   15824
26710   15824
26720   15824
26730   15824
26740   15824
26750   15824
26760   15824
26770   15824
26780   15824
26790   15824
26800   15824
26810   15824
26820   15824
26830   15824
26840   15824
26850   15824
26860   15824
26870   15824
26880   15824
26890   15824
26900   15824
26910   15824
26920   15824
26930   15824
26940   15824
26950   15824
26960   15824
26970   15824
26980   15824
26990   15824
27000   15824
27010   15824
27020   15824
27030   15824
27040   15824
27050   15824
27060   15824
27070   15824
27080   15824
27090   15824
27100   15824
27110   15824
27120   15824
27130   15824
27140   15824
27150   15824
27160   15824
27170   15824
27180   15824
27190   15824
27200   15824
27210   15824
27220   15824
27230   15824
27240   15824
27250   15824
27260   15824
27270   15824
27280   15824
27290   15824
27300   15824
27310   15824
27320   15824
27330   15824
27340   15824
27350   15824
27360   15824
27370   15824
27380   15824
27390   15824
27400   15824
27410   15824
27420   15824
27430   15824
27440   15824
27450   15824
27460   15824
27470   15824
27480   15824
27490   15824
27500   15824
27510   15824
27520   15824
27530   15824
27540   15824
27550   15824
27560   15824
27570   15824
27580   15824
27590   15824
27600   15824
27610   15824
27620   15824
27630   15824
27640   15824
27650   15824
27660   15824
27670   15824
27680   15824
27690   15824
27700   15824
27710   15824
27720   15824
27730   15824
27740   15824
27750   15824
27760   15824
27770   15824
27780   15824
27790   15824
27800   15824
27810   15824
27820   15824
27830   15824
27840   15824
27850   15824
27860   15824
27870   15824
27880   15824
27890   15824
27900   15824
27910   15824
27920   15824
27930   15824
27940   15824
27950   15824
27960   15824
27970   15824
27980   15824
27990   15824
28000   15824
28010   15824
28020   15824
28030   15824
28040   15824
28050   15824
28060   15824
28070   15824
28080   15824
28090   15824
28100   15824
28110   15824
28120   15824
28130   15824
28140   15824
28150   15824
28160   15824
28170   15824
28180   15824
28190   15824
28200   15824
28210   15824
28220   15824
28230   15824
28240   15824
28250   15824
28260   15824
28270   15824
28280   15824
28290   15824
28300   15824
28310   15824
28320   15824
28330   15824
28340   15824
28350   15824
28360   15824
28370   15824
28380   15824
28390   15824
28400   15824
28410   15824
28420   15824
28430   15824
28440   15824
28450   15824
28460   15824
28470   15824
28480   15824
28490   15824
28500   15824
28510   15824
28520   15824
28530   15824
28540   15824
28550   15824
28560   15824
28570   15824
28580   15824
28590   15824
28600   15824
28610   15824
28620   15824
28630   15824
28640   15824
28650   15824
28660   15824
28670   15824
28680   15824
28690   15824
28700   15824
28710   15824
28720   15824
28730   15824
28740   15824
28750   15824
28760   15824
28770   15824
28780   15824
28790   15824
28800   15824
28810   15824
28820   15824
28830   15824
28840   15824
28850   15824
28860   15824
28870   15824
28880   15824
28890   15824
28900   15824
28910   15824
28920   15824
28930   15824
28940   15824
28950   15824
28960   15824
28970   15824
28980   15824
28990   15824
29000   15824
29010   15824
29020   15824
29030   15824
29040   15824
29050   15824
29060   15824
29070   15824
29080   15824
29090   15824
29100   15824
29110   15824
29120   15824
29130   15824
29140   15824
29150   15824
29160   15824
29170   15824
29180   15824
29190   15824
29200   15824
29210   15824
29220   15824
29230   15824
29240   15824
29250   15824
29260   15824
29270   15824
29280   15824
29290   15824
29300   15824
29310   15824
29320   15824
29330   15824
29340   15824
29350   15824
29360   15824
29370   15824
29380   15824
29390   15824
29400   15824
29410   15824
29420   15824
29430   15824
29440   15824
29450   15824
29460   15824
29470   15824
29480   15824
29490   15824
29500   15824
29510   15824
29520   15824
29530   15824
29540   15824
29550   15824
29560   15824
29570   15824
29580   15824
29590   15824
29600   15824
29610   15824
29620   15824
29630   15824
29640   15824
29650   15824
29660   15824
29670   15824
29680   15824
29690   15824
29700   15824
29710   15824
29720   15824
29730   15824
29740   15824
29750   15824
29760   15824
29770   15824
29780   15824
29790   15824
29800   15824
29810   15824
29820   15824
29830   15824
29840   15824
29850   15824
29860   15824
29870   15824
29880   15824
29890   15824
29900   15824
29910   15824
29920   15824
29930   15824
29940   15824
29950   15824
29960   15824
29970   15824
29980   15824
29990   15824
30000   15824
30010   15824
30020   15824
30030   15824
30040   15824
30050   15824
30060   15824
30070   15824
30080   15824
30090   15824
30100   15824
30110   15824
30120   15824
30130   15824
30140   15824
30150   15824
30160   15824
30170   15824
30180   15824
30190   15824
30200   15824
30210   15824
30220   15824
30230   15824
30240   15824
30250   15824
30260   15824
30270   15824
30280   15824
30290   15824
30300   15824
30310   15824
30320   15824
30330   15824
30340   15824
30350   15824
30360   15824
30370   15824
30380   15824
30390   15824
30400   15824
30410   15824
30420   15824
30430   15824
30440   15824
30450   15824
30460   15824
30470   15824
30480   15824
30490   15824
30500   15824
30510   15824
30520   15824
30530   15824
30540   15824
30550   15824
30560   15824
30570   15824
30580   15824
30590   15824
30600   15824
30610   15824
30620   15824
30630   15824
30640   15824
30650   15824
30660   15824
30670   15824
30680   15824
30690   15824
30700   15824
30710   15824
30720   15824
30730   15824
30740   15824
30750   15824
30760   15824
30770   15824
30780   15824
30790   15824
30800   15824
30810   15824
30820   15824
30830   15824
30840   15824
30850   15824
30860   15824
30870   15824
30880   15824
30890   15824
30900   15824
30910   15824
30920   15824
30930   15824
30940   15824
30950   15824
30960   15824
30970   15824
30980   15824
30990   15824
31000   15824
31010   15824
31020   15824
31030   15824
31040   15824
31050   15824
31060   15824
31070   15824
31080   15824
31090   15824
31100   15824
31110   15824
31120   15824
31130   15824
31140   15824
31150   15824
31160   15824
31170   15824
31180   15824
31190   15824
31200   15824
31210   15824
31220   15824
31230   15824
31240   15824
31250   15824
31260   15824
31270   15824
31280   15824
31290   15824
31300   15824
31310   15824
31320   15824
31330   15824
31340   15824
31350   15824
31360   15824
31370   15824
31380   15824
31390   15824
31400   15824
31410   15824
31420   15824
31430   15824
31440   15824
31450   15824
31460   15824
31470   15824
31480   15824
31490   15824
31500   15824
31510   15824
31520   15824
31530   15824
31540   15824
31550   15824
31560   15824
31570   15824
31580   15824
31590   15824
31600   15824
31610   15824
31620   15824
31630   15824
31640   15824
31650   15824
31660   15824
31670   15824
31680   15824
31690   15824
31700   15824
31710   15824
31720   15824
31730   15824
31740   15824
31750   15824
31760   15824
31770   15824
31780   15824
31790   15824
31800   15824
31810   15824
31820   15824
31830   15824
31840   15824
31850   15824
31860   15824
31870   15824
31880   15824
31890   15824
31900   15824
31910   15824
31920   15824
31930   15824
31940   15824
31950   15824
31960   15824
31970   15824
31980   15824
31990   15824
32000   15824
32010   15824
32020   15824
32030   15824
32040   15824
32050   15824
32060   15824
32070   15824
32080   15824
32090   15824
32100   15824
32110   15824
32120   15824
32130   15824
32140   15824
32150   15824
32160   15824
32170   15824
32180   15824
32190   15824
32200   15824
32210   15824
32220   15824
32230   15824
32240   15824
32250   15824
32260   15824
32270   15824
32280   15824
32290   15824
32300   15824
32310   15824
32320   15824
32330   15824
32340   15824
32350   15824
32360   15824
32370   15824
32380   15824
32390   15824
32400   15824
32410   15824
32420   15824
32430   15824
32440   15824
32450   15824
32460   15824
32470   15824
32480   15824
32490   15824
32500   15824
32510   15824
32520   15824
32530   15824
32540   15824
32550   15824
32560   15824
32570   15824
32580   15824
32590   15824
32600   15824
32610   15824
32620   15824
32630   15824
32640   15824
32650   15824
32660   15824
32670   15824
32680   15824
32690   15824
32700   15824
32710   15824
32720   15824
32730   15824
32740   15824
32750   15824
32760   15824
32770   15824
32780   15824
32790   15824
32800   15824
32810   15824
32820   15824
32830   15824
32840   15824
32850   15824
32860   15824
32870   15824
32880   15824
32890   15824
32900   15824
32910   15824
32920   15824
32930   15824
32940   15824
32950   15824
32960   15824
32970   15824
32980   15824
32990   15824
33000   15824
33010   15824
33020   15824
33030   15824
33040   15824
33050   15824
33060   15824
33070   15824
33080   15824
33090   15824
33100   15824
33110   15824
33120   15824
33130   15824
33140   15824
33150   15824
33160   15824
33170   15824
33180   15824
33190   15824
33200   15824
33210   15824
33220   15824
33230   15824
33240   15824
33250   15824
33260   15824
33270   15824
33280   15824
33290   15824
33300   15824
33310   15824
33320   15824
33330   15824
33340   15824
33350   15824
33360   15824
33370   15824
33380   15824
33390   15824
33400   15824
33410   15824
33420   15824
33430   15824
33440   15824
33450   15824
33460   15824
33470   15824
33480   15824
33490   15824
33500   15824
33510   15824
33520   15824
33530   15824
33540   15824
33550   15824
33560   15824
33570   15824
33580   15824
33590   15824
33600   15824
33610   15824
33620   15824
33630   15824
33640   15824
33650   15824
33660   15824
33670   15824
33680   15824
33690   15824
33700   15824
33710   15824
33720   15824
33730   15824
33740   15824
33750   15824
33760   15824
33770   15824
33780   15824
33790   15824
33800   15824
33810   15824
33820   15824
33830   15824
33840   15824
33850   15824
33860   15824
33870   15824
33880   15824
33890   15824
33900   15824
33910   15824
33920   15824
33930   15824
33940   15824
33950   15824
33960   15824
33970   15824
33980   15824
33990   15824
34000   15824
34010   15824
34020   15824
34030   15824
34040   15824
34050   15824
34060   15824
34070   15824
34080   15824
34090   15824
34100   15824
34110   15824
34120   15824
34130   15824
34140   15824
34150   15824
34160   15824
34170   15824
34180   15824
34190   15824
34200   15824
34210   15824
34220   15824
34230   15824
34240   15824
34250   15824
34260   15824
34270   15824
34280   15824
34290   15824
34300   15824
34310   15824
34320   15824
34330   15824
34340   15824
34350   15824
34360   15824
34370   15824
34380   15824
34390   15824
34400   15824
34410   15824
34420   15824
34430   15824
34440   15824
34450   15824
34460   15824
34470   15824
34480   15824
34490   15824
34500   15824
34510   15824
34520   15824
34530   15824
34540   15824
34550   15824
34560   15824
34570   15824
34580   15824
34590   15824
34600   15824
34610   15824
34620   15824
34630   15824
34640   15824
34650   15824
34660   15824
34670   15824
34680   15824
34690   15824
34700   15824
34710   15824
34720   15824
34730   15824
34740   15824
34750   15824
34760   15824
34770   15824
34780   15824
34790   15824
34800   15824
34810   15824
34820   15824
34830   15824
34840   15824
34850   15824
34860   15824
34870   15824
34880   15824
34890   15824
34900   15824
34910   15824
34920   15824
34930   15824
34940   15824
34950   15824
34960   15824
34970   15824
34980   15824
34990   15824
35000   15824
35010   15824
35020   15824
35030   15824
35040   15824
35050   15824
35060   15824
35070   15824
35080   15824
35090   15824
35100   15824
35110   15824
35120   15824
35130   15824
35140   15824
35150   15824
35160   15824
35170   15824
35180   15824
35190   15824
35200   15824
35210   15824
35220   15824
35230   15824
35240   15824
35250   15824
35260   15824
35270   15824
35280   15824
35290   15824
35300   15824
35310   15824
35320   15824
35330   15824
35340   15824
35350   15824
35360   15824
35370   15824
35380   15824
35390   15824
35400   15824
35410   15824
35420   15824
35430   15824
35440   15824
35450   15824
35460   15824
35470   15824
35480   15824
35490   15824
35500   15824
35510   15824
35520   15824
35530   15824
35540   15824
35550   15824
35560   15824
35570   15824
35580   15824
35590   15824
35600   15824
35610   15824
35620   15824
35630   15824
35640   15824
35650   15824
35660   15824
35670   15824
35680   15824
35690   15824
35700   15824
35710   15824
35720   15824
35730   15824
35740   15824
35750   15824
35760   15824
35770   15824
35780   15824
35790   15824
35800   15824
35810   15824
35820   15824
35830   15824
35840   15824
35850   15824
35860   15824
35870   15824
35880   15824
35890   15824
35900   15824
35910   15824
35920   15824
35930   15824
35940   15824
35950   15824
35960   15824
35970   15824
35980   15824
35990   15824
36000   15824
36010   15824
36020   15824
36030   15824
36040   15824
36050   15824
36060   15824
36070   15824
36080   15824
36090   15824
36100   15824
36110   15824
36120   15824
36130   15824
36140   15824
36150   15824
36160   15824
36170   15824
36180   15824
36190   15824
36200   15824
36210   15824
36220   15824
36230   15824
36240   15824
36250   15824
36260   15824
36270   15824
36280   15824
36290   15824
36300   15824
36310   15824
36320   15824
36330   15824
36340   15824
36350   15824
36360   15824
36370   15824
36380   15824
36390   15824
36400   15824
36410   15824
36420   15824
36430   15824
36440   15824
36450   15824
36460   15824
36470   15824
36480   15824
36490   15824
36500   15824
36510   15824
36520   15824
36530   15824
36540   15824
36550   15824
36560   15824
36570   15824
36580   15824
36590   15824
36600   15824
36610   15824
36620   15824
36630   15824
36640   15824
36650   15824
36660   15824
36670   15824
36680   15824
36690   15824
36700   15824
36710   15824
36720   15824
36730   15824
36740   15824
36750   15824
36760   15824
36770   15824
36780   15824
36790   15824
36800   15824
36810   15824
36820   15824
36830   15824
36840   15824
36850   15824
36860   15824
36870   15824
36880   15824
36890   15824
36900   15824
36910   15824
36920   15824
36930   15824
36940   15824
36950   15824
36960   15824
36970   15824
36980   15824
36990   15824
37000   15824
37010   15824
37020   15824
37030   15824
37040   15824
37050   15824
37060   15824
37070   15824
37080   15824
37090   15824
37100   15824
37110   15824
37120   15824
37130   15824
37140   15824
37150   15824
37160   15824
37170   15824
37180   15824
37190   15824
37200   15824
37210   15824
37220   15824
37230   15824
37240   15824
37250   15824
37260   15824
37270   15824
37280   15824
37290   15824
37300   15824
37310   15824
37320   15824
37330   15824
37340   15824
37350   15824
37360   15824
37370   15824
37380   15824
37390   15824
37400   15824
37410   15824
37420   15824
37430   15824
37440   15824
37450   15824
37460   15824
37470   15824
37480   15824
37490   15824
37500   15824
37510   15824
37520   15824
37530   15824
37540   15824
37550   15824
37560   15824
37570   15824
37580   15824
37590   15824
37600   15824
37610   15824
37620   15824
37630   15824
37640   15824
37650   15824
37660   15824
37670   15824
37680   15824
37690   15824
37700   15824
37710   15824
37720   15824
37730   15824
37740   15824
37750   15824
37760   15824
37770   15824
37780   15824
37790   15824
37800   15824
37810   15824
37820   15824
37830   15824
37840   15824
37850   15824
37860   15824
37870   15824
37880   15824
37890   15824
37900   15824
37910   15824
37920   15824
37930   15824
37940   15824
37950   15824
37960   15824
37970   15824
37980   15824
37990   15824
38000   15824
38010   15824
38020   15824
38030   15824
38040   15824
38050   15824
38060   15824
38070   15824
38080   15824
38090   15824
38100   15824
38110   15824
38120   15824
38130   15824
38140   15824
38150   15824
38160   15824
38170   15824
38180   15824
38190   15824
38200   15824
38210   15824
38220   15824
38230   15824
38240   15824
38250   15824
38260   15824
38270   15824
38280   15824
38290   15824
38300   15824
38310   15824
38320   15824
38330   15824
38340   15824
38350   15824
38360   15824
38370   15824
38380   15824
38390   15824
38400   15824
38410   15824
38420   15824
38430   15824
38440   15824
38450   15824
38460   15824
38470   15824
38480   15824
38490   15824
38500   15824
38510   15824
38520   15824
38530   15824
38540   15824
38550   15824
38560   15824
38570   15824
38580   15824
38590   15824
38600   15824
38610   15824
38620   15824
38630   15824
38640   15824
38650   15824
38660   15824
38670   15824
38680   15824
38690   15824
38700   15824
38710   15824
38720   15824
38730   15824
38740   15824
38750   15824
38760   15824
38770   15824
38780   15824
38790   15824
38800   15824
38810   15824
38820   15824
38830   15824
38840   15824
38850   15824
38860   15824
38870   15824
38880   15824
38890   15824
38900   15824
38910   15824
38920   15824
38930   15824
38940   15824
38950   15824
38960   15824
38970   15824
38980   15824
38990   15824
39000   15824
39010   15824
39020   15824
39030   15824
39040   15824
39050   15824
39060   15824
39070   15824
39080   15824
39090   15824
39100   15824
39110   15824
39120   15824
39130   15824
39140   15824
39150   15824
39160   15824
39170   15824
39180   15824
39190   15824
39200   15824
39210   15824
39220   15824
39230   15824
39240   15824
39250   15824
39260   15824
39270   15824
39280   15824
39290   15824
39300   15824
39310   15824
39320   15824
39330   15824
39340   15824
39350   15824
39360   15824
39370   15824
39380   15824
39390   15824
39400   15824
39410   15824
39420   15824
39430   15824
39440   15824
39450   15824
39460   15824
39470   15824
39480   15824
39490   15824
39500   15824
39510   15824
39520   15824
39530   15824
39540   15824
39550   15824
39560   15824
39570   15824
39580   15824
39590   15824
39600   15824
39610   15824
39620   15824
39630   15824
39640   15824
39650   15824
39660   15824
39670   15824
39680   15824
39690   15824
39700   15824
39710   15824
39720   15824
39730   15824
39740   15824
39750   15824
39760   15824
39770   15824
39780   15824
39790   15824
39800   15824
39810   15824
39820   15824
39830   15824
39840   15824
39850   15824
39860   15824
39870   15824
39880   15824
39890   15824
39900   15824
39910   15824
39920   15824
39930   15824
39940   15824
39950   15824
39960   15824
39970   15824
39980   15824
39990   15824
40000   15824
40010   15824
40020   15824
40030   15824
40040   15824
40050   15824
40060   15824
40070   15824
40080   15824
40090   15824
40100   15824
40110   15824
40120   15824
40130   15824
40140   15824
40150   15824
40160   15824
40170   15824
40180   15824
40190   15824
40200   15824
40210   15824
40220   15824
40230   15824
40240   15824
40250   15824
40260   15824
40270   15824
40280   15824
40290   15824
40300   15824
40310   15824
40320   15824
40330   15824
40340   15824
40350   15824
40360   15824
40370   15824
40380   15824
40390   15824
40400   15824
40410   15824
40420   15824
40430   15824
40440   15824
40450   15824
40460   15824
40470   15824
40480   15824
40490   15824
40500   15824
40510   15824
40520   15824
40530   15824
40540   15824
40550   15824
40560   15824
40570   15824
40580   15824
40590   15824
40600   15824
40610   15824
40620   15824
40630   15824
40640   15824
40650   15824
40660   15824
40670   15824
40680   15824
40690   15824
40700   15824
40710   15824
40720   15824
40730   15824
40740   15824
40750   15824
40760   15824
40770   15824
40780   15824
40790   15824
40800   15824
40810   15824
40820   15824
40830   15824
40840   15824
40850   15824
40860   15824
40870   15824
40880   15824
40890   15824
40900   15824
40910   15824
40920   15824
40930   15824
40940   15824
40950   15824
40960   15824
40970   15824
40980   15824
40990   15824
41000   15824
41010   15824
41020   15824
41030   15824
41040   15824
41050   15824
41060   15824
41070   15824
41080   15824
41090   15824
41100   15824
41110   15824
41120   15824
41130   15824
41140   15824
41150   15824
41160   15824
41170   15824
41180   15824
41190   15824
41200   15824
41210   15824
41220   15824
41230   15824
41240   15824
41250   15824
41260   15824
41270   15824
41280   15824
41290   15824
41300   15824
41310   15824
41320   15824
41330   15824
41340   15824
41350   15824
41360   15824
41370   15824
41380   15824
41390   15824
41400   15824
41410   15824
41420   15824
41430   15824
41440   15824
41450   15824
41460   15824
41470   15824
41480   15824
41490   15824
41500   15824
41510   15824
41520   15824
41530   15824
41540   15824
41550   15824
41560   15824
41570   15824
41580   15824
41590   15824
41600   15824
41610   15824
41620   15824
41630   15824
41640   15824
41650   15824
41660   15824
41670   15824
41680   15824
41690   15824
41700   15824
41710   15824
41720   15824
41730   15824
41740   15824
41750   15824
41760   15824
41770   15824
41780   15824
41790   15824
41800   15824
41810   15824
41820   15824
41830   15824
41840   15824
41850   15824
41860   15824
41870   15824
41880   15824
41890   15824
41900   15824
41910   15824
41920   15824
41930   15824
41940   15824
41950   15824
41960   15824
41970   15824
41980   15824
41990   15824
42000   15824
42010   15824
42020   15824
42030   15824
42040   15824
42050   15824
42060   15824
42070   15824
42080   15824
42090   15824
42100   15824
42110   15824
42120   15824
42130   15824
42140   15824
42150   15824
42160   15824
42170   15824
42180   15824
42190   15824
42200   15824
42210   15824
42220   15824
42230   15824
42240   15824
42250   15824
42260   15824
42270   15824
42280   15824
42290   15824
42300   15824
42310   15824
42320   15824
42330   15824
42340   15824
42350   15824
42360   15824
42370   15824
42380   15824
42390   15824
42400   15824
42410   15824
42420   15824
42430   15824
42440   15824
42450   15824
42460   15824
42470   15824
42480   15824
42490   15824
42500   15824
42510   15824
42520   15824
42530   15824
42540   15824
42550   15824
42560   15824
42570   15824
42580   15824
42590   15824
42600   15824
42610   15824
42620   15824
42630   15824
42640   15824
42650   15824
42660   15824
42670   15824
42680   15824
42690   15824
42700   15824
42710   15824
42720   15824
42730   15824
42740   15824
42750   15824
42760   15824
42770   15824
42780   15824
42790   15824
42800   15824
42810   15824
42820   15824
42830   15824
42840   15824
42850   15824
42860   15824
42870   15824
42880   15824
42890   15824
42900   15824
42910   15824
42920   15824
42930   15824
42940   15824
42950   15824
42960   15824
42970   15824
42980   15824
42990   15824
43000   15824
43010   15824
43020   15824
43030   15824
43040   15824
43050   15824
43060   15824
43070   15824
43080   15824
43090   15824
43100   15824
43110   15824
43120   15824
43130   15824
43140   15824
43150   15824
43160   15824
43170   15824
43180   15824
43190   15824
43200   15824
43210   15824
43220   15824
43230   15824
43240   15824
43250   15824
43260   15824
43270   15824
43280   15824
43290   15824
43300   15824
43310   15824
43320   15824
43330   15824
43340   15824
43350   15824
43360   15824
43370   15824
43380   15824
43390   15824
43400   15824
43410   15824
43420   15824
43430   15824
43440   15824
43450   15824
43460   15824
43470   15824
43480   15824
43490   15824
43500   15824
43510   15824
43520   15824
43530   15824
43540   15824
43550   15824
43560   15824
43570   15824
43580   15824
43590   15824
43600   15824
43610   15824
43620   15824
43630   15824
43640   15824
43650   15824
43660   15824
43670   15824
43680   15824
43690   15824
43700   15824
43710   15824
43720   15824
43730   15824
43740   15824
43750   15824
43760   15824
43770   15824
43780   15824
43790   15824
43800   15824
43810   15824
43820   15824
43830   15824
43840   15824
43850   15824
43860   15824
43870   15824
43880   15824
43890   15824
43900   15824
43910   15824
43920   15824
43930   15824
43940   15824
43950   15824
43960   15824
43970   15824
43980   15824
43990   15824
44000   15824
44010   15824
44020   15824
44030   15824
44040   15824
44050   15824
44060   15824
44070   15824
44080   15824
44090   15824
44100   15824
44110   15824
44120   15824
44130   15824
44140   15824
44150   15824
44160   15824
44170   15824
44180   15824
44190   15824
44200   15824
44210   15824
44220   15824
44230   15824
44240   15824
44250   15824
44260   15824
44270   15824
44280   15824
44290   15824
44300   15824
44310   15824
44320   15824
44330   15824
44340   15824
44350   15824
44360   15824
44370   15824
44380   15824
44390   15824
44400   15824
44410   15824
44420   15824
44430   15824
44440   15824
44450   15824
44460   15824
44470   15824
44480   15824
44490   15824
44500   15824
44510   15824
44520   15824
44530   15824
44540   15824
44550   15824
44560   15824
44570   15824
44580   15824
44590   15824
44600   15824
44610   15824
44620   15824
44630   15824
44640   15824
44650   15824
44660   15824
44670   15824
44680   15824
44690   15824
44700   15824
44710   15824
44720   15824
44730   15824
44740   15824
44750   15824
44760   15824
44770   15824
44780   15824
44790   15824
44800   15824
44810   15824
44820   15824
44830   15824
44840   15824
44850   15824
44860   15824
44870   15824
44880   15824
44890   15824
44900   15824
44910   15824
44920   15824
44930   15824
44940   15824
44950   15824
44960   15824
44970   15824
44980   15824
44990   15824
45000   15824
45010   15824
45020   15824
45030   15824
45040   15824
45050   15824
45060   15824
45070   15824
45080   15824
45090   15824
45100   15824
45110   15824
45120   15824
45130   15824
45140   15824
45150   15824
45160   15824
45170   15824
45180   15824
45190   15824
45200   15824
45210   15824
45220   15824
45230   15824
45240   15824
45250   15824
45260   15824
45270   15824
45280   15824
45290   15824
45300   15824
45310   15824
45320   15824
45330   15824
45340   15824
45350   15824
45360   15824
45370   15824
45380   15824
45390   15824
45400   15824
45410   15824
45420   15824
45430   15824
45440   15824
45450   15824
45460   15824
45470   15824
45480   15824
45490   15824
45500   15824
45510   15824
45520   15824
45530   15824
45540   15824
45550   15824
45560   15824
45570   15824
45580   15824
45590   15824
45600   15824
45610   15824
45620   15824
45630   15824
45640   15824
45650   15824
45660   15824
45670   15824
45680   15824
45690   15824
45700   15824
45710   15824
45720   15824
45730   15824
45740   15824
45750   15824
45760   15824
45770   15824
45780   15824
45790   15824
45800   15824
45810   15824
45820   15824
45830   15824
45840   15824
45850   15824
45860   15824
45870   15824
45880   15824
45890   15824
45900   15824
45910   15824
45920   15824
45930   15824
45940   15824
45950   15824
45960   15824
45970   15824
45980   15824
45990   15824
46000   15824
46010   15824
46020   15824
46030   15824
46040   15824
46050   15824
46060   15824
46070   15824
46080   15824
46090   15824
46100   15824
46110   15824
46120   15824
46130   15824
46140   15824
46150   15824
46160   15824
46170   15824
46180   15824
46190   15824
46200   15824
46210   15824
46220   15824
46230   15824
46240   15824
46250   15824
46260   15824
46270   15824
46280   15824
46290   15824
46300   15824
46310   15824
46320   15824
46330   15824
46340   15824
46350   15824
46360   15824
46370   15824
46380   15824
46390   15824
46400   15824
46410   15824
46420   15824
46430   15824
46440   15824
46450   15824
46460   15824
46470   15824
46480   15824
46490   15824
46500   15824
46510   15824
46520   15824
46530   15824
46540   15824
46550   15824
46560   15824
46570   15824
46580   15824
46590   15824
46600   15824
46610   15824
46620   15824
46630   15824
46640   15824
46650   15824
46660   15824
46670   15824
46680   15824
46690   15824
46700   15824
46710   15824
46720   15824
46730   15824
46740   15824
46750   15824
46760   15824
46770   15824
46780   15824
46790   15824
46800   15824
46810   15824
46820   15824
46830   15824
46840   15824
46850   15824
46860   15824
46870   15824
46880   15824
46890   15824
46900   15824
46910   15824
46920   15824
46930   15824
46940   15824
46950   15824
46960   15824
46970   15824
46980   15824
46990   15824
47000   15824
47010   15824
47020   15824
47030   15824
47040   15824
47050   15824
47060   15824
47070   15824
47080   15824
47090   15824
47100   15824
47110   15824
47120   15824
47130   15824
47140   15824
47150   15824
47160   15824
47170   15824
47180   15824
47190   15824
47200   15824
47210   15824
47220   15824
47230   15824
47240   15824
47250   15824
47260   15824
47270   15824
47280   15824
47290   15824
47300   15824
47310   15824
47320   15824
47330   15824
47340   15824
47350   15824
47360   15824
47370   15824
47380   15824
47390   15824
47400   15824
47410   15824
47420   15824
47430   15824
47440   15824
47450   15824
47460   15824
47470   15824
47480   15824
47490   15824
47500   15824
47510   15824
47520   15824
47530   15824
47540   15824
47550   15824
47560   15824
47570   15824
47580   15824
47590   15824
47600   15824
47610   15824
47620   15824
47630   15824
47640   15824
47650   15824
47660   15824
47670   15824
47680   15824
47690   15824
47700   15824
47710   15824
47720   15824
47730   15824
47740   15824
47750   15824
47760   15824
47770   15824
47780   15824
47790   15824
47800   15824
47810   15824
47820   15824
47830   15824
47840   15824
47850   15824
47860   15824
47870   15824
47880   15824
47890   15824
47900   15824
47910   15824
47920   15824
47930   15824
47940   15824
47950   15824
47960   15824
47970   15824
47980   15824
47990   15824
48000   15824
48010   15824
48020   15824
48030   15824
48040   15824
48050   15824
48060   15824
48070   15824
48080   15824
48090   15824
48100   15824
48110   15824
48120   15824
48130   15824
48140   15824
48150   15824
48160   15824
48170   15824
48180   15824
48190   15824
48200   15824
48210   15824
48220   15824
48230   15824
48240   15824
48250   15824
48260   15824
48270   15824
48280   15824
48290   15824
48300   15824
48310   15824
48320   15824
48330   15824
48340   15824
48350   15824
48360   15824
48370   15824
48380   15824
48390   15824
48400   15824
48410   15824
48420   15824
48430   15824
48440   15824
48450   15824
48460   15824
48470   15824
48480   15824
48490   15824
48500   15824
48510   15824
48520   15824
48530   15824
48540   15824
48550   15824
48560   15824
48570   15824
48580   15824
48590   15824
48600   15824
48610   15824
48620   15824
48630   15824
48640   15824
48650   15824
48660   15824
48670   15824
48680   15824
48690   15824
48700   15824
48710   15824
48720   15824
48730   15824
48740   15824
48750   15824
48760   15824
48770   15824
48780   15824
48790   15824
48800   15824
48810   15824
48820   15824
48830   15824
48840   15824
48850   15824
48860   15824
48870   15824
48880   15824
48890   15824
48900   15824
48910   15824
48920   15824
48930   15824
48940   15824
48950   15824
48960   15824
48970   15824
48980   15824
48990   15824
49000   15824
49010   15824
49020   15824
49030   15824
49040   15824
49050   15824
49060   15824
49070   15824
49080   15824
49090   15824
49100   15824
49110   15824
49120   15824
49130   15824
49140   15824
49150   15824
49160   15824
49170   15824
49180   15824
49190   15824
49200   15824
49210   15824
49220   15824
49230   15824
49240   15824
49250   15824
49260   15824
49270   15824
49280   15824
49290   15824
49300   15824
49310   15824
49320   15824
49330   15824
49340   15824
49350   15824
49360   15824
49370   15824
49380   15824
49390   15824
49400   15824
49410   15824
49420   15824
49430   15824
49440   15824
49450   15824
49460   15824
49470   15824
49480   15824
49490   15824
49500   15824
49510   15824
49520   15824
49530   15824
49540   15824
49550   15824
49560   15824
49570   15824
49580   15824
49590   15824
49600   15824
49610   15824
49620   15824
49630   15824
49640   15824
49650   15824
49660   15824
49670   15824
49680   15824
49690   15824
49700   15824
49710   15824
49720   15824
49730   15824
49740   15824
49750   15824
49760   15824
49770   15824
49780   15824
49790   15824
49800   15824
49810   15824
49820   15824
49830   15824
49840   15824
49850   15824
49860   15824
49870   15824
49880   15824
49890   15824
49900   15824
49910   15824
49920   15824
49930   15824
49940   15824
49950   15824
49960   15824
49970   15824
49980   15824
49990   15824
50000   15824
50010   15824
50020   15824
50030   15824
50040   15824
50050   15824
50060   15824
50070   15824
50080   15824
50090   15824
50100   15824
50110   15824
50120   15824
50130   15824
50140   15824
50150   15824
50160   15824
50170   15824
50180   15824
50190   15824
50200   15824
50210   15824
50220   15824
50230   15824
50240   15824
50250   15824
50260   15824
50270   15824
50280   15824
50290   15824
50300   15824
50310   15824
50320   15824
50330   15824
50340   15824
50350   15824
50360   15824
50370   15824
50380   15824
50390   15824
50400   15824
50410   15824
50420   15824
50430   15824
50440   15824
50450   15824
50460   15824
50470   15824
50480   15824
50490   15824
50500   15824
50510   15824
50520   15824
50530   15824
50540   15824
50550   15824
50560   15824
50570   15824
50580   15824
50590   15824
50600   15824
50610   15824
50620   15824
50630   15824
50640   15824
50650   15824
50660   15824
50670   15824
50680   15824
50690   15824
50700   15824
50710   15824
50720   15824
50730   15824
50740   15824
50750   15824
50760   15824
50770   15824
50780   15824
50790   15824
50800   15824
50810   15824
50820   15824
50830   15824
50840   15824
50850   15824
50860   15824
50870   15824
50880   15824
50890   15824
50900   15824
50910   15824
50920   15824
50930   15824
50940   15824
50950   15824
50960   15824
50970   15824
50980   15824
50990   15824
51000   15824
51010   15824
51020   15824
51030   15824
51040   15824
51050   15824
51060   15824
51070   15824
51080   15824
51090   15824
51100   15824
51110   15824
51120   15824
51130   15824
51140   15824
51150   15824
51160   15824
51170   15824
51180   15824
51190   15824
51200   15824
51210   15824
51220   15824
51230   15824
51240   15824
51250   15824
51260   15824
51270   15824
51280   15824
51290   15824
51300   15824
51310   15824
51320   15824
51330   15824
51340   15824
51350   15824
51360   15824
51370   15824
51380   15824
51390   15824
51400   15824
51410   15824
51420   15824
51430   15824
51440   15824
51450   15824
51460   15824
51470   15824
51480   15824
51490   15824
51500   15824
51510   15824
51520   15824
51530   15824
51540   15824
51550   15824
51560   15824
51570   15824
51580   15824
51590   15824
51600   15824
51610   15824
51620   15824
51630   15824
51640   15824
51650   15824
51660   15824
51670   15824
51680   15824
51690   15824
51700   15824
51710   15824
51720   15824
51730   15824
51740   15824
51750   15824
51760   15824
51770   15824
51780   15824
51790   15824
51800   15824
51810   15824
51820   15824
51830   15824
51840   15824
51850   15824
51860   15824
51870   15824
51880   15824
51890   15824
51900   15824
51910   15824
51920   15824
51930   15824
51940   15824
51950   15824
51960   15824
51970   15824
51980   15824
51990   15824
52000   15824
52010   15824
52020   15824
52030   15824
52040   15824
52050   15824
52060   15824
52070   15824
52080   15824
52090   15824
52100   15824
52110   15824
52120   15824
52130   15824
52140   15824
52150   15824
52160   15824
52170   15824
52180   15824
52190   15824
52200   15824
52210   15824
52220   15824
52230   15824
52240   15824
52250   15824
52260   15824
52270   15824
52280   15824
52290   15824
52300   15824
52310   15824
52320   15824
52330   15824
52340   15824
52350   15824
52360   15824
52370   15824
52380   15824
52390   15824
52400   15824
52410   15824
52420   15824
52430   15824
52440   15824
52450   15824
52460   15824
52470   15824
52480   15824
52490   15824
52500   15824
52510   15824
52520   15824
52530   15824
52540   15824
52550   15824
52560   15824
52570   15824
52580   15824
52590   15824
52600   15824
52610   15824
52620   15824
52630   15824
52640   15824
52650   15824
52660   15824
52670   15824
52680   15824
52690   15824
52700   15824
52710   15824
52720   15824
52730   15824
52740   15824
52750   15824
52760   15824
52770   15824
52780   15824
52790   15824
52800   15824
52810   15824
52820   15824
52830   15824
52840   15824
52850   15824
52860   15824
52870   15824
52880   15824
52890   15824
52900   15824
52910   15824
52920   15824
52930   15824
52940   15824
52950   15824
52960   15824
52970   15824
52980   15824
52990   15824
53000   15824
53010   15824
53020   15824
53030   15824
53040   15824
53050   15824
53060   15824
53070   15824
53080   15824
53090   15824
53100   15824
53110   15824
53120   15824
53130   15824
53140   15824
53150   15824
53160   15824
53170   15824
53180   15824
53190   15824
53200   15824
53210   15824
53220   15824
53230   15824
53240   15824
53250   15824
53260   15824
53270   15824
53280   15824
53290   15824
53300   15824
53310   15824
53320   15824
53330   15824
53340   15824
53350   15824
53360   15824
53370   15824
53380   15824
53390   15824
53400   15824
53410   15824
53420   15824
53430   15824
53440   15824
53450   15824
53460   15824
53470   15824
53480   15824
53490   15824
53500   15824
53510   15824
53520   15824
53530   15824
53540   15824
53550   15824
53560   15824
53570   15824
53580   15824
53590   15824
53600   15824
53610   15824
53620   15824
53630   15824
53640   15824
53650   15824
53660   15824
53670   15824
53680   15824
53690   15824
53700   15824
53710   15824
53720   15824
53730   15824
53740   15824
53750   15824
53760   15824
53770   15824
53780   15824
53790   15824
53800   15824
53810   15824
53820   15824
53830   15824
53840   15824
53850   15824
53860   15824
53870   15824
53880   15824
53890   15824
53900   15824
53910   15824
53920   15824
53930   15824
53940   15824
53950   15824
53960   15824
53970   15824
53980   15824
53990   15824
54000   15824
54010   15824
54020   15824
54030   15824
54040   15824
54050   15824
54060   15824
54070   15824
54080   15824
54090   15824
54100   15824
54110   15824
54120   15824
54130   15824
54140   15824
54150   15824
54160   15824
54170   15824
54180   15824
54190   15824
54200   15824
54210   15824
54220   15824
54230   15824
54240   15824
54250   15824
54260   15824
54270   15824
54280   15824
54290   15824
54300   15824
54310   15824
54320   15824
54330   15824
54340   15824
54350   15824
54360   15824
54370   15824
54380   15824
54390   15824
54400   15824
54410   15824
54420   15824
54430   15824
54440   15824
54450   15824
54460   15824
54470   15824
54480   15824
54490   15824
54500   15824
54510   15824
54520   15824
54530   15824
54540   15824
54550   15824
54560   15824
54570   15824
54580   15824
54590   15824
54600   15824
54610   15824
54620   15824
54630   15824
54640   15824
54650   15824
54660   15824
54670   15824
54680   15824
54690   15824
54700   15824
54710   15824
54720   15824
54730   15824
54740   15824
54750   15824
54760   15824
54770   15824
54780   15824
54790   15824
54800   15824
54810   15824
54820   15824
54830   15824
54840   15824
54850   15824
54860   15824
54870   15824
54880   15824
54890   15824
54900   15824
54910   15824
54920   15824
54930   15824
54940   15824
54950   15824
54960   15824
54970   15824
54980   15824
54990   15824
55000   15824
55010   15824
55020   15824
55030   15824
55040   15824
55050   15824
55060   15824
55070   15824
55080   15824
55090   15824
55100   15824
55110   15824
55120   15824
55130   15824
55140   15824
55150   15824
55160   15824
55170   15824
55180   15824
55190   15824
55200   15824
55210   15824
55220   15824
55230   15824
55240   15824
55250   15824
55260   15824
55270   15824
55280   15824
55290   15824
55300   15824
55310   15824
55320   15824
55330   15824
55340   15824
55350   15824
55360   15824
55370   15824
55380   15824
55390   15824
55400   15824
55410   15824
55420   15824
55430   15824
55440   15824
55450   15824
55460   15824
55470   15824
55480   15824
55490   15824
55500   15824
55510   15824
55520   15824
55530   15824
55540   15824
55550   15824
55560   15824
55570   15824
55580   15824
55590   15824
55600   15824
55610   15824
55620   15824
55630   15824
55640   15824
55650   15824
55660   15824
55670   15824
55680   15824
55690   15824
55700   15824
55710   15824
55720   15824
55730   15824
55740   15824
55750   15824
55760   15824
55770   15824
55780   15824
55790   15824
55800   15824
55810   15824
55820   15824
55830   15824
55840   15824
55850   15824
55860   15824
55870   15824
55880   15824
55890   15824
55900   15824
55910   15824
55920   15824
55930   15824
55940   15824
55950   15824
55960   15824
55970   15824
55980   15824
55990   15824
56000   15824
56010   15824
56020   15824
56030   15824
56040   15824
56050   15824
56060   15824
56070   15824
56080   15824
56090   15824
56100   15824
56110   15824
56120   15824
56130   15824
56140   15824
56150   15824
56160   15824
56170   15824
56180   15824
56190   15824
56200   15824
56210   15824
56220   15824
56230   15824
56240   15824
56250   15824
56260   15824
56270   15824
56280   15824
56290   15824
56300   15824
56310   15824
56320   15824
56330   15824
56340   15824
56350   15824
56360   15824
56370   15824
56380   15824
56390   15824
56400   15824
56410   15824
56420   15824
56430   15824
56440   15824
56450   15824
56460   15824
56470   15824
56480   15824
56490   15824
56500   15824
56510   15824
56520   15824
56530   15824
56540   15824
56550   15824
56560   15824
56570   15824
56580   15824
56590   15824
56600   15824
56610   15824
