10   101864
20   101864
30   101864
10   101864
20   101864
30   101864
40   101640
50   101640
60   101640
70   101640
80   101640
90   101608
100   101608
110   101608
120   101608
130   101608
140   101608
150   101608
160   101608
170   101608
180   101608
190   101608
200   101608
210   101608
220   101608
230   101608
240   101608
250   101608
260   101608
270   101608
280   101608
290   101608
300   101608
310   101608
320   101608
330   101608
340   101608
350   101608
360   101608
370   101608
380   101608
390   101608
400   101608
410   101608
420   101608
430   101528
440   101528
450   101528
460   101528
470   101528
480   101528
490   101528
500   101528
510   101528
520   101528
530   101528
540   101528
550   101528
560   101528
570   101528
580   101528
590   101528
600   101528
610   101528
620   101528
630   101528
640   101528
650   101528
660   101528
670   101528
680   101528
690   101528
700   101528
710   101528
720   101528
730   101528
740   101528
750   101528
760   101528
770   101528
780   101528
790   101528
800   101528
810   101528
820   101528
830   101528
840   101528
850   101528
860   101528
870   101528
880   101528
890   101528
900   101528
910   101528
920   101528
930   101528
940   101528
950   101528
960   101528
970   101528
980   101528
990   101528
1000   101528
1010   101528
1020   101528
1030   101528
1040   101528
1050   101528
1060   101528
1070   101528
1080   101528
1090   101528
1100   101528
1110   101528
1120   101528
1130   101528
1140   101528
1150   101528
1160   101528
1170   101528
1180   101528
1190   101528
1200   101528
1210   101528
1220   101528
1230   101528
1240   101528
1250   101528
1260   101528
1270   101528
1280   101528
1290   101528
1300   101528
1310   101528
1320   101528
1330   101528
1340   101528
1350   101528
1360   101528
1370   101528
1380   101528
1390   101528
1400   101528
1410   101528
1420   101528
1430   101528
1440   101528
1450   101528
1460   101528
1470   101528
1480   101528
1490   101528
1500   101528
1510   101528
1520   101528
1530   101528
1540   101528
1550   101528
1560   101528
1570   101528
1580   101528
1590   101528
1600   101528
1610   101528
1620   101528
1630   101528
1640   101528
1650   101528
1660   101528
1670   101528
1680   101528
1690   101528
1700   101528
1710   101528
1720   101528
1730   101528
1740   101528
1750   101528
1760   101528
1770   101528
1780   101528
1790   101528
1800   101528
1810   101528
1820   101528
1830   101528
1840   101528
1850   101528
1860   101528
1870   101528
1880   101528
1890   101528
1900   101528
1910   101528
1920   101528
1930   101528
1940   101528
1950   101528
1960   101528
1970   101528
1980   101528
1990   101528
2000   101528
2010   101528
2020   101528
2030   101528
2040   101528
2050   101528
2060   101528
2070   101528
2080   101528
2090   101528
2100   101528
2110   101528
2120   101528
2130   101528
2140   101528
2150   101528
2160   101528
2170   101528
2180   101528
2190   101528
2200   101528
2210   101528
2220   101528
2230   101528
2240   101528
2250   101528
2260   101528
2270   101528
2280   101528
2290   101528
2300   101528
2310   101528
2320   101528
2330   101528
2340   101528
2350   101528
2360   101528
2370   101528
2380   101528
2390   101528
2400   101528
2410   101528
2420   101528
2430   101528
2440   101528
2450   101528
2460   101528
2470   101528
2480   101528
2490   101528
2500   101528
2510   101528
2520   101528
2530   101528
2540   101528
2550   101528
2560   101528
2570   101528
2580   101528
2590   101528
2600   101528
2610   101528
2620   101528
2630   101528
2640   101528
2650   101528
2660   101528
2670   101528
2680   101528
2690   101528
2700   101528
2710   101528
2720   101528
2730   101528
2740   101528
2750   101528
2760   101528
2770   101528
2780   101528
2790   101528
2800   101528
2810   101528
2820   101528
2830   101528
2840   101528
2850   101528
2860   101432
2870   101432
2880   101432
2890   101432
2900   101432
2910   101432
2920   101432
2930   101432
2940   101432
2950   101432
2960   101432
2970   101432
2980   101432
2990   101432
3000   101432
3010   101432
3020   101432
3030   101432
3040   101432
3050   101432
3060   101432
3070   101432
3080   101432
3090   101432
3100   101432
3110   101432
3120   101432
3130   101432
3140   101432
3150   101432
3160   101432
3170   101432
3180   101432
3190   101432
3200   101432
3210   101432
3220   101432
3230   101432
3240   101432
3250   101432
3260   101432
3270   101432
3280   101432
3290   101432
3300   101432
3310   101432
3320   101432
3330   101432
3340   101432
3350   101432
3360   101432
3370   101432
3380   101432
3390   101432
3400   101432
3410   101432
3420   101432
3430   101432
3440   101432
3450   101432
3460   101432
3470   101432
3480   101432
3490   101432
3500   101432
3510   101432
3520   101432
3530   101432
3540   101432
3550   101432
3560   101432
3570   101432
3580   101432
3590   101432
3600   101432
3610   101432
3620   101432
3630   101432
3640   101432
3650   101432
3660   101432
3670   101432
3680   101432
3690   101432
3700   101432
3710   101432
3720   101432
3730   101432
3740   101432
3750   101432
3760   101432
3770   101432
3780   101432
3790   101432
3800   101432
3810   101432
3820   101432
3830   101432
3840   101432
3850   101432
3860   101432
3870   101432
3880   101432
3890   101432
3900   101432
3910   101432
3920   101432
3930   101432
3940   101432
3950   101432
3960   101432
3970   101432
3980   101432
3990   101432
4000   101432
4010   101432
4020   101432
4030   101432
4040   101432
4050   101432
4060   101432
4070   101432
4080   101432
4090   101432
4100   101432
4110   101432
4120   101432
4130   101432
4140   101432
4150   101432
4160   101432
4170   101336
4180   101336
4190   101336
4200   101336
4210   101336
4220   101336
4230   101336
4240   101336
4250   101336
4260   101336
4270   101336
4280   101336
4290   101336
4300   101336
4310   101336
4320   101336
4330   101336
4340   101336
4350   101336
4360   101336
4370   101336
4380   101336
4390   101336
4400   101336
4410   101336
4420   101336
4430   101336
4440   101336
4450   101336
4460   101336
4470   101336
4480   101336
4490   101336
4500   101336
4510   101336
4520   101336
4530   101336
4540   101336
4550   101336
4560   101336
4570   101336
4580   101336
4590   101336
4600   101336
4610   101336
4620   101336
4630   101336
4640   101336
4650   101336
4660   101336
4670   101336
4680   101336
4690   101336
4700   101336
4710   101336
4720   101336
4730   101336
4740   101336
4750   101336
4760   101336
4770   101336
4780   101336
4790   101336
4800   101336
4810   101336
4820   101336
4830   101336
4840   101336
4850   101336
4860   101336
4870   101336
4880   101336
4890   101336
4900   101336
4910   101336
4920   101336
4930   101336
4940   101336
4950   101336
4960   101336
4970   101336
4980   101336
4990   101336
5000   101336
5010   101336
5020   101336
5030   101336
5040   101336
5050   101336
5060   101336
5070   101336
5080   101336
5090   101336
5100   101336
5110   101336
5120   101336
5130   101336
5140   101336
5150   101336
5160   101336
5170   101336
5180   101336
5190   101336
5200   101336
5210   101336
5220   101336
5230   101336
5240   101336
5250   101336
5260   101336
5270   101336
5280   101336
5290   101336
5300   101336
5310   101336
5320   101336
5330   101336
5340   101336
5350   101336
5360   101336
5370   101336
5380   101336
5390   101336
5400   101336
5410   101336
5420   101336
5430   101336
5440   101336
5450   101336
5460   101336
5470   101336
5480   101336
5490   101336
5500   101336
5510   101336
5520   101336
5530   101336
5540   101336
5550   101336
5560   101336
5570   101336
5580   101336
5590   101336
5600   101336
5610   101336
5620   101336
5630   101336
5640   101336
5650   101336
5660   101336
5670   101336
5680   101336
5690   101336
5700   101336
5710   101336
5720   101336
5730   101336
5740   101336
5750   101336
5760   101336
5770   101336
5780   101336
5790   101336
5800   101336
5810   101336
5820   101336
5830   101336
5840   101336
5850   101336
5860   101336
5870   101336
5880   101336
5890   101336
5900   101336
5910   101336
5920   101336
5930   101336
5940   101336
5950   101336
5960   101336
5970   101336
5980   101336
5990   101336
6000   101336
6010   101336
6020   101336
6030   101336
6040   101336
6050   101336
6060   101336
6070   101336
6080   101336
6090   101336
6100   101336
6110   101336
6120   101336
6130   101336
6140   101336
6150   101336
6160   101336
6170   101336
6180   101336
6190   101336
6200   101336
6210   101336
6220   101336
6230   101336
6240   101336
6250   101336
6260   101336
6270   101336
6280   101336
6290   101336
6300   101336
6310   101336
6320   101336
6330   101336
6340   101336
6350   101336
6360   101336
6370   101336
6380   101336
6390   101336
6400   101336
6410   101336
6420   101336
6430   101336
6440   101336
6450   101336
6460   101336
6470   101336
6480   101336
6490   101336
6500   101336
6510   101336
6520   101336
6530   101336
6540   101336
6550   101336
6560   101336
6570   101336
6580   101336
6590   101336
6600   101336
6610   101336
6620   101336
6630   101336
6640   101336
6650   101336
6660   101336
6670   101336
6680   101336
6690   101336
6700   101336
6710   101336
6720   101336
6730   101336
6740   101336
6750   101336
6760   101336
6770   101336
6780   101336
6790   101336
6800   101336
6810   101336
6820   101336
6830   101336
6840   101336
6850   101336
6860   101336
6870   101336
6880   101336
6890   101336
6900   101336
6910   101336
6920   101336
6930   101336
6940   101336
6950   101336
6960   101336
6970   101336
6980   101336
6990   101336
7000   101336
7010   101336
7020   101336
7030   101336
7040   101336
7050   101336
7060   101336
7070   101336
7080   101336
7090   101336
7100   101336
7110   101336
7120   101336
7130   101336
7140   101336
7150   101336
7160   101336
7170   101336
7180   101336
7190   101336
7200   101336
7210   101336
7220   101336
7230   101336
7240   101336
7250   101336
7260   101336
7270   101336
7280   101336
7290   101336
7300   101336
7310   101336
7320   101336
7330   101336
7340   101336
7350   101336
7360   101336
7370   101336
7380   101336
7390   101336
7400   101336
7410   101336
7420   101336
7430   101336
7440   101336
7450   101336
7460   101336
7470   101336
7480   101336
7490   101336
7500   101336
7510   101336
7520   101336
7530   101336
7540   101336
7550   101336
7560   101336
7570   101336
7580   101336
7590   101336
7600   101336
7610   101336
7620   101336
7630   101336
7640   101336
7650   101336
7660   101336
7670   101336
7680   101336
7690   101336
7700   101336
7710   101336
7720   101336
7730   101336
7740   101336
7750   101336
7760   101336
7770   101336
7780   101336
7790   101336
7800   101336
7810   101336
7820   101336
7830   101336
7840   101336
7850   101336
7860   101336
7870   101336
7880   101336
7890   101336
7900   101336
7910   101336
7920   101336
7930   101336
7940   101336
7950   101336
7960   101336
7970   101336
7980   101336
7990   101336
8000   101336
8010   101336
8020   101336
8030   101336
8040   101336
8050   101336
8060   101336
8070   101336
8080   101336
8090   101336
8100   101336
8110   101336
8120   101336
8130   101336
8140   101336
8150   101336
8160   101336
8170   101336
8180   101336
8190   101336
8200   101336
8210   101336
8220   101336
8230   101336
8240   101336
8250   101336
8260   101336
8270   101336
8280   101336
8290   101336
8300   101336
8310   101336
8320   101336
8330   101336
8340   101336
8350   101336
8360   101336
8370   101336
8380   101336
8390   101336
8400   101336
8410   101336
8420   101336
8430   101336
8440   101336
8450   101336
8460   101336
8470   101336
8480   101336
8490   101336
8500   101336
8510   101336
8520   101336
8530   101336
8540   101336
8550   101336
8560   101336
8570   101336
8580   101336
8590   101336
8600   101336
8610   101336
8620   101336
8630   101336
8640   101336
8650   101336
8660   101336
8670   101336
8680   101336
8690   101336
8700   101336
8710   101336
8720   101336
8730   101336
8740   101336
8750   101336
8760   101336
8770   101336
8780   101336
8790   101336
8800   101336
8810   101336
8820   101336
8830   101336
8840   101336
8850   101336
8860   101336
8870   101336
8880   101336
8890   101336
8900   101336
8910   101336
8920   101336
8930   101336
8940   101336
8950   101336
8960   101336
8970   101336
8980   101336
8990   101336
9000   101336
9010   101336
9020   101336
9030   101336
9040   101304
9050   101304
9060   101304
9070   101304
9080   101304
9090   101304
9100   101304
9110   101304
9120   101304
9130   101304
9140   101304
9150   101304
9160   101304
9170   101304
9180   101304
9190   101304
9200   101304
9210   101304
9220   101304
9230   101304
9240   101304
9250   101304
9260   101304
9270   101304
9280   101304
9290   101304
9300   101304
9310   101304
9320   101304
9330   101304
9340   101304
9350   101304
9360   101304
9370   101304
9380   101304
9390   101304
9400   101304
9410   101304
9420   101304
9430   101304
9440   101304
9450   101304
9460   101304
9470   101304
9480   101304
9490   101304
9500   101304
9510   101304
9520   101304
9530   101304
9540   101304
9550   101304
9560   101304
9570   101304
9580   101304
9590   101304
9600   101304
9610   101304
9620   101304
9630   101304
9640   101304
9650   101304
9660   101304
9670   101304
9680   101304
9690   101304
9700   101304
9710   101304
9720   101304
9730   101304
9740   101304
9750   101304
9760   101304
9770   101304
9780   101304
9790   101304
9800   101304
9810   101304
9820   101304
9830   101304
9840   101304
9850   101304
9860   101304
9870   101304
9880   101304
9890   101304
9900   101304
9910   101304
9920   101304
9930   101304
9940   101304
9950   101304
9960   101304
9970   101304
9980   101304
9990   101304
10000   101304
10010   101304
10020   101304
10030   101304
10040   101304
10050   101304
10060   101304
10070   101304
10080   101304
10090   101304
10100   101304
10110   101304
10120   101304
10130   101304
10140   101304
10150   101304
10160   101304
10170   101304
10180   101304
10190   101304
10200   101304
10210   101304
10220   101304
10230   101304
10240   101304
10250   101304
10260   101304
10270   101304
10280   101304
10290   101304
10300   101304
10310   101304
10320   101304
10330   101304
10340   101304
10350   101304
10360   101304
10370   101304
10380   101304
10390   101304
10400   101304
10410   101304
10420   101304
10430   101304
10440   101304
10450   101304
10460   101304
10470   101304
10480   101304
10490   101304
10500   101304
10510   101304
10520   101304
10530   101304
10540   101304
10550   101304
10560   101304
10570   101304
10580   101304
10590   101304
10600   101304
10610   101304
10620   101304
10630   101304
10640   101304
10650   101304
10660   101304
10670   101304
10680   101304
10690   101304
10700   101304
10710   101304
10720   101304
10730   101304
10740   101304
10750   101304
10760   101304
10770   101304
10780   101304
10790   101304
10800   101304
10810   101304
10820   101304
10830   101304
10840   101304
10850   101304
10860   101304
10870   101304
10880   101304
10890   101304
10900   101304
10910   101304
10920   101304
10930   101304
10940   101304
10950   101304
10960   101304
10970   101304
10980   101304
10990   101304
11000   101304
11010   101304
11020   101304
11030   101304
11040   101304
11050   101304
11060   101304
11070   101304
11080   101304
11090   101304
11100   101304
11110   101304
11120   101304
11130   101304
11140   101304
11150   101304
11160   101304
11170   101304
11180   101304
11190   101304
11200   101304
11210   101304
11220   101304
11230   101304
11240   101304
11250   101304
11260   101304
11270   101304
11280   101304
11290   101304
11300   101304
11310   101304
11320   101304
11330   101304
11340   101304
11350   101304
11360   101304
11370   101304
11380   101304
11390   101304
11400   101304
11410   101304
11420   101304
11430   101304
11440   101304
11450   101304
11460   101304
11470   101304
11480   101304
11490   101304
11500   101304
11510   101304
11520   101304
11530   101304
11540   101304
11550   101304
11560   101304
11570   101304
11580   101304
11590   101304
11600   101304
11610   101304
11620   101304
11630   101304
11640   101304
11650   101304
11660   101304
11670   101304
11680   101304
11690   101304
11700   101304
11710   101304
11720   101304
11730   101304
11740   101304
11750   101304
11760   101304
11770   101304
11780   101304
11790   101304
11800   101304
11810   101304
11820   101304
11830   101304
11840   101304
11850   101304
11860   101304
11870   101304
11880   101304
11890   101304
11900   101304
11910   101304
11920   101304
11930   101304
11940   101304
11950   101304
11960   101304
11970   101304
11980   101304
11990   101304
12000   101304
12010   101304
12020   101304
12030   101304
12040   101304
12050   101304
12060   101304
12070   101304
12080   101304
12090   101304
12100   101304
12110   101304
12120   101304
12130   101304
12140   101304
12150   101304
12160   101304
12170   101304
12180   101304
12190   101304
12200   101304
12210   101304
12220   101304
12230   101304
12240   101304
12250   101304
12260   101304
12270   101304
12280   101304
12290   101304
12300   101304
12310   101304
12320   101304
12330   101304
12340   101304
12350   101304
12360   101304
12370   101304
12380   101304
12390   101304
12400   101304
12410   101304
12420   101304
12430   101304
12440   101304
12450   101304
12460   101304
12470   101304
12480   101304
12490   101304
12500   101304
12510   101304
12520   101304
12530   101304
12540   101304
12550   101304
12560   101304
12570   101304
12580   101304
12590   101304
12600   101304
12610   101304
12620   101304
12630   101304
12640   101304
12650   101304
12660   101304
12670   101304
12680   101304
12690   101304
12700   101304
12710   101304
12720   101304
12730   101304
12740   101304
12750   101304
12760   101304
12770   101304
12780   101304
12790   101304
12800   101304
12810   101304
12820   101304
12830   101304
12840   101304
12850   101304
12860   101304
12870   101304
12880   101304
12890   101304
12900   101304
12910   101304
12920   101304
12930   101304
12940   101304
12950   101304
12960   101304
12970   101304
12980   101304
12990   101304
13000   101304
13010   101304
13020   101304
13030   101304
13040   101304
13050   101304
13060   101304
13070   101304
13080   101304
13090   101304
13100   101304
13110   101304
13120   101304
13130   101304
13140   101304
13150   101304
13160   101304
13170   101304
13180   101304
13190   101304
13200   101304
13210   101304
13220   101304
13230   101304
13240   101304
13250   101304
13260   101304
13270   101304
13280   101304
13290   101304
13300   101304
13310   101304
13320   101304
13330   101304
13340   101304
13350   101304
13360   101304
13370   101304
13380   101304
13390   101304
13400   101304
13410   101304
13420   101304
13430   101304
13440   101304
13450   101304
13460   101304
13470   101304
13480   101304
13490   101304
13500   101304
13510   101304
13520   101304
13530   101304
13540   101304
13550   101304
13560   101304
13570   101304
13580   101304
13590   101304
13600   101304
13610   101304
13620   101304
13630   101304
13640   101304
13650   101304
13660   101304
13670   101304
13680   101304
13690   101304
13700   101304
13710   101304
13720   101304
13730   101304
13740   101304
13750   101304
13760   101304
13770   101304
13780   101304
13790   101304
13800   101304
13810   101304
13820   101304
13830   101304
13840   101304
13850   101304
13860   101304
13870   101304
13880   101304
13890   101304
13900   101304
13910   101304
13920   101304
13930   101304
13940   101304
13950   101304
13960   101304
13970   101304
13980   101304
13990   101304
14000   101304
14010   101304
14020   101304
14030   101304
14040   101304
14050   101304
14060   101304
14070   101304
14080   101304
14090   101304
14100   101304
14110   101304
14120   101304
14130   101304
14140   101304
14150   101304
14160   101304
14170   101304
14180   101304
14190   101304
14200   101304
14210   101304
14220   101304
14230   101304
14240   101304
14250   101304
14260   101304
14270   101304
14280   101304
14290   101304
14300   101304
14310   101304
14320   101304
14330   101304
14340   101304
14350   101304
14360   101304
14370   101304
14380   101304
14390   101304
14400   101304
14410   101304
14420   101304
14430   101304
14440   101304
14450   101304
14460   101304
14470   101304
14480   101304
14490   101304
14500   101304
14510   101304
14520   101304
14530   101304
14540   101304
14550   101304
14560   101304
14570   101304
14580   101304
14590   101304
14600   101304
14610   101304
14620   101304
14630   101304
14640   101304
14650   101304
14660   101304
14670   101304
14680   101304
14690   101304
14700   101304
14710   101304
14720   101304
14730   101304
14740   101304
14750   101304
14760   101304
14770   101304
14780   101304
14790   101304
14800   101304
14810   101304
14820   101304
14830   101304
14840   101304
14850   101304
14860   101304
14870   101304
14880   101304
14890   101304
14900   101304
14910   101304
14920   101304
14930   101304
14940   101304
14950   101304
14960   101304
14970   101304
14980   101304
14990   101304
15000   101304
15010   101304
15020   101304
15030   101304
15040   101304
15050   101304
15060   101304
15070   101304
15080   101304
15090   101304
15100   101304
15110   101304
15120   101304
15130   101304
15140   101304
15150   101304
15160   101304
15170   101304
15180   101304
15190   101304
15200   101304
15210   101304
15220   101304
15230   101304
15240   101304
15250   101304
15260   101304
15270   101304
15280   101304
15290   101304
15300   101304
15310   101304
15320   101304
15330   101304
15340   101304
15350   101304
15360   101304
15370   101304
15380   101304
15390   101304
15400   101304
15410   101304
15420   101304
15430   101304
15440   101304
15450   101304
15460   101304
15470   101304
15480   101304
15490   101304
15500   101304
15510   101304
15520   101304
15530   101304
15540   101304
15550   101304
15560   101304
15570   101304
15580   101304
15590   101304
15600   101304
15610   101304
15620   101304
15630   101304
15640   101304
15650   101304
15660   101304
15670   101304
15680   101304
15690   101304
15700   101304
15710   101304
15720   101304
15730   101304
15740   101304
15750   101304
15760   101304
15770   101304
15780   101304
15790   101304
15800   101304
15810   101304
15820   101304
15830   101304
15840   101304
15850   101304
15860   101304
15870   101304
15880   101304
15890   101304
15900   101304
15910   101304
15920   101304
15930   101304
15940   101304
15950   101304
15960   101304
15970   101304
15980   101304
15990   101304
16000   101304
16010   101304
16020   101304
16030   101304
16040   101304
16050   101304
16060   101304
16070   101304
16080   101304
16090   101304
16100   101304
16110   101304
16120   101304
16130   101304
16140   101304
16150   101304
16160   101304
16170   101304
16180   101304
16190   101304
16200   101304
16210   101304
16220   101304
16230   101304
16240   101304
16250   101304
16260   101304
16270   101304
16280   101304
16290   101304
16300   101304
16310   101304
16320   101304
16330   101304
16340   101304
16350   101304
16360   101304
16370   101304
16380   101304
16390   101304
16400   101304
16410   101304
16420   101304
16430   101304
16440   101304
16450   101304
16460   101304
16470   101304
16480   101304
16490   101304
16500   101304
16510   101304
16520   101304
16530   101304
16540   101304
16550   101304
16560   101304
16570   101304
16580   101304
16590   101304
16600   101304
16610   101304
16620   101304
16630   101304
16640   101304
16650   101304
16660   101304
16670   101304
16680   101304
16690   101304
16700   101304
16710   101304
16720   101304
16730   101304
16740   101304
16750   101304
16760   101304
16770   101304
16780   101304
16790   101304
16800   101304
16810   101304
16820   101304
16830   101304
16840   101304
16850   101304
16860   101304
16870   101304
16880   101304
16890   101304
16900   101304
16910   101304
16920   101304
16930   101304
16940   101304
16950   101304
16960   101304
16970   101304
16980   101304
16990   101304
17000   101304
17010   101304
17020   101304
17030   101304
17040   101304
17050   101304
17060   101304
17070   101304
17080   101304
17090   101304
17100   101304
17110   101304
17120   101304
17130   101304
17140   101304
17150   101304
17160   101304
17170   101304
17180   101304
17190   101304
17200   101304
17210   101304
17220   101304
17230   101304
17240   101304
17250   101304
17260   101304
17270   101304
17280   101304
17290   101304
17300   101304
17310   101304
17320   101304
17330   101304
17340   101304
17350   101304
17360   101304
17370   101304
17380   101304
17390   101304
17400   101304
17410   101304
17420   101304
17430   101304
17440   101304
17450   101304
17460   101304
17470   101304
17480   101304
17490   101304
17500   101304
17510   101304
17520   101304
17530   101304
17540   101304
17550   101304
17560   101304
17570   101304
17580   101304
17590   101304
17600   101304
17610   101304
17620   101304
17630   101304
17640   101304
17650   101304
17660   101304
17670   101304
17680   101304
17690   101304
17700   101304
17710   101304
17720   101304
17730   101304
17740   101304
17750   101304
17760   101304
17770   101304
17780   101304
17790   101304
17800   101304
17810   101304
17820   101304
17830   101304
17840   101304
17850   101304
17860   101304
17870   101304
17880   101304
17890   101304
17900   101304
17910   101304
17920   101304
17930   101304
17940   101304
17950   101304
17960   101304
17970   101304
17980   101304
17990   101304
18000   101304
18010   101304
18020   101304
18030   101304
18040   101304
18050   101304
18060   101304
18070   101304
18080   101304
18090   101304
18100   101304
18110   101304
18120   101304
18130   101304
18140   101304
18150   101304
18160   101304
18170   101304
18180   101304
18190   101304
18200   101304
18210   101304
18220   101304
18230   101304
18240   101304
18250   101304
18260   101304
18270   101304
18280   101304
18290   101304
18300   101304
18310   101304
18320   101304
18330   101304
18340   101304
18350   101304
18360   101304
18370   101304
18380   101304
18390   101304
18400   101304
18410   101304
18420   101304
18430   101304
18440   101304
18450   101304
18460   101304
18470   101304
18480   101304
18490   101304
18500   101304
18510   101304
18520   101304
18530   101304
18540   101304
18550   101304
18560   101304
18570   101304
18580   101304
18590   101304
18600   101304
18610   101304
18620   101304
18630   101304
18640   101304
18650   101304
18660   101304
18670   101304
18680   101304
18690   101304
18700   101304
18710   101304
18720   101304
18730   101304
18740   101304
18750   101304
18760   101304
18770   101304
18780   101304
18790   101304
18800   101304
18810   101304
18820   101304
18830   101304
18840   101304
18850   101304
18860   101304
18870   101304
18880   101304
18890   101304
18900   101304
18910   101304
18920   101304
18930   101304
18940   101304
18950   101304
18960   101304
18970   101304
18980   101304
18990   101304
19000   101304
19010   101304
19020   101304
19030   101304
19040   101304
19050   101304
19060   101304
19070   101304
19080   101304
19090   101304
19100   101304
19110   101304
19120   101304
19130   101304
19140   101304
19150   101304
19160   101304
19170   101304
19180   101304
19190   101304
19200   101304
19210   101304
19220   101304
19230   101304
19240   101304
19250   101304
19260   101304
19270   101304
19280   101304
19290   101304
19300   101304
19310   101304
19320   101304
19330   101304
19340   101304
19350   101304
19360   101304
19370   101304
19380   101304
19390   101304
19400   101304
19410   101304
19420   101304
19430   101304
19440   101304
19450   101304
19460   101304
19470   101304
19480   101304
19490   101304
19500   101304
19510   101304
19520   101304
19530   101304
19540   101304
19550   101304
19560   101304
19570   101304
19580   101304
19590   101304
19600   101304
19610   101304
19620   101304
19630   101304
19640   101304
19650   101304
19660   101304
19670   101304
19680   101304
19690   101304
19700   101304
19710   101304
19720   101304
19730   101304
19740   101304
19750   101304
19760   101304
19770   101304
19780   101304
19790   101304
19800   101304
19810   101304
19820   101304
19830   101304
19840   101304
19850   101304
19860   101304
19870   101304
19880   101304
19890   101304
19900   101304
19910   101304
19920   101304
19930   101304
19940   101304
19950   101304
19960   101304
19970   101304
19980   101304
19990   101304
20000   101304
20010   101304
20020   101304
20030   101304
20040   101304
20050   101304
20060   101304
20070   101304
20080   101304
20090   101304
20100   101304
20110   101304
20120   101304
20130   101304
20140   101304
20150   101304
20160   101304
20170   101304
20180   101304
20190   101304
20200   101304
20210   101304
20220   101304
20230   101304
20240   101304
20250   101304
20260   101304
20270   101304
20280   101304
20290   101304
20300   101304
20310   101304
20320   101304
20330   101304
20340   101304
20350   101304
20360   101304
20370   101304
20380   101304
20390   101304
20400   101304
20410   101304
20420   101304
20430   101304
20440   101304
20450   101304
20460   101304
20470   101304
20480   101304
20490   101304
20500   101304
20510   101304
20520   101304
20530   101304
20540   101304
20550   101304
20560   101304
20570   101304
20580   101304
20590   101304
20600   101304
20610   101304
20620   101304
20630   101304
20640   101304
20650   101304
20660   101304
20670   101304
20680   101304
20690   101304
20700   101304
20710   101304
20720   101304
20730   101304
20740   101304
20750   101304
20760   101304
20770   101304
20780   101304
20790   101304
20800   101304
20810   101304
20820   101304
20830   101304
20840   101304
20850   101304
20860   101304
20870   101304
20880   101304
20890   101304
20900   101304
20910   101304
20920   101304
20930   101304
20940   101304
20950   101304
20960   101304
20970   101304
20980   101304
20990   101304
21000   101304
21010   101304
21020   101304
21030   101304
21040   101304
21050   101304
21060   101304
21070   101304
21080   101304
21090   101304
21100   101304
21110   101304
21120   101304
21130   101304
21140   101304
21150   101304
21160   101304
21170   101304
21180   101304
21190   101304
21200   101304
21210   101304
21220   101304
21230   101304
21240   101304
21250   101304
21260   101304
21270   101304
21280   101304
21290   101304
21300   101304
21310   101304
21320   101304
21330   101304
21340   101304
21350   101304
21360   101304
21370   101304
21380   101304
21390   101304
21400   101304
21410   101304
21420   101304
21430   101304
21440   101304
21450   101304
21460   101304
21470   101304
21480   101304
21490   101304
21500   101304
21510   101304
21520   101304
21530   101304
21540   101304
21550   101304
21560   101304
21570   101304
21580   101304
21590   101304
21600   101304
21610   101304
21620   101304
21630   101304
21640   101304
21650   101304
21660   101304
21670   101304
21680   101304
21690   101304
21700   101304
21710   101304
21720   101304
21730   101304
21740   101304
21750   101304
21760   101304
21770   101304
21780   101304
21790   101304
21800   101304
21810   101304
21820   101304
21830   101304
21840   101304
21850   101304
21860   101304
21870   101304
21880   101304
21890   101304
21900   101304
21910   101304
21920   101304
21930   101304
21940   101304
21950   101304
21960   101304
21970   101304
21980   101304
21990   101304
22000   101304
22010   101304
22020   101304
22030   101304
22040   101304
22050   101304
22060   101304
22070   101304
22080   101304
22090   101304
22100   101304
22110   101304
22120   101304
22130   101304
22140   101304
22150   101304
22160   101304
22170   101304
22180   101304
22190   101304
22200   101304
22210   101304
22220   101304
22230   101304
22240   101304
22250   101304
22260   101304
22270   101304
22280   101304
22290   101304
22300   101304
22310   101304
22320   101304
22330   101304
22340   101304
22350   101304
22360   101304
22370   101304
22380   101304
22390   101304
22400   101304
22410   101304
22420   101304
22430   101304
22440   101304
22450   101304
22460   101304
22470   101304
22480   101304
22490   101304
22500   101304
22510   101304
22520   101304
22530   101304
22540   101304
22550   101304
22560   101304
22570   101304
22580   101304
22590   101304
22600   101304
22610   101304
22620   101304
22630   101304
22640   101304
22650   101304
22660   101304
22670   101304
22680   101304
22690   101304
22700   101304
22710   101304
22720   101304
22730   101304
22740   101304
22750   101304
22760   101304
22770   101304
22780   101304
22790   101304
22800   101304
22810   101304
22820   101304
22830   101304
22840   101304
22850   101304
22860   101304
22870   101304
22880   101304
22890   101304
22900   101304
22910   101304
22920   101304
22930   101304
22940   101304
22950   101304
22960   101304
22970   101304
22980   101304
22990   101304
23000   101304
23010   101304
23020   101304
23030   101304
23040   101304
23050   101304
23060   101304
23070   101304
23080   101304
23090   101304
23100   101304
23110   101304
23120   101304
23130   101304
23140   101304
23150   101304
23160   101304
23170   101304
23180   101304
23190   101304
23200   101304
23210   101304
23220   101304
23230   101304
23240   101304
23250   101304
23260   101304
23270   101304
23280   101304
23290   101304
23300   101304
23310   101304
23320   101304
23330   101304
23340   101304
23350   101304
23360   101304
23370   101304
23380   101304
23390   101304
23400   101304
23410   101304
23420   101304
23430   101304
23440   101304
23450   101304
23460   101304
23470   101304
23480   101304
23490   101304
23500   101304
23510   101304
23520   101304
23530   101304
23540   101304
23550   101304
23560   101304
23570   101304
23580   101304
23590   101304
23600   101304
23610   101304
23620   101304
23630   101304
23640   101304
23650   101304
23660   101304
23670   101304
23680   101304
23690   101304
23700   101304
23710   101304
23720   101304
23730   101304
23740   101304
23750   101304
23760   101304
23770   101304
23780   101304
23790   101304
23800   101304
23810   101304
23820   101304
23830   101304
23840   101304
23850   101304
23860   101304
23870   101304
23880   101304
23890   101304
23900   101304
23910   101304
23920   101304
23930   101304
23940   101304
23950   101304
23960   101304
23970   101304
23980   101304
23990   101304
24000   101304
24010   101304
24020   101304
24030   101304
24040   101304
24050   101304
24060   101304
24070   101304
24080   101304
24090   101304
24100   101304
24110   101304
24120   101304
24130   101304
24140   101304
24150   101304
24160   101304
24170   101304
24180   101304
24190   101304
24200   101304
24210   101304
24220   101304
24230   101304
24240   101304
24250   101304
24260   101304
24270   101304
24280   101304
24290   101304
24300   101304
24310   101304
24320   101304
24330   101304
24340   101304
24350   101304
24360   101304
24370   101304
24380   101304
24390   101304
24400   101304
24410   101304
24420   101304
24430   101304
24440   101304
24450   101304
24460   101304
24470   101304
24480   101304
24490   101304
24500   101304
24510   101304
24520   101304
24530   101304
24540   101304
24550   101304
24560   101304
24570   101304
24580   101304
24590   101304
24600   101304
24610   101304
24620   101304
24630   101304
24640   101304
24650   101304
24660   101304
24670   101304
24680   101304
24690   101304
24700   101304
24710   101304
24720   101304
24730   101304
24740   101304
24750   101304
24760   101304
24770   101304
24780   101304
24790   101304
24800   101304
24810   101304
24820   101304
24830   101304
24840   101304
24850   101304
24860   101304
24870   101304
24880   101304
24890   101304
24900   101304
24910   101304
24920   101304
24930   101304
24940   101304
24950   101304
24960   101304
24970   101304
24980   101304
24990   101304
25000   101304
25010   101304
25020   101304
25030   101304
25040   101304
25050   101304
25060   101304
25070   101304
25080   101304
25090   101304
25100   101304
25110   101304
25120   101304
25130   101304
25140   101304
25150   101304
25160   101304
25170   101304
25180   101304
25190   101304
25200   101304
25210   101304
25220   101304
25230   101304
25240   101304
25250   101304
25260   101304
25270   101304
25280   101304
25290   101304
25300   101304
25310   101304
25320   101304
25330   101304
25340   101304
25350   101304
25360   101304
25370   101304
25380   101304
25390   101304
25400   101304
25410   101304
25420   101304
25430   101304
25440   101304
25450   101304
25460   101304
25470   101304
25480   101304
25490   101304
25500   101304
25510   101304
25520   101304
25530   101304
25540   101304
25550   101304
25560   101304
25570   101304
25580   101304
25590   101304
25600   101304
25610   101304
25620   101304
25630   101304
25640   101304
25650   101304
25660   101304
25670   101304
25680   101304
25690   101304
25700   101304
25710   101304
25720   101304
25730   101304
25740   101304
25750   101304
25760   101304
25770   101304
25780   101304
25790   101304
25800   101304
25810   101304
25820   101304
25830   101304
25840   101304
25850   101304
25860   101304
25870   101304
25880   101304
25890   101304
25900   101304
25910   101304
25920   101304
25930   101304
25940   101304
25950   101304
25960   101304
25970   101304
25980   101304
25990   101304
26000   101304
26010   101304
26020   101304
26030   101304
26040   101304
26050   101304
26060   101304
26070   101304
26080   101304
26090   101304
26100   101304
26110   101304
26120   101304
26130   101304
26140   101304
26150   101304
26160   101304
26170   101304
26180   101304
26190   101304
26200   101304
26210   101304
26220   101304
26230   101304
26240   101304
26250   101304
26260   101304
26270   101304
26280   101304
26290   101304
26300   101304
26310   101304
26320   101304
26330   101304
26340   101304
26350   101304
26360   101304
26370   101304
26380   101304
26390   101304
26400   101304
26410   101304
26420   101304
26430   101304
26440   101304
26450   101304
26460   101304
26470   101304
26480   101304
26490   101304
26500   101304
26510   101304
26520   101304
26530   101304
26540   101304
26550   101304
26560   101304
26570   101304
26580   101304
26590   101304
26600   101304
26610   101304
26620   101304
26630   101304
26640   101304
26650   101304
26660   101304
26670   101304
26680   101304
26690   101304
26700   101304
26710   101304
26720   101304
26730   101304
26740   101304
26750   101304
26760   101304
26770   101304
26780   101304
26790   101304
26800   101304
26810   101304
26820   101304
26830   101304
26840   101304
26850   101304
26860   101304
26870   101304
26880   101304
26890   101304
26900   101304
26910   101304
26920   101304
26930   101304
26940   101304
26950   101304
26960   101304
26970   101304
26980   101304
26990   101304
27000   101304
27010   101304
27020   101304
27030   101304
27040   101304
27050   101304
27060   101304
27070   101304
27080   101304
27090   101304
27100   101304
27110   101304
27120   101304
27130   101304
27140   101304
27150   101304
27160   101304
27170   101304
27180   101304
27190   101304
27200   101304
27210   101304
27220   101304
27230   101304
27240   101304
27250   101304
27260   101304
27270   101304
27280   101304
27290   101304
27300   101304
27310   101304
27320   101304
27330   101304
27340   101304
27350   101304
27360   101304
27370   101304
27380   101304
27390   101304
27400   101304
27410   101304
27420   101304
27430   101304
27440   101304
27450   101304
27460   101304
27470   101304
27480   101304
27490   101304
27500   101304
27510   101304
27520   101304
27530   101304
27540   101304
27550   101304
27560   101304
27570   101304
27580   101304
27590   101304
27600   101304
27610   101304
27620   101304
27630   101304
27640   101304
27650   101304
27660   101304
27670   101304
27680   101304
27690   101304
27700   101304
27710   101304
27720   101304
27730   101304
27740   101304
27750   101304
27760   101304
27770   101304
27780   101304
27790   101304
27800   101304
27810   101304
27820   101304
27830   101304
27840   101304
27850   101304
27860   101304
27870   101304
27880   101304
27890   101304
27900   101304
27910   101304
27920   101304
27930   101304
27940   101304
27950   101304
27960   101304
27970   101304
27980   101304
27990   101304
28000   101304
28010   101304
28020   101304
28030   101304
28040   101304
28050   101304
28060   101304
28070   101304
28080   101304
28090   101304
28100   101304
28110   101304
28120   101304
28130   101304
28140   101304
28150   101304
28160   101304
28170   101304
28180   101304
28190   101304
28200   101304
28210   101304
28220   101304
28230   101304
28240   101304
28250   101304
28260   101304
28270   101304
28280   101304
28290   101304
28300   101304
28310   101304
28320   101304
28330   101304
28340   101304
28350   101304
28360   101304
28370   101304
28380   101304
28390   101304
28400   101304
28410   101304
28420   101304
28430   101304
28440   101304
28450   101304
28460   101304
28470   101304
28480   101304
28490   101304
28500   101304
28510   101304
28520   101304
28530   101304
28540   101304
28550   101304
28560   101304
28570   101304
28580   101304
28590   101304
28600   101304
28610   101304
28620   101304
28630   101304
28640   101304
28650   101304
28660   101304
28670   101304
28680   101304
28690   101304
28700   101304
28710   101304
28720   101304
28730   101304
28740   101304
28750   101304
28760   101304
28770   101304
28780   101304
28790   101304
28800   101304
28810   101304
28820   101304
28830   101304
28840   101304
28850   101304
28860   101304
28870   101304
28880   101304
28890   101304
28900   101304
28910   101304
28920   101304
28930   101304
28940   101304
28950   101304
28960   101304
28970   101304
28980   101304
28990   101304
29000   101304
29010   101304
29020   101304
29030   101304
29040   101304
29050   101304
29060   101304
29070   101304
29080   101304
29090   101304
