10   1396
20   1348
30   1264
40   1264
50   1264
60   1212
70   1212
80   1212
90   1212
100   1212
110   1212
120   1212
130   1212
140   1212
150   1212
160   1212
170   1212
180   1212
190   1140
200   1140
210   1140
220   1140
230   1140
240   1140
250   1140
260   1140
270   1140
280   1140
290   1140
300   1140
310   1140
320   1140
330   1140
340   1140
350   1140
360   1140
370   1140
380   1140
390   1140
400   1140
410   1140
420   1140
430   1140
440   1140
450   1140
460   1140
470   1140
480   1140
490   1140
500   1140
510   1140
520   1140
530   1140
540   1140
550   1140
560   1140
570   1140
580   1140
590   1140
600   1140
610   1140
620   1140
630   1140
640   1140
650   1140
660   1140
670   1140
680   1140
690   1140
700   1140
710   1140
720   1140
730   1140
740   1140
750   1140
760   1140
770   1140
780   1140
790   1140
800   1140
810   1140
820   1140
830   1140
840   1140
850   1140
860   1140
870   1140
880   1140
890   1140
900   1140
910   1140
920   1140
930   1140
940   1140
950   1140
960   1140
970   1140
980   1140
990   1140
1000   1140
1010   1140
1020   1140
1030   1140
1040   1140
1050   1140
1060   1140
1070   1140
1080   1140
1090   1140
1100   1140
1110   1140
1120   1140
1130   1140
1140   1140
1150   1140
1160   1140
1170   1140
1180   1140
1190   1140
1200   1140
1210   1140
1220   1140
1230   1096
1240   1096
1250   1096
1260   1096
1270   1096
1280   1096
1290   1096
1300   1096
1310   1096
1320   1096
1330   1096
1340   1096
1350   1096
1360   1096
1370   1096
1380   1096
1390   1096
1400   1096
1410   1096
1420   1096
1430   1096
1440   1096
1450   1096
1460   1096
1470   1092
1480   1092
1490   1092
1500   1092
1510   1092
1520   1092
1530   1092
1540   1092
1550   1092
1560   1092
1570   1092
1580   1092
1590   1092
1600   1092
1610   1092
1620   1092
1630   1092
1640   1092
1650   1092
1660   1092
1670   1092
1680   1092
1690   1092
1700   1092
1710   1092
1720   1092
1730   1092
1740   1092
1750   1092
1760   1092
1770   1092
1780   1092
1790   1092
1800   1092
1810   1092
1820   1092
1830   1092
1840   1092
1850   1092
1860   1092
1870   1092
1880   1092
1890   1092
1900   1092
1910   1092
1920   1092
1930   1092
1940   1092
1950   1092
1960   1092
1970   1092
1980   1092
1990   1092
2000   1092
2010   1092
2020   1092
2030   1092
2040   1092
2050   1092
2060   1092
2070   1092
2080   1092
2090   1092
2100   1092
2110   1092
2120   1092
2130   1092
2140   1092
2150   1092
2160   1092
2170   1092
2180   1092
2190   1092
2200   1092
2210   1092
2220   1092
2230   1092
2240   1092
2250   1092
2260   1092
2270   1092
2280   1092
2290   1092
2300   1092
2310   1092
2320   1092
2330   1092
2340   1092
2350   1092
2360   1092
2370   1092
2380   1092
2390   1092
2400   1092
2410   1092
2420   1092
2430   1092
2440   1092
2450   1092
2460   1092
2470   1092
2480   1092
2490   1092
2500   1092
2510   1092
2520   1092
2530   1092
2540   1092
2550   1092
2560   1092
2570   1092
2580   1092
2590   1092
2600   1092
2610   1092
2620   1092
2630   1092
2640   1092
2650   1092
2660   1092
2670   1092
2680   1092
2690   1092
2700   1092
2710   1092
2720   1092
2730   1092
2740   1092
2750   1092
2760   1092
2770   1092
2780   1092
2790   1092
2800   1092
2810   1092
2820   1092
2830   1092
2840   1092
2850   1092
2860   1092
2870   1092
2880   1092
2890   1092
2900   1092
2910   1092
2920   1092
2930   1092
2940   1092
2950   1092
2960   1088
2970   1088
2980   1088
2990   1088
3000   1088
3010   1088
3020   1088
3030   1088
3040   1088
3050   1088
3060   1088
3070   1088
3080   1088
3090   1088
3100   1088
3110   1088
3120   1088
3130   1088
3140   1088
3150   1088
3160   1088
3170   1088
3180   1088
3190   1088
3200   1088
3210   1088
3220   1088
3230   1088
3240   1088
3250   1088
3260   1088
3270   1088
3280   1088
3290   1088
3300   1088
3310   1088
3320   1088
3330   1088
3340   1088
3350   1088
3360   1088
3370   1088
3380   1088
3390   1088
3400   1088
3410   1088
3420   1088
3430   1088
3440   1088
3450   1088
3460   1088
3470   1088
3480   1088
3490   1088
3500   1088
3510   1088
3520   1088
3530   1088
3540   1088
3550   1088
3560   1088
3570   1088
3580   1088
3590   1088
3600   1088
3610   1088
3620   1088
3630   1088
3640   1088
3650   1088
3660   1088
3670   1088
3680   1088
3690   1088
3700   1088
3710   1088
3720   1088
3730   1088
3740   1088
3750   1088
3760   1088
3770   1088
3780   1088
3790   1088
3800   1088
3810   1088
3820   1088
3830   1088
3840   1088
3850   1088
3860   1088
3870   1088
3880   1088
3890   1088
3900   1088
3910   1088
3920   1088
3930   1088
3940   1088
3950   1088
3960   1088
3970   1088
3980   1088
3990   1088
4000   1088
4010   1088
4020   1088
4030   1088
4040   1088
4050   1088
4060   1088
4070   1088
4080   1088
4090   1088
4100   1088
4110   1088
4120   1088
4130   1088
4140   1088
4150   1088
4160   1088
4170   1088
4180   1088
4190   1088
4200   1088
4210   1088
4220   1088
4230   1088
4240   1088
4250   1088
4260   1088
4270   1088
4280   1088
4290   1088
4300   1088
4310   1088
4320   1088
4330   1088
4340   1088
4350   1088
4360   1088
4370   1088
4380   1088
4390   1088
4400   1088
4410   1088
4420   1088
4430   1088
4440   1088
4450   1088
4460   1088
4470   1088
4480   1088
4490   1088
4500   1088
4510   1088
4520   1088
4530   1088
4540   1088
4550   1088
4560   1088
4570   1088
4580   1088
4590   1088
4600   1088
4610   1088
4620   1088
4630   1088
4640   1088
4650   1088
4660   1088
4670   1088
4680   1088
4690   1088
4700   1088
4710   1088
4720   1088
4730   1088
4740   1088
4750   1088
4760   1088
4770   1088
4780   1088
4790   1088
4800   1088
4810   1088
4820   1088
4830   1088
4840   1088
4850   1088
4860   1088
4870   1088
4880   1088
4890   1088
4900   1088
4910   1088
4920   1088
4930   1088
4940   1088
4950   1088
4960   1088
4970   1088
4980   1088
4990   1088
5000   1088
5010   1088
5020   1088
5030   1088
5040   1088
5050   1088
5060   1088
5070   1088
5080   1088
5090   1088
5100   1088
5110   1088
5120   1088
5130   1088
5140   1088
5150   1088
5160   1088
5170   1088
5180   1088
5190   1088
5200   1088
5210   1088
5220   1088
5230   1088
5240   1088
5250   1088
5260   1088
5270   1088
5280   1088
5290   1088
5300   1088
5310   1088
5320   1088
5330   1088
5340   1088
5350   1088
5360   1088
5370   1088
5380   1088
5390   1088
5400   1088
5410   1088
5420   1088
5430   1088
5440   1072
5450   1072
5460   1072
5470   1072
5480   1072
5490   1072
5500   1072
5510   1072
5520   1072
5530   1072
5540   1072
5550   1072
5560   1072
5570   1072
5580   1072
5590   1072
5600   1072
5610   1072
5620   1072
5630   1072
5640   1072
5650   1072
5660   1072
5670   1072
5680   1072
5690   1072
5700   1072
5710   1072
5720   1072
5730   1072
5740   1072
5750   1072
5760   1072
5770   1072
5780   1072
5790   1072
5800   1072
5810   1072
5820   1072
5830   1072
5840   1072
5850   1072
5860   1072
5870   1072
5880   1072
5890   1072
5900   1072
5910   1072
5920   1072
5930   1072
5940   1072
5950   1072
5960   1072
5970   1072
5980   1072
5990   1072
6000   1072
6010   1072
6020   1072
6030   1072
6040   1072
6050   1072
6060   1072
6070   1072
6080   1072
6090   1072
6100   1072
6110   1072
6120   1072
6130   1072
6140   1072
6150   1072
6160   1072
6170   1072
6180   1072
6190   1072
6200   1072
6210   1072
6220   1072
6230   1072
6240   1072
6250   1072
6260   1072
6270   1072
6280   1072
6290   1072
6300   1072
6310   1072
6320   1072
6330   1072
6340   1072
6350   1072
6360   1072
6370   1072
6380   1072
6390   1072
6400   1072
6410   1072
6420   1072
6430   1072
6440   1072
6450   1072
6460   1072
6470   1072
6480   1072
6490   1072
6500   1072
6510   1072
6520   1072
6530   1072
6540   1072
6550   1072
6560   1072
6570   1072
6580   1072
6590   1072
6600   1072
6610   1072
6620   1072
6630   1072
6640   1072
6650   1072
6660   1072
6670   1072
6680   1072
6690   1072
6700   1072
6710   1072
6720   1072
6730   1072
6740   1072
6750   1072
6760   1072
6770   1072
6780   1072
6790   1072
6800   1072
6810   1072
6820   1072
6830   1072
6840   1072
6850   1072
6860   1072
6870   1072
6880   1072
6890   1072
6900   1072
6910   1072
6920   1072
6930   1072
6940   1072
6950   1072
6960   1072
6970   1072
6980   1072
6990   1072
7000   1072
7010   1072
7020   1072
7030   1072
7040   1072
7050   1072
7060   1072
7070   1072
7080   1072
7090   1072
7100   1072
7110   1072
7120   1072
7130   1072
7140   1072
7150   1072
7160   1072
7170   1072
7180   1072
7190   1072
7200   1072
7210   1072
7220   1072
7230   1072
7240   1072
7250   1072
7260   1072
7270   1072
7280   1072
7290   1072
7300   1072
7310   1072
7320   1072
7330   1072
7340   1072
7350   1072
7360   1072
7370   1072
7380   1072
7390   1072
7400   1072
7410   1072
7420   1072
7430   1072
7440   1072
7450   1072
7460   1072
7470   1072
7480   1072
7490   1072
7500   1072
7510   1072
7520   1072
7530   1072
7540   1072
7550   1072
7560   1072
7570   1072
7580   1072
7590   1072
7600   1072
7610   1072
7620   1072
7630   1072
7640   1072
7650   1072
7660   1072
7670   1072
7680   1072
7690   1072
7700   1072
7710   1072
7720   1072
7730   1072
7740   1072
7750   1072
7760   1072
7770   1072
7780   1072
7790   1072
7800   1072
7810   1072
7820   1072
7830   1072
7840   1072
7850   1072
7860   1072
7870   1072
7880   1072
7890   1072
7900   1072
7910   1072
7920   1072
7930   1072
7940   1072
7950   1072
7960   1072
7970   1072
7980   1072
7990   1072
8000   1072
8010   1072
8020   1072
8030   1072
8040   1072
8050   1072
8060   1072
8070   1072
8080   1072
8090   1072
8100   1072
8110   1072
8120   1072
8130   1072
8140   1072
8150   1072
8160   1072
8170   1072
8180   1072
8190   1072
8200   1072
8210   1072
8220   1072
8230   1072
8240   1072
8250   1072
8260   1072
8270   1072
8280   1072
8290   1072
8300   1072
8310   1072
8320   1072
8330   1072
8340   1072
8350   1072
8360   1072
8370   1072
8380   1072
8390   1072
8400   1072
8410   1072
8420   1072
8430   1072
8440   1072
8450   1072
8460   1072
8470   1072
8480   1072
8490   1072
8500   1072
8510   1072
8520   1072
8530   1072
8540   1072
8550   1072
8560   1072
8570   1072
8580   1072
8590   1072
8600   1072
8610   1072
8620   1072
8630   1072
8640   1072
8650   1072
8660   1072
8670   1072
8680   1072
8690   1072
8700   1072
8710   1072
8720   1072
8730   1072
8740   1072
8750   1072
8760   1072
8770   1072
8780   1072
8790   1072
8800   1072
8810   1072
8820   1072
8830   1072
8840   1072
8850   1072
8860   1072
8870   1072
8880   1072
8890   1072
8900   1072
8910   1072
8920   1072
8930   1072
8940   1072
8950   1072
8960   1072
8970   1072
8980   1072
8990   1072
9000   1072
9010   1072
9020   1072
9030   1072
9040   1072
9050   1072
9060   1072
9070   1072
9080   1072
9090   1072
9100   1072
9110   1072
9120   1072
9130   1072
9140   1072
9150   1072
9160   1072
9170   1072
9180   1072
9190   1072
9200   1072
9210   1072
9220   1072
9230   1072
9240   1072
9250   1072
9260   1072
9270   1072
9280   1072
9290   1072
9300   1072
9310   1072
9320   1072
9330   1072
9340   1072
9350   1072
9360   1072
9370   1072
9380   1072
9390   1072
9400   1072
9410   1072
9420   1072
9430   1072
9440   1072
9450   1072
9460   1072
9470   1072
9480   1072
9490   1072
9500   1072
9510   1072
9520   1072
9530   1072
9540   1072
9550   1072
9560   1072
9570   1072
9580   1072
9590   1072
9600   1072
9610   1072
9620   1072
9630   1072
9640   1072
9650   1072
9660   1072
9670   1072
9680   1072
9690   1072
9700   1072
9710   1072
9720   1072
9730   1072
9740   1072
9750   1072
9760   1072
9770   1072
9780   1072
9790   1072
9800   1072
9810   1072
9820   1072
9830   1072
9840   1072
9850   1072
9860   1072
9870   1072
9880   1072
9890   1072
9900   1072
9910   1072
9920   1072
9930   1072
9940   1072
9950   1072
9960   1072
9970   1072
9980   1072
9990   1072
10000   1072
10010   1072
10020   1072
10030   1072
10040   1072
10050   1072
10060   1072
10070   1072
10080   1072
10090   1072
10100   1072
10110   1072
10120   1072
10130   1072
10140   1072
10150   1072
10160   1072
10170   1072
10180   1072
10190   1072
10200   1072
10210   1072
10220   1072
10230   1072
10240   1072
10250   1072
10260   1072
10270   1072
10280   1072
10290   1072
10300   1072
10310   1072
10320   1072
10330   1072
10340   1072
10350   1072
10360   1072
10370   1072
10380   1072
10390   1072
10400   1072
10410   1072
10420   1072
10430   1072
10440   1072
10450   1072
10460   1072
10470   1072
10480   1072
10490   1072
10500   1072
10510   1072
10520   1072
10530   1072
10540   1072
10550   1072
10560   1072
10570   1072
10580   1072
10590   1072
10600   1072
10610   1072
10620   1072
10630   1072
10640   1072
10650   1072
10660   1072
10670   1072
10680   1072
10690   1072
10700   1072
10710   1072
10720   1072
10730   1072
10740   1072
10750   1072
10760   1072
10770   1072
10780   1072
10790   1072
10800   1072
10810   1072
10820   1072
10830   1072
10840   1072
10850   1072
10860   1072
10870   1072
10880   1072
10890   1072
10900   1072
10910   1072
10920   1072
10930   1072
10940   1072
10950   1072
10960   1072
10970   1072
10980   1072
10990   1072
11000   1072
11010   1072
11020   1072
11030   1072
11040   1072
11050   1072
11060   1072
11070   1072
11080   1072
11090   1072
11100   1072
11110   1072
11120   1072
11130   1072
11140   1072
11150   1072
11160   1072
11170   1072
11180   1072
11190   1072
11200   1072
11210   1072
11220   1072
11230   1072
11240   1072
11250   1072
11260   1072
11270   1072
11280   1072
11290   1072
11300   1072
11310   1072
11320   1072
11330   1072
11340   1072
11350   1072
11360   1072
11370   1072
11380   1072
11390   1072
11400   1072
11410   1072
11420   1072
11430   1072
11440   1072
11450   1072
11460   1072
11470   1072
11480   1072
11490   1072
11500   1072
11510   1072
11520   1072
11530   1072
11540   1072
11550   1072
11560   1072
11570   1072
11580   1072
11590   1072
11600   1072
11610   1072
11620   1072
11630   1072
11640   1072
11650   1072
11660   1072
11670   1072
11680   1072
11690   1072
11700   1072
11710   1072
11720   1072
11730   1072
11740   1072
11750   1072
11760   1072
11770   1072
11780   1072
11790   1072
11800   1072
11810   1072
11820   1072
11830   1072
11840   1072
11850   1072
11860   1072
11870   1072
11880   1072
11890   1072
11900   1072
11910   1072
11920   1072
11930   1072
11940   1072
11950   1072
11960   1072
11970   1072
11980   1072
11990   1072
12000   1072
12010   1072
12020   1072
12030   1072
12040   1072
12050   1072
12060   1072
12070   1072
12080   1072
12090   1072
12100   1072
12110   1072
12120   1072
12130   1072
12140   1072
12150   1072
12160   1072
12170   1072
12180   1072
12190   1072
12200   1072
12210   1072
12220   1072
12230   1072
12240   1072
12250   1072
12260   1072
12270   1072
12280   1072
12290   1072
12300   1072
12310   1072
12320   1072
12330   1072
12340   1072
12350   1072
12360   1072
12370   1072
12380   1072
12390   1072
12400   1072
12410   1072
12420   1072
12430   1072
12440   1072
12450   1072
12460   1072
12470   1072
12480   1072
12490   1072
12500   1072
12510   1072
12520   1072
12530   1072
12540   1072
12550   1072
12560   1072
12570   1072
12580   1072
12590   1072
12600   1072
12610   1072
12620   1072
12630   1072
12640   1072
12650   1072
12660   1072
12670   1072
12680   1072
12690   1072
12700   1072
12710   1072
12720   1072
12730   1072
12740   1072
12750   1072
12760   1072
12770   1072
12780   1072
12790   1072
12800   1072
12810   1072
12820   1072
12830   1072
12840   1072
12850   1072
12860   1072
12870   1072
12880   1072
12890   1072
12900   1072
12910   1072
12920   1072
12930   932
12940   932
12950   932
12960   932
12970   932
12980   932
12990   932
13000   932
13010   932
13020   932
13030   932
13040   932
13050   932
13060   932
13070   932
13080   932
13090   932
13100   932
13110   932
13120   932
13130   932
13140   932
13150   932
13160   932
13170   932
13180   932
13190   932
13200   932
13210   932
13220   932
13230   932
13240   932
13250   932
13260   932
13270   932
13280   932
13290   932
13300   932
13310   932
13320   932
13330   932
13340   932
13350   932
13360   932
13370   932
13380   932
13390   932
13400   932
13410   932
13420   932
13430   932
13440   932
13450   932
13460   932
13470   932
13480   932
13490   932
13500   932
13510   932
13520   932
13530   932
13540   932
13550   932
13560   932
13570   932
13580   932
13590   932
13600   932
13610   932
13620   932
13630   932
13640   932
13650   932
13660   932
13670   932
13680   932
13690   932
13700   932
13710   932
13720   932
13730   932
13740   932
13750   932
13760   932
13770   932
13780   932
13790   932
13800   932
13810   932
13820   932
13830   932
13840   932
13850   932
13860   932
13870   932
13880   932
13890   932
13900   932
13910   932
13920   932
13930   932
13940   932
13950   932
13960   932
13970   932
13980   932
13990   932
14000   932
14010   932
14020   932
14030   932
14040   932
14050   932
14060   932
14070   932
14080   932
14090   932
14100   932
14110   932
14120   932
14130   932
14140   932
14150   932
14160   932
14170   932
14180   932
14190   932
14200   932
14210   932
14220   932
14230   932
14240   932
14250   932
14260   932
14270   932
14280   932
14290   932
14300   932
14310   932
14320   932
14330   932
14340   932
14350   932
14360   932
14370   932
14380   932
14390   932
14400   932
14410   932
14420   932
14430   932
14440   932
14450   932
14460   932
14470   932
14480   932
14490   932
14500   932
14510   932
14520   932
14530   932
14540   932
14550   932
14560   932
14570   932
14580   932
14590   932
14600   932
14610   932
14620   932
14630   932
14640   932
14650   932
14660   932
14670   932
14680   932
14690   932
14700   932
14710   932
14720   932
14730   932
14740   932
14750   932
14760   932
14770   932
14780   932
14790   932
14800   932
14810   932
14820   932
14830   932
14840   932
14850   932
14860   932
14870   932
14880   932
14890   932
14900   932
14910   932
14920   932
14930   932
14940   932
14950   932
14960   932
14970   932
14980   932
14990   932
15000   932
15010   932
15020   932
15030   932
15040   932
15050   932
15060   932
15070   932
15080   932
15090   932
15100   932
15110   932
15120   932
15130   932
15140   932
15150   932
15160   932
15170   932
15180   932
15190   932
15200   932
15210   932
15220   932
15230   932
15240   932
15250   932
15260   932
15270   932
15280   932
15290   932
15300   932
15310   932
15320   932
15330   932
15340   932
15350   932
15360   932
15370   932
15380   932
15390   932
15400   932
15410   932
15420   932
15430   932
15440   932
15450   932
15460   932
15470   932
15480   932
15490   932
15500   932
15510   932
15520   932
15530   932
15540   932
15550   932
15560   932
15570   932
15580   932
15590   932
15600   932
15610   932
15620   932
15630   932
15640   932
15650   932
15660   932
15670   932
15680   932
15690   932
15700   932
15710   932
15720   932
15730   932
15740   932
15750   932
15760   932
15770   932
15780   932
15790   932
15800   932
15810   932
15820   932
15830   932
15840   932
15850   932
15860   932
15870   932
15880   932
15890   932
15900   932
15910   932
15920   932
15930   932
15940   932
15950   932
15960   932
15970   932
15980   932
15990   932
16000   932
16010   932
16020   932
16030   932
16040   932
16050   932
16060   932
16070   932
16080   932
16090   932
16100   932
16110   932
16120   932
16130   932
16140   932
16150   932
16160   932
16170   932
16180   932
16190   932
16200   932
16210   932
16220   932
16230   932
16240   932
16250   932
16260   932
16270   932
16280   932
16290   932
16300   932
16310   932
16320   932
16330   932
16340   932
16350   932
16360   932
16370   932
16380   932
16390   932
16400   932
16410   932
16420   932
16430   932
16440   932
16450   932
16460   932
16470   932
16480   932
16490   932
16500   932
16510   932
16520   932
16530   932
16540   932
16550   932
16560   932
16570   932
16580   932
16590   932
16600   932
16610   932
16620   932
16630   932
16640   932
16650   932
16660   932
16670   932
16680   932
16690   932
16700   932
16710   932
16720   932
16730   932
16740   932
16750   932
16760   932
16770   932
16780   932
16790   932
16800   932
16810   932
16820   932
16830   932
16840   932
16850   932
16860   932
16870   932
16880   932
16890   932
16900   932
16910   932
16920   932
16930   932
16940   932
16950   932
16960   932
16970   932
16980   932
16990   932
17000   932
17010   932
17020   932
17030   932
17040   932
17050   932
17060   932
17070   932
17080   932
17090   932
17100   932
17110   932
17120   932
17130   932
17140   932
17150   932
17160   932
17170   932
17180   932
17190   932
17200   932
17210   932
17220   932
17230   932
17240   932
17250   932
17260   932
17270   932
17280   932
17290   932
17300   932
17310   932
17320   932
17330   932
17340   932
17350   932
17360   932
17370   932
17380   932
17390   932
17400   932
17410   932
17420   932
17430   932
17440   932
17450   932
17460   932
17470   932
17480   932
17490   932
17500   932
17510   932
17520   932
17530   932
17540   932
17550   932
17560   932
17570   932
17580   932
17590   932
17600   932
17610   932
17620   932
17630   932
17640   932
17650   932
17660   932
17670   932
17680   932
17690   932
17700   932
17710   932
17720   932
17730   932
17740   932
17750   932
17760   932
17770   932
17780   932
17790   932
17800   932
17810   932
17820   932
17830   932
17840   932
17850   932
17860   932
17870   932
17880   932
17890   932
17900   932
17910   932
17920   932
17930   932
17940   932
17950   932
17960   932
17970   932
17980   932
17990   932
18000   932
18010   932
18020   932
18030   932
18040   932
18050   932
18060   932
18070   932
18080   932
18090   932
18100   932
18110   932
18120   932
18130   932
18140   932
18150   932
18160   932
18170   932
18180   932
18190   932
18200   932
18210   932
18220   932
18230   932
18240   932
18250   932
18260   932
18270   932
18280   932
18290   932
18300   932
18310   932
18320   932
18330   932
18340   932
18350   932
18360   932
18370   932
18380   932
18390   932
18400   932
18410   932
18420   932
18430   932
18440   932
18450   932
18460   932
18470   932
18480   932
18490   932
18500   932
18510   932
18520   932
18530   932
18540   932
18550   932
18560   932
18570   932
18580   932
18590   932
18600   932
18610   932
18620   932
18630   932
18640   932
18650   932
18660   932
18670   932
18680   932
18690   932
18700   932
18710   932
18720   932
18730   932
18740   932
18750   932
18760   932
18770   932
18780   932
18790   932
18800   932
18810   932
18820   932
18830   932
18840   932
18850   932
18860   932
18870   932
18880   932
18890   932
18900   932
18910   932
18920   932
18930   932
18940   932
18950   932
18960   932
18970   932
18980   932
18990   932
19000   932
19010   932
19020   932
19030   932
19040   932
19050   932
19060   932
19070   932
19080   932
19090   932
19100   932
19110   932
19120   932
19130   932
19140   932
19150   932
19160   932
19170   932
19180   932
19190   932
19200   932
19210   932
19220   932
19230   932
19240   932
19250   932
19260   932
19270   932
19280   932
19290   932
19300   932
19310   932
19320   932
19330   932
19340   932
19350   932
19360   932
19370   932
19380   932
19390   932
19400   932
19410   932
19420   932
19430   932
19440   932
19450   932
19460   932
19470   932
19480   932
19490   932
19500   932
19510   932
19520   932
19530   932
19540   932
19550   932
19560   932
19570   932
19580   932
19590   932
19600   932
19610   932
19620   932
19630   932
19640   932
19650   932
19660   932
19670   932
19680   932
19690   932
19700   932
19710   932
19720   932
19730   932
19740   932
19750   932
19760   932
19770   932
19780   932
19790   932
19800   932
19810   932
19820   932
19830   932
19840   932
19850   932
19860   932
19870   932
19880   932
19890   932
19900   932
19910   932
19920   932
19930   932
19940   932
19950   932
19960   932
19970   932
19980   932
19990   932
20000   932
20010   932
20020   932
20030   932
20040   932
20050   932
20060   932
20070   932
20080   932
20090   932
20100   932
20110   932
20120   932
20130   932
20140   932
20150   932
20160   932
20170   932
20180   932
20190   932
20200   932
20210   932
20220   932
20230   932
20240   932
20250   932
20260   932
20270   932
20280   932
20290   932
20300   932
20310   932
20320   932
20330   932
20340   932
20350   932
20360   932
20370   932
20380   932
20390   932
20400   932
20410   932
20420   932
20430   932
20440   932
20450   932
20460   932
20470   932
20480   932
20490   932
20500   932
20510   932
20520   932
20530   932
20540   932
20550   932
20560   932
20570   932
20580   932
20590   932
20600   932
20610   932
20620   932
20630   932
20640   932
20650   932
20660   932
20670   932
20680   932
20690   932
20700   932
20710   932
20720   932
20730   932
20740   932
20750   932
20760   932
20770   932
20780   932
20790   932
20800   932
20810   932
20820   932
20830   932
20840   932
20850   932
20860   932
20870   932
20880   932
20890   932
20900   932
20910   932
20920   932
20930   932
20940   932
20950   932
20960   932
20970   932
20980   932
20990   932
21000   932
21010   932
21020   932
21030   932
21040   932
21050   932
21060   932
21070   932
21080   932
21090   932
21100   932
21110   932
21120   932
21130   932
21140   932
21150   932
21160   932
21170   932
21180   932
21190   932
21200   932
21210   932
21220   932
21230   932
21240   932
21250   932
21260   932
21270   932
21280   932
21290   932
21300   932
21310   932
21320   932
21330   932
21340   932
21350   932
21360   932
21370   932
21380   932
21390   932
21400   932
21410   932
21420   932
21430   932
21440   932
21450   932
21460   932
21470   932
21480   932
21490   932
21500   932
21510   932
21520   932
21530   932
21540   932
21550   932
21560   932
21570   932
21580   932
21590   932
21600   932
21610   932
21620   932
21630   932
21640   932
21650   932
21660   932
21670   932
21680   932
21690   932
21700   932
21710   932
21720   932
21730   932
21740   932
21750   932
21760   932
21770   932
21780   932
21790   932
21800   932
21810   932
21820   932
21830   932
21840   932
21850   932
21860   932
21870   932
21880   932
21890   932
21900   932
21910   932
21920   932
21930   932
21940   932
21950   932
21960   932
21970   932
21980   932
21990   932
22000   932
22010   932
22020   932
22030   932
22040   932
22050   932
22060   932
22070   932
22080   932
22090   932
22100   932
22110   932
22120   932
22130   932
22140   932
22150   932
22160   932
22170   932
22180   932
22190   932
22200   932
22210   932
22220   932
22230   932
22240   932
22250   932
22260   932
22270   932
22280   932
22290   932
22300   932
22310   932
22320   932
22330   932
22340   932
22350   932
22360   932
22370   932
22380   932
22390   932
22400   932
22410   932
22420   932
22430   932
22440   932
22450   932
22460   932
22470   932
22480   932
22490   932
22500   932
22510   932
22520   932
22530   932
22540   932
22550   932
22560   932
22570   932
22580   932
22590   932
22600   932
22610   932
22620   932
22630   932
22640   932
22650   932
22660   932
22670   932
22680   932
22690   932
22700   932
22710   932
22720   932
22730   932
22740   932
22750   932
22760   932
22770   932
22780   932
22790   932
22800   932
22810   932
22820   932
22830   932
22840   932
22850   932
22860   932
22870   932
22880   932
22890   932
22900   932
22910   932
22920   932
22930   932
22940   932
22950   932
22960   932
22970   932
22980   932
22990   932
23000   932
23010   932
23020   932
23030   932
23040   932
23050   932
23060   932
23070   932
23080   932
23090   932
23100   932
23110   932
23120   932
23130   932
23140   932
23150   932
23160   932
23170   932
23180   932
23190   932
23200   932
23210   932
23220   932
23230   932
23240   932
23250   932
23260   932
23270   932
23280   932
23290   932
23300   932
23310   932
23320   932
23330   932
23340   932
23350   932
23360   932
23370   932
23380   932
23390   932
23400   932
23410   932
23420   932
23430   932
23440   932
23450   932
23460   932
23470   932
23480   932
23490   932
23500   932
23510   932
23520   932
23530   932
23540   932
23550   932
23560   932
23570   932
23580   932
23590   932
23600   932
23610   932
23620   932
23630   932
23640   932
23650   932
23660   932
23670   932
23680   932
23690   932
23700   932
23710   932
23720   932
23730   932
23740   932
23750   932
23760   932
23770   932
23780   932
23790   932
23800   932
23810   932
23820   932
23830   932
23840   932
23850   932
23860   932
23870   932
23880   932
23890   932
23900   932
23910   932
23920   932
23930   932
23940   932
23950   932
23960   932
23970   932
23980   932
23990   932
24000   932
24010   932
24020   932
24030   932
24040   932
24050   932
24060   932
24070   932
24080   932
24090   932
24100   932
24110   932
24120   932
24130   932
24140   932
24150   932
24160   932
24170   932
24180   932
24190   932
24200   932
24210   932
24220   932
24230   932
24240   932
24250   932
24260   932
24270   932
24280   932
24290   932
24300   932
24310   932
24320   932
24330   932
24340   932
24350   932
24360   932
24370   932
24380   932
24390   932
24400   932
24410   932
24420   932
24430   932
24440   932
24450   932
24460   932
24470   932
24480   932
24490   932
24500   932
24510   932
24520   932
24530   932
24540   932
24550   932
24560   932
24570   932
24580   932
24590   932
24600   932
24610   932
24620   932
24630   932
24640   932
24650   932
24660   932
24670   932
24680   932
24690   932
24700   932
24710   932
24720   932
24730   932
24740   932
24750   932
24760   932
24770   932
24780   932
24790   932
24800   932
24810   932
24820   932
24830   932
24840   932
24850   932
24860   932
24870   932
24880   932
24890   932
24900   932
24910   932
24920   932
24930   932
24940   932
24950   932
24960   932
24970   932
24980   932
24990   932
25000   932
25010   932
25020   932
25030   932
25040   932
25050   932
25060   932
25070   932
25080   932
25090   932
25100   932
25110   932
25120   932
25130   932
25140   932
25150   932
25160   932
25170   932
25180   932
25190   932
25200   932
25210   932
25220   932
25230   932
25240   932
25250   932
25260   932
25270   932
25280   932
25290   932
25300   932
25310   932
25320   932
25330   932
25340   932
25350   932
25360   932
25370   932
25380   932
25390   932
25400   932
25410   932
25420   932
25430   932
25440   932
25450   932
25460   932
25470   932
25480   932
25490   932
25500   932
25510   932
25520   932
25530   932
25540   932
25550   932
25560   932
25570   932
25580   932
25590   932
25600   932
25610   932
25620   932
25630   932
25640   932
25650   932
25660   932
25670   932
25680   932
25690   932
25700   932
25710   932
25720   932
25730   932
25740   932
25750   932
25760   932
25770   932
25780   932
25790   932
25800   932
25810   932
25820   932
25830   932
25840   932
25850   932
25860   932
25870   932
25880   932
25890   932
25900   932
25910   932
25920   932
25930   932
25940   932
25950   932
25960   932
25970   932
25980   932
25990   932
26000   932
26010   932
26020   932
26030   932
26040   932
26050   932
26060   932
26070   932
26080   932
26090   932
26100   932
26110   932
26120   932
26130   932
26140   932
26150   932
26160   932
26170   932
26180   932
26190   932
26200   932
26210   932
26220   932
26230   932
26240   932
26250   932
26260   932
26270   932
26280   932
26290   932
26300   932
26310   932
26320   932
26330   932
26340   932
26350   932
26360   932
26370   932
26380   932
26390   932
26400   932
26410   932
26420   932
26430   932
26440   932
26450   932
26460   932
26470   932
26480   932
26490   932
26500   932
26510   932
26520   932
26530   932
26540   932
26550   932
26560   932
26570   932
26580   932
26590   932
26600   932
26610   932
26620   932
26630   932
26640   932
26650   932
26660   932
26670   932
26680   932
26690   932
26700   932
26710   932
26720   932
26730   932
26740   932
26750   932
26760   932
26770   932
26780   932
26790   932
26800   932
26810   932
26820   932
26830   932
26840   932
26850   932
26860   932
26870   932
26880   932
26890   932
26900   932
26910   932
26920   932
26930   932
26940   932
26950   932
26960   932
26970   932
26980   932
26990   932
27000   932
27010   932
27020   932
27030   932
27040   932
27050   932
27060   932
27070   932
27080   932
27090   932
27100   932
27110   932
27120   932
27130   932
27140   932
27150   932
27160   932
27170   932
27180   932
27190   932
27200   932
27210   932
27220   932
27230   932
27240   932
27250   932
27260   932
27270   932
27280   932
27290   932
27300   932
27310   932
27320   932
27330   932
27340   932
27350   932
27360   932
27370   932
27380   932
27390   932
27400   932
27410   932
27420   932
27430   932
27440   932
27450   932
27460   932
27470   932
27480   932
27490   932
27500   932
27510   932
27520   932
27530   932
27540   932
27550   932
27560   932
27570   932
27580   932
27590   932
27600   932
27610   932
27620   932
27630   932
27640   932
27650   932
27660   932
27670   932
27680   932
27690   932
27700   932
27710   932
27720   932
27730   932
27740   932
27750   932
27760   932
27770   932
27780   932
27790   932
27800   932
27810   932
27820   932
27830   932
27840   932
27850   932
27860   932
27870   932
27880   932
27890   932
27900   932
27910   932
27920   932
27930   932
27940   932
27950   932
27960   932
27970   932
27980   932
27990   932
28000   932
28010   932
28020   932
28030   932
28040   932
28050   932
28060   932
28070   932
28080   932
28090   932
28100   932
28110   932
28120   932
28130   932
28140   932
28150   932
28160   932
28170   932
28180   932
28190   932
28200   932
28210   932
28220   932
28230   932
28240   932
28250   932
28260   932
28270   932
28280   932
28290   932
28300   932
28310   932
28320   932
28330   932
28340   932
28350   932
28360   932
28370   932
28380   932
28390   932
28400   932
28410   932
28420   932
28430   932
28440   932
28450   932
28460   932
28470   932
28480   932
28490   932
28500   932
28510   932
28520   932
28530   932
28540   932
28550   932
28560   932
28570   932
28580   932
28590   932
28600   932
28610   932
28620   932
28630   932
28640   932
28650   932
28660   932
28670   932
28680   932
28690   932
28700   932
28710   932
28720   932
28730   932
28740   932
28750   932
28760   932
28770   932
28780   932
28790   932
28800   932
28810   932
28820   932
28830   932
28840   932
28850   932
28860   932
28870   932
28880   932
28890   932
28900   932
28910   932
28920   932
28930   932
28940   932
28950   932
28960   932
28970   932
28980   932
28990   932
29000   932
29010   932
29020   932
29030   932
29040   932
29050   932
29060   932
29070   932
29080   932
29090   932
29100   932
29110   932
29120   932
29130   932
29140   932
29150   932
29160   932
29170   932
29180   932
29190   932
29200   932
29210   932
29220   932
29230   932
29240   932
29250   932
29260   932
29270   932
29280   932
29290   932
29300   932
29310   932
29320   932
29330   932
29340   932
29350   932
29360   932
29370   932
29380   932
29390   932
29400   932
29410   932
29420   932
29430   932
29440   932
29450   932
29460   932
29470   932
29480   932
29490   932
29500   932
29510   932
29520   932
29530   932
29540   932
29550   932
29560   932
29570   932
29580   932
29590   932
29600   932
29610   932
29620   932
29630   932
29640   932
29650   932
29660   932
29670   932
29680   932
29690   932
29700   932
29710   932
29720   932
29730   932
29740   932
29750   932
29760   932
29770   932
29780   932
29790   932
29800   932
29810   932
29820   932
29830   932
29840   932
29850   932
29860   932
29870   932
29880   932
29890   932
29900   932
29910   932
29920   932
29930   932
29940   932
29950   932
29960   932
29970   932
29980   932
29990   932
30000   932
30010   932
30020   932
30030   932
30040   932
30050   932
30060   932
30070   932
30080   932
30090   932
30100   932
30110   932
30120   932
30130   932
30140   932
30150   932
30160   932
30170   932
30180   932
30190   932
30200   932
30210   932
30220   932
30230   932
30240   932
30250   932
30260   932
30270   932
30280   932
30290   932
30300   932
30310   932
30320   932
30330   932
30340   932
30350   932
30360   932
30370   932
30380   932
30390   932
30400   932
30410   932
30420   932
30430   932
30440   932
30450   932
30460   932
30470   932
30480   932
30490   932
30500   932
30510   932
30520   932
30530   932
30540   932
30550   932
30560   932
30570   932
30580   932
30590   932
30600   932
30610   932
30620   932
30630   932
30640   932
30650   932
30660   932
30670   932
30680   932
30690   932
30700   932
30710   932
30720   932
30730   932
30740   932
30750   932
30760   932
30770   932
30780   932
30790   932
30800   932
30810   932
30820   932
30830   932
30840   932
30850   932
30860   932
30870   932
30880   932
30890   932
30900   932
30910   932
30920   932
30930   932
30940   932
30950   932
30960   932
30970   932
30980   932
30990   932
31000   932
31010   932
31020   932
31030   932
31040   932
31050   932
31060   932
31070   932
31080   932
31090   932
31100   932
31110   932
31120   932
31130   932
31140   932
31150   932
31160   932
31170   932
31180   932
31190   932
31200   932
31210   932
31220   932
31230   932
31240   932
31250   932
31260   932
31270   932
31280   932
31290   932
31300   932
31310   932
31320   932
31330   932
31340   932
31350   932
31360   932
31370   932
31380   932
31390   932
31400   932
31410   932
31420   932
31430   932
31440   932
31450   932
31460   932
31470   932
31480   932
31490   932
31500   932
31510   932
31520   932
31530   932
31540   932
31550   932
31560   932
31570   932
31580   932
31590   932
31600   932
31610   932
31620   932
31630   932
31640   932
31650   932
31660   932
31670   932
31680   932
31690   932
31700   932
31710   932
31720   932
31730   932
31740   932
31750   932
31760   932
31770   932
31780   932
31790   932
31800   932
31810   932
31820   932
31830   932
31840   932
31850   932
31860   932
31870   932
31880   932
31890   932
31900   932
31910   932
31920   932
31930   932
31940   932
31950   932
31960   932
31970   932
31980   932
31990   932
32000   932
32010   932
32020   932
32030   932
32040   932
32050   932
32060   932
32070   932
32080   932
32090   932
32100   932
32110   932
32120   932
32130   932
32140   932
32150   932
32160   932
32170   932
32180   932
32190   932
32200   932
32210   932
32220   932
32230   932
32240   932
32250   932
32260   932
32270   932
32280   932
32290   932
32300   932
32310   932
32320   932
32330   932
32340   932
32350   932
32360   932
32370   932
32380   932
32390   932
32400   932
32410   932
32420   932
32430   932
32440   932
32450   932
32460   932
32470   932
32480   932
32490   932
32500   932
32510   932
32520   932
32530   932
32540   932
32550   932
32560   932
32570   932
32580   932
32590   932
32600   932
32610   932
32620   932
32630   932
32640   932
32650   932
32660   932
32670   932
32680   932
32690   932
32700   932
32710   932
32720   932
32730   932
32740   932
32750   932
32760   932
32770   932
32780   932
32790   932
32800   932
32810   932
32820   932
32830   932
32840   932
32850   932
32860   932
32870   932
32880   932
32890   932
32900   932
32910   932
32920   932
32930   932
32940   932
32950   932
32960   932
32970   932
32980   932
32990   932
33000   932
33010   932
33020   932
33030   932
33040   932
33050   932
33060   932
33070   932
33080   932
33090   932
33100   932
33110   932
33120   932
33130   932
33140   932
33150   932
33160   932
33170   932
33180   932
33190   932
33200   932
33210   932
33220   932
33230   932
33240   932
33250   932
33260   932
33270   932
33280   932
33290   932
33300   932
33310   932
33320   932
33330   932
33340   932
33350   932
33360   932
33370   932
33380   932
33390   932
33400   932
33410   932
33420   932
33430   932
33440   932
33450   932
33460   932
33470   932
33480   932
33490   932
33500   932
33510   932
33520   932
33530   932
33540   932
33550   932
33560   932
33570   932
33580   932
33590   932
33600   932
33610   932
