10   1224
20   1224
30   1224
40   1224
50   1224
60   1224
70   1224
80   1224
90   1224
100   1224
110   1224
120   1224
130   1224
140   1224
150   1224
160   1224
170   1224
180   1224
190   1224
200   1224
210   1224
220   1224
230   1216
240   1216
250   1216
260   1216
270   1096
280   1096
290   1096
300   1096
310   1096
320   1096
330   1096
340   1096
350   1096
360   1096
370   1096
380   1096
390   1096
400   1096
410   1096
420   1096
430   1096
440   1096
450   1096
460   1096
470   1096
480   1096
490   1096
500   1096
510   1096
520   1096
530   1096
540   1096
550   1096
560   1096
570   1096
580   1096
590   1096
600   1096
610   1096
620   1096
630   1096
640   1096
650   1096
660   1096
670   1096
680   1096
690   1096
700   1096
710   1096
720   1096
730   1096
740   1096
750   1096
760   1096
770   1096
780   1096
790   1096
800   1096
810   1096
820   1096
830   1096
840   1096
850   1096
860   1096
870   1096
880   1096
890   1096
900   1096
910   1096
920   1096
930   1096
940   1096
950   1096
960   1096
970   1096
980   1096
990   1096
1000   1096
1010   1096
1020   1096
1030   1096
1040   1096
1050   1096
1060   1096
1070   1096
1080   1096
1090   1096
1100   1096
1110   1096
1120   1096
1130   1096
1140   1096
1150   1096
1160   1096
1170   1096
1180   1096
1190   1096
1200   1096
1210   1096
1220   1096
1230   1096
1240   1096
1250   1096
1260   1096
1270   1096
1280   1096
1290   1096
1300   1096
1310   1096
1320   1096
1330   1096
1340   1096
1350   1096
1360   1096
1370   1096
1380   1096
1390   1096
1400   1096
1410   1096
1420   1096
1430   1096
1440   1096
1450   1096
1460   1096
1470   1096
1480   1096
1490   1096
1500   1096
1510   1096
1520   1096
1530   1096
1540   1096
1550   1096
1560   1096
1570   1096
1580   1096
1590   1096
1600   1096
1610   1096
1620   1096
1630   1096
1640   1096
1650   1096
1660   1096
1670   1096
1680   1096
1690   1096
1700   1096
1710   1096
1720   1096
1730   1096
1740   1096
1750   1096
1760   1096
1770   1096
1780   1096
1790   1096
1800   1096
1810   1096
1820   1096
1830   1096
1840   1096
1850   1096
1860   1096
1870   1096
1880   1096
1890   1096
1900   1096
1910   1096
1920   1096
1930   1096
1940   1096
1950   1096
1960   1096
1970   1096
1980   1096
1990   1096
2000   1096
2010   1096
2020   1096
2030   1096
2040   1096
2050   1096
2060   1096
2070   1096
2080   1096
2090   1096
2100   1096
2110   1096
2120   1096
2130   1096
2140   1096
2150   1096
2160   1096
2170   1096
2180   1096
2190   1096
2200   1096
2210   1096
2220   1096
2230   1096
2240   1096
2250   1096
2260   1096
2270   1096
2280   1096
2290   1096
2300   1096
2310   1096
2320   1096
2330   1096
2340   1096
2350   1096
2360   1096
2370   1096
2380   1096
2390   1096
2400   1096
2410   1096
2420   1096
2430   1096
2440   1096
2450   1096
2460   1096
2470   1096
2480   1096
2490   1096
2500   1096
2510   1096
2520   1096
2530   1096
2540   1096
2550   1096
2560   1096
2570   1096
2580   1096
2590   1096
2600   1096
2610   1096
2620   1096
2630   1096
2640   1080
2650   1080
2660   1080
2670   1080
2680   1080
2690   1080
2700   1080
2710   1080
2720   1080
2730   1080
2740   1080
2750   1080
2760   1080
2770   1080
2780   1080
2790   1080
2800   1080
2810   1080
2820   1080
2830   1080
2840   1080
2850   1080
2860   1080
2870   1080
2880   1080
2890   1080
2900   1080
2910   1080
2920   1080
2930   1080
2940   1080
2950   1080
2960   1080
2970   1080
2980   1080
2990   1080
3000   1080
3010   1080
3020   1080
3030   1080
3040   1080
3050   1080
3060   1080
3070   1080
3080   1080
3090   1080
3100   1080
3110   1080
3120   1080
3130   1080
3140   1080
3150   1080
3160   1080
3170   1080
3180   1080
3190   1080
3200   1080
3210   1080
3220   1080
3230   1080
3240   1080
3250   1080
3260   1080
3270   1080
3280   1080
3290   1080
3300   1080
3310   1080
3320   1080
3330   1080
3340   1080
3350   1080
3360   1080
3370   1080
3380   1080
3390   1080
3400   1080
3410   1080
3420   1080
3430   1080
3440   1080
3450   1080
3460   1080
3470   1080
3480   1080
3490   1080
3500   1080
3510   1080
3520   1080
3530   1080
3540   1080
3550   1080
3560   1080
3570   1080
3580   1080
3590   1080
3600   1080
3610   1080
3620   1080
3630   1080
3640   1080
3650   1080
3660   1080
3670   1080
3680   1080
3690   1080
3700   1080
3710   1080
3720   1080
3730   1080
3740   1080
3750   1080
3760   1080
3770   1080
3780   1080
3790   1080
3800   1080
3810   1080
3820   1080
3830   1080
3840   1080
3850   1080
3860   1080
3870   1080
3880   1080
3890   1080
3900   1080
3910   1080
3920   1080
3930   1080
3940   1080
3950   1080
3960   1080
3970   1080
3980   1080
3990   1080
4000   1080
4010   1080
4020   1080
4030   1080
4040   1080
4050   1080
4060   1080
4070   1080
4080   1080
4090   1080
4100   1080
4110   1080
4120   1080
4130   1080
4140   1080
4150   1080
4160   1080
4170   1080
4180   1080
4190   1080
4200   1080
4210   1080
4220   1080
4230   1080
4240   1080
4250   1080
4260   1080
4270   1080
4280   1080
4290   1080
4300   1080
4310   1080
4320   1080
4330   1080
4340   1080
4350   1080
4360   1080
4370   1080
4380   1080
4390   1080
4400   1080
4410   1080
4420   1080
4430   1080
4440   1080
4450   1080
4460   1080
4470   1080
4480   1080
4490   1080
4500   1080
4510   1080
4520   1080
4530   1080
4540   1080
4550   1080
4560   1080
4570   1080
4580   1080
4590   1080
4600   1080
4610   1080
4620   1080
4630   1080
4640   1080
4650   1080
4660   1080
4670   1080
4680   1080
4690   1080
4700   1080
4710   1080
4720   1080
4730   1080
4740   1080
4750   1080
4760   1080
4770   1080
4780   1080
4790   1080
4800   1080
4810   1080
4820   1080
4830   1080
4840   1080
4850   1080
4860   1080
4870   1080
4880   1080
4890   1080
4900   1080
4910   1080
4920   1080
4930   1080
4940   1080
4950   1080
4960   1080
4970   1080
4980   1080
4990   1080
5000   1080
5010   1080
5020   1080
5030   1080
5040   1080
5050   1080
5060   1080
5070   1080
5080   1080
5090   1080
5100   1080
5110   1080
5120   1080
5130   1080
5140   1080
5150   1080
5160   1080
5170   1080
5180   1080
5190   1080
5200   1080
5210   1080
5220   1080
5230   1080
5240   1080
5250   1080
5260   1080
5270   1080
5280   1080
5290   1080
5300   1080
5310   1080
5320   1080
5330   1080
5340   1080
5350   1080
5360   1080
5370   1080
5380   1080
5390   1080
5400   1080
5410   1080
5420   1080
5430   1080
5440   1080
5450   1080
5460   1080
5470   1080
5480   1080
5490   1080
5500   1080
5510   1080
5520   1080
5530   1080
5540   1080
5550   1080
5560   1080
5570   1080
5580   1080
5590   1080
5600   1080
5610   1080
5620   1080
5630   1080
5640   1080
5650   1080
5660   1080
5670   1080
5680   1080
5690   1080
5700   1080
5710   1080
5720   1080
5730   1080
5740   1080
5750   1080
5760   1080
5770   1080
5780   1080
5790   1080
5800   1080
5810   1080
5820   1080
5830   1080
5840   1080
5850   1080
5860   1080
5870   1080
5880   1080
5890   1080
5900   1080
5910   1080
5920   1080
5930   1080
5940   1080
5950   1080
5960   1080
5970   1080
5980   1080
5990   1080
6000   1080
6010   1080
6020   1080
6030   1080
6040   1080
6050   1080
6060   944
6070   944
6080   944
6090   944
6100   944
6110   944
6120   944
6130   944
6140   944
6150   944
6160   944
6170   944
6180   944
6190   944
6200   944
6210   944
6220   944
6230   944
6240   944
6250   944
6260   944
6270   944
6280   944
6290   944
6300   944
6310   944
6320   944
6330   944
6340   944
6350   944
6360   944
6370   944
6380   944
6390   944
6400   944
6410   944
6420   944
6430   944
6440   944
6450   944
6460   944
6470   944
6480   944
6490   944
6500   944
6510   944
6520   944
6530   944
6540   944
6550   944
6560   944
6570   944
6580   944
6590   944
6600   944
6610   944
6620   944
6630   944
6640   944
6650   944
6660   944
6670   944
6680   944
6690   944
6700   944
6710   944
6720   944
6730   944
6740   944
6750   944
6760   944
6770   944
6780   944
6790   944
6800   944
6810   944
6820   944
6830   944
6840   944
6850   944
6860   944
6870   944
6880   944
6890   944
6900   944
6910   944
6920   944
6930   944
6940   944
6950   944
6960   944
6970   944
6980   944
6990   944
7000   944
7010   944
7020   944
7030   944
7040   944
7050   944
7060   944
7070   944
7080   944
7090   944
7100   944
7110   944
7120   944
7130   944
7140   944
7150   944
7160   944
7170   944
7180   944
7190   944
7200   944
7210   944
7220   944
7230   944
7240   944
7250   944
7260   944
7270   944
7280   944
7290   944
7300   944
7310   944
7320   944
7330   944
7340   944
7350   944
7360   944
7370   944
7380   944
7390   944
7400   944
7410   944
7420   944
7430   944
7440   944
7450   944
7460   944
7470   944
7480   944
7490   944
7500   944
7510   944
7520   944
7530   944
7540   944
7550   944
7560   944
7570   944
7580   944
7590   944
7600   944
7610   944
7620   944
7630   944
7640   944
7650   944
7660   944
7670   944
7680   944
7690   944
7700   944
7710   944
7720   944
7730   944
7740   944
7750   944
7760   944
7770   944
7780   944
7790   944
7800   944
7810   944
7820   944
7830   944
7840   944
7850   944
7860   944
7870   944
7880   944
7890   944
7900   944
7910   944
7920   944
7930   944
7940   944
7950   944
7960   944
7970   944
7980   944
7990   944
8000   944
8010   944
8020   944
8030   944
8040   944
8050   944
8060   944
8070   944
8080   944
8090   944
8100   944
8110   944
8120   944
8130   944
8140   944
8150   944
8160   944
8170   944
8180   944
8190   944
8200   944
8210   944
8220   944
8230   944
8240   944
8250   944
8260   944
8270   944
8280   944
8290   944
8300   944
8310   944
8320   944
8330   944
8340   944
8350   944
8360   944
8370   944
8380   944
8390   944
8400   944
8410   944
8420   944
8430   944
8440   944
8450   944
8460   944
8470   944
8480   944
8490   944
8500   944
8510   944
8520   944
8530   944
8540   944
8550   944
8560   944
8570   944
8580   944
8590   944
8600   944
8610   944
8620   944
8630   944
8640   944
8650   944
8660   944
8670   944
8680   944
8690   944
8700   944
8710   944
8720   944
8730   944
8740   944
8750   944
8760   944
8770   944
8780   944
8790   944
8800   944
8810   944
8820   944
8830   944
8840   944
8850   944
8860   944
8870   944
8880   944
8890   944
8900   944
8910   944
8920   944
8930   944
8940   944
8950   944
8960   944
8970   944
8980   944
8990   944
9000   944
9010   944
9020   944
9030   944
9040   944
9050   944
9060   944
9070   944
9080   944
9090   944
9100   944
9110   944
9120   944
9130   944
9140   944
9150   944
9160   944
9170   944
9180   944
9190   944
9200   944
9210   944
9220   944
9230   944
9240   944
9250   944
9260   944
9270   944
9280   944
9290   944
9300   944
9310   944
9320   944
9330   944
9340   944
9350   944
9360   944
9370   944
9380   944
9390   944
9400   944
9410   944
9420   944
9430   944
9440   944
9450   944
9460   944
9470   944
9480   944
9490   944
9500   944
9510   944
9520   944
9530   944
9540   944
9550   944
9560   944
9570   944
9580   944
9590   944
9600   944
9610   944
9620   944
9630   944
9640   944
9650   944
9660   944
9670   944
9680   944
9690   944
9700   944
9710   944
9720   944
9730   944
9740   944
9750   944
9760   944
9770   944
9780   944
9790   944
9800   944
9810   944
9820   944
9830   944
9840   944
9850   944
9860   944
9870   944
9880   944
9890   944
9900   944
9910   944
9920   944
9930   944
9940   944
9950   944
9960   944
9970   944
9980   944
9990   944
10000   944
10010   944
10020   944
10030   944
10040   944
10050   944
10060   944
10070   944
10080   944
10090   944
10100   944
10110   944
10120   944
10130   944
10140   944
10150   944
10160   944
10170   944
10180   944
10190   944
10200   944
10210   944
10220   944
10230   944
10240   944
10250   944
10260   944
10270   944
10280   944
10290   944
10300   944
10310   944
10320   944
10330   944
10340   944
10350   944
10360   944
10370   944
10380   944
10390   944
10400   944
10410   944
10420   944
10430   944
10440   944
10450   944
10460   944
10470   944
10480   944
10490   944
10500   944
10510   944
10520   944
10530   944
10540   944
10550   944
10560   944
10570   944
10580   944
10590   944
10600   944
10610   944
10620   944
10630   944
10640   944
10650   944
10660   944
10670   944
10680   944
10690   944
10700   944
10710   944
10720   944
10730   944
10740   944
10750   944
10760   944
10770   944
10780   944
10790   944
10800   944
10810   944
10820   944
10830   944
10840   944
10850   944
10860   944
10870   944
10880   944
10890   944
10900   944
10910   944
10920   944
10930   944
10940   944
10950   944
10960   944
10970   944
10980   944
10990   944
11000   944
11010   944
11020   944
11030   944
11040   944
11050   944
11060   944
11070   944
11080   944
11090   944
11100   944
11110   944
11120   944
11130   944
11140   944
11150   944
11160   944
11170   944
11180   944
11190   944
11200   944
11210   944
11220   944
11230   944
11240   944
11250   944
11260   944
11270   944
11280   944
11290   944
11300   944
11310   944
11320   944
11330   944
11340   944
11350   944
11360   944
11370   944
11380   944
11390   944
11400   944
11410   944
11420   944
11430   944
11440   944
11450   944
11460   944
11470   944
11480   944
11490   944
11500   944
11510   944
11520   944
11530   944
11540   944
11550   944
11560   944
11570   944
11580   944
11590   944
11600   944
11610   944
11620   944
11630   944
11640   944
11650   944
11660   944
11670   944
11680   944
11690   944
11700   944
11710   944
11720   944
11730   944
11740   944
11750   944
11760   944
11770   944
11780   944
11790   944
11800   944
11810   944
11820   944
11830   944
11840   944
11850   944
11860   944
11870   944
11880   944
11890   944
11900   944
11910   944
11920   944
11930   944
11940   944
11950   944
11960   944
11970   944
11980   944
11990   944
12000   944
12010   944
12020   944
12030   944
12040   944
12050   944
12060   944
12070   944
12080   944
12090   944
12100   944
12110   944
12120   944
12130   944
12140   944
12150   944
12160   944
12170   944
12180   944
12190   944
12200   944
12210   944
12220   944
12230   944
12240   944
12250   944
12260   944
12270   944
12280   944
12290   944
12300   944
12310   944
12320   944
12330   944
12340   944
12350   944
12360   944
12370   944
12380   944
12390   944
12400   944
12410   944
12420   944
12430   944
12440   944
12450   944
12460   944
12470   944
12480   944
12490   944
12500   944
12510   944
12520   944
12530   944
12540   944
12550   944
12560   944
12570   944
12580   944
12590   944
12600   944
12610   944
12620   944
12630   944
12640   944
12650   944
12660   944
12670   944
12680   944
12690   944
12700   944
12710   944
12720   944
12730   944
12740   944
12750   944
12760   944
12770   944
12780   944
12790   944
12800   944
12810   944
12820   944
12830   944
12840   944
12850   944
12860   944
12870   944
12880   944
12890   944
12900   944
12910   944
12920   944
12930   944
12940   944
12950   944
12960   944
12970   944
12980   944
12990   944
13000   944
13010   944
13020   944
13030   944
13040   944
13050   944
13060   944
13070   944
13080   944
13090   944
13100   944
13110   944
13120   944
13130   944
13140   944
13150   944
13160   944
13170   944
13180   944
13190   944
13200   944
13210   944
13220   944
13230   944
13240   944
13250   944
13260   944
13270   944
13280   944
13290   944
13300   944
13310   944
13320   944
13330   944
13340   944
13350   944
13360   944
13370   944
13380   944
13390   944
13400   944
13410   944
13420   944
13430   944
13440   944
13450   944
13460   944
13470   944
13480   944
13490   944
13500   944
13510   944
13520   944
13530   944
13540   944
13550   944
13560   944
13570   944
13580   944
13590   944
13600   944
13610   944
13620   944
13630   944
13640   944
13650   944
13660   944
13670   944
13680   944
13690   944
13700   944
13710   944
13720   944
13730   944
13740   944
13750   944
13760   944
13770   944
13780   944
13790   944
13800   944
13810   944
13820   944
13830   944
13840   944
13850   944
13860   944
13870   944
13880   944
13890   944
13900   944
13910   944
13920   944
13930   944
13940   944
13950   944
13960   944
13970   944
13980   944
13990   944
14000   944
14010   944
14020   944
14030   944
14040   944
14050   944
14060   944
14070   944
14080   944
14090   944
14100   944
14110   944
14120   944
14130   944
14140   944
14150   944
14160   944
14170   944
14180   944
14190   944
14200   944
14210   944
14220   944
14230   944
14240   944
14250   944
14260   944
14270   944
14280   944
14290   944
14300   944
14310   944
14320   944
14330   944
14340   944
14350   944
14360   944
14370   944
14380   944
14390   944
14400   944
14410   944
14420   944
14430   944
14440   944
14450   944
14460   944
14470   944
14480   944
14490   944
14500   944
14510   944
14520   944
14530   944
14540   944
14550   944
14560   944
14570   944
14580   944
14590   944
14600   944
14610   944
14620   944
14630   944
14640   944
14650   944
14660   944
14670   944
14680   944
14690   944
14700   944
14710   944
14720   944
14730   944
14740   944
14750   944
14760   944
14770   944
14780   944
14790   944
14800   944
14810   944
14820   944
14830   944
14840   944
14850   944
14860   944
14870   944
14880   944
14890   944
14900   944
14910   944
14920   944
14930   944
14940   944
14950   944
14960   944
14970   944
14980   944
14990   944
15000   944
15010   944
15020   944
15030   944
15040   944
15050   944
15060   944
15070   944
15080   944
15090   944
15100   944
15110   944
15120   944
15130   944
15140   944
15150   944
15160   944
15170   944
15180   944
15190   944
15200   944
15210   944
15220   944
15230   944
15240   944
15250   944
15260   944
15270   944
15280   944
15290   944
15300   944
15310   944
15320   944
15330   944
15340   944
15350   944
15360   944
15370   944
15380   944
15390   944
15400   944
15410   944
15420   944
15430   944
15440   944
15450   944
15460   944
15470   944
15480   944
15490   944
15500   944
15510   944
15520   944
15530   944
15540   944
15550   944
15560   944
15570   944
15580   944
15590   944
15600   944
15610   944
15620   944
15630   944
15640   944
15650   944
15660   944
15670   944
15680   944
15690   944
15700   944
15710   944
15720   944
15730   944
15740   944
15750   944
15760   944
15770   944
15780   944
15790   944
15800   944
15810   944
15820   944
15830   944
15840   944
15850   944
15860   944
15870   944
15880   944
15890   944
15900   944
15910   944
15920   944
15930   944
15940   944
15950   944
15960   944
15970   944
15980   944
15990   944
16000   944
16010   944
16020   944
16030   944
16040   944
16050   944
16060   944
16070   944
16080   944
16090   944
16100   944
16110   944
16120   944
16130   944
16140   944
16150   944
16160   944
16170   944
16180   944
16190   944
16200   944
16210   944
16220   944
16230   944
16240   944
16250   944
16260   944
16270   944
16280   944
16290   944
16300   944
16310   944
16320   944
16330   944
16340   944
16350   944
16360   944
16370   944
16380   944
16390   944
16400   944
16410   944
16420   944
16430   944
16440   944
16450   944
16460   944
16470   944
16480   944
16490   944
16500   944
16510   944
16520   944
16530   944
16540   944
16550   944
16560   944
16570   944
16580   944
16590   944
16600   944
16610   944
16620   944
16630   944
16640   944
16650   944
16660   944
16670   944
16680   944
16690   944
16700   944
16710   944
16720   944
16730   944
16740   944
16750   944
16760   944
16770   944
16780   944
16790   944
16800   944
16810   944
16820   944
16830   944
16840   944
16850   944
16860   944
16870   944
16880   944
16890   944
16900   944
16910   944
16920   944
16930   944
16940   944
16950   944
16960   944
16970   944
16980   944
16990   944
17000   944
17010   944
17020   944
17030   944
17040   944
17050   944
17060   944
17070   944
17080   944
17090   944
17100   944
17110   944
17120   944
17130   944
17140   944
17150   944
17160   944
17170   944
17180   944
17190   944
17200   944
17210   944
17220   944
17230   944
17240   944
17250   944
17260   944
17270   944
17280   944
17290   944
17300   944
17310   944
17320   944
17330   944
17340   944
17350   944
17360   944
17370   944
17380   944
17390   944
17400   944
17410   944
17420   944
17430   944
17440   944
17450   944
17460   944
17470   944
17480   944
17490   944
17500   944
17510   944
17520   944
17530   944
17540   944
17550   944
17560   944
17570   944
17580   944
17590   944
17600   944
17610   944
17620   944
17630   944
17640   944
17650   944
17660   944
17670   944
17680   944
17690   944
17700   944
17710   944
17720   944
17730   944
17740   944
17750   944
17760   944
17770   944
17780   944
17790   944
17800   944
17810   944
17820   944
17830   944
17840   944
17850   944
17860   944
17870   944
17880   944
17890   944
17900   944
17910   944
17920   944
17930   944
17940   944
17950   944
17960   944
17970   944
17980   944
17990   944
18000   944
18010   944
18020   944
18030   944
18040   944
18050   944
18060   944
18070   944
18080   944
18090   944
18100   944
18110   944
18120   944
18130   944
18140   944
18150   944
18160   944
18170   944
18180   944
18190   944
18200   944
18210   944
18220   944
18230   944
18240   944
18250   944
18260   944
18270   944
18280   944
18290   944
18300   944
18310   944
18320   944
18330   944
18340   944
18350   944
18360   944
18370   944
18380   944
18390   944
18400   944
18410   944
18420   944
18430   944
18440   944
18450   944
18460   944
18470   944
18480   944
18490   944
18500   944
18510   944
18520   944
18530   944
18540   944
18550   944
18560   944
18570   944
18580   944
18590   944
18600   944
18610   944
18620   944
18630   944
18640   944
18650   944
18660   944
18670   944
18680   944
18690   944
18700   944
18710   944
18720   944
18730   944
18740   944
18750   944
18760   944
18770   944
18780   944
18790   944
18800   944
18810   944
18820   944
18830   944
18840   944
18850   944
18860   944
18870   944
18880   944
18890   944
18900   944
18910   944
18920   944
18930   944
18940   944
18950   944
18960   944
18970   944
18980   944
18990   944
19000   944
19010   944
19020   944
19030   944
19040   944
19050   944
19060   944
19070   944
19080   944
19090   944
19100   944
19110   944
19120   944
19130   944
19140   944
19150   944
19160   944
19170   944
19180   944
19190   944
19200   944
19210   944
19220   944
19230   944
19240   944
19250   944
19260   944
19270   944
19280   944
19290   944
19300   944
19310   944
19320   944
19330   944
19340   944
19350   944
19360   944
19370   944
19380   944
19390   944
19400   944
19410   944
19420   944
19430   944
19440   944
19450   944
19460   944
19470   944
19480   944
19490   944
19500   944
19510   944
19520   944
19530   944
19540   944
19550   944
19560   944
19570   944
19580   944
19590   944
19600   944
19610   944
19620   944
19630   944
19640   944
19650   944
19660   944
19670   944
19680   944
19690   944
19700   944
19710   944
19720   944
19730   944
19740   944
19750   944
19760   944
19770   944
19780   944
19790   944
19800   944
19810   944
19820   944
19830   944
19840   944
19850   944
19860   944
19870   944
19880   944
19890   944
19900   944
19910   944
19920   944
19930   944
19940   944
19950   944
19960   944
19970   944
19980   944
19990   944
20000   944
20010   944
20020   944
20030   944
20040   944
20050   944
20060   944
20070   944
20080   944
20090   944
20100   944
20110   944
20120   944
20130   944
20140   944
20150   944
20160   944
20170   944
20180   944
20190   944
20200   944
20210   944
20220   944
20230   944
20240   944
20250   944
20260   944
20270   944
20280   944
20290   944
20300   944
20310   944
20320   944
20330   944
20340   944
20350   944
20360   944
20370   944
20380   944
20390   944
20400   944
20410   944
20420   944
20430   944
20440   944
20450   944
20460   944
20470   944
20480   944
20490   944
20500   944
20510   944
20520   944
20530   944
20540   944
20550   944
20560   944
20570   944
20580   944
20590   944
20600   944
20610   944
20620   944
20630   944
20640   944
20650   944
20660   944
20670   944
20680   944
20690   944
20700   944
20710   944
20720   944
20730   944
20740   944
20750   944
20760   944
20770   944
20780   944
20790   944
20800   944
20810   944
20820   944
20830   944
20840   944
20850   944
20860   944
20870   944
20880   944
20890   944
20900   944
20910   944
20920   944
20930   944
20940   944
20950   944
20960   944
20970   944
20980   944
20990   944
21000   944
21010   944
21020   944
21030   944
21040   944
21050   944
21060   944
21070   944
21080   944
21090   944
21100   944
21110   944
21120   944
21130   944
21140   944
21150   944
21160   944
21170   944
21180   944
21190   944
21200   944
21210   944
21220   944
21230   944
21240   944
21250   944
21260   944
21270   944
21280   944
21290   944
21300   944
21310   944
21320   944
21330   944
21340   944
21350   944
21360   944
21370   944
21380   944
21390   944
21400   944
21410   944
21420   944
21430   944
21440   944
21450   944
21460   944
21470   944
21480   944
21490   944
21500   944
21510   944
21520   944
21530   944
21540   944
21550   944
21560   944
21570   944
21580   944
21590   944
21600   944
21610   944
21620   944
21630   944
21640   944
21650   944
21660   944
21670   944
21680   944
21690   944
21700   944
21710   944
21720   944
21730   944
21740   944
21750   944
21760   944
21770   944
21780   944
21790   944
21800   944
21810   944
21820   944
21830   944
21840   944
21850   944
21860   944
21870   944
21880   944
21890   944
21900   944
21910   944
21920   944
21930   944
21940   944
21950   944
21960   944
21970   944
21980   944
21990   944
22000   944
22010   944
22020   944
22030   944
22040   944
22050   944
22060   944
22070   944
22080   944
22090   944
22100   944
22110   944
22120   944
22130   944
22140   944
22150   944
22160   944
22170   944
22180   944
22190   944
22200   944
22210   944
22220   944
22230   944
22240   944
22250   944
22260   944
22270   944
22280   944
22290   944
22300   944
22310   944
22320   944
22330   944
22340   944
22350   944
22360   944
22370   944
22380   944
22390   944
22400   944
22410   944
22420   944
22430   944
22440   944
22450   944
22460   944
22470   944
22480   944
22490   944
22500   944
22510   944
22520   944
22530   944
22540   944
22550   944
22560   944
22570   944
22580   944
22590   944
22600   944
22610   944
22620   944
22630   944
22640   944
22650   944
22660   944
22670   944
22680   944
22690   944
22700   944
22710   944
22720   944
22730   944
22740   944
22750   944
22760   944
22770   944
22780   944
22790   944
22800   944
22810   944
22820   944
22830   944
22840   944
22850   944
22860   944
22870   944
22880   944
22890   944
22900   944
22910   944
22920   944
22930   944
22940   944
22950   944
22960   944
22970   944
22980   944
22990   944
23000   944
23010   944
23020   944
23030   944
23040   944
23050   944
23060   944
23070   944
23080   944
23090   944
23100   944
23110   944
23120   944
23130   944
23140   944
23150   944
23160   944
23170   944
23180   944
23190   944
23200   944
23210   944
23220   944
23230   944
23240   944
23250   944
23260   944
23270   944
23280   944
23290   944
23300   944
23310   944
23320   944
23330   944
23340   944
23350   944
23360   944
23370   944
23380   944
23390   944
23400   944
23410   944
23420   944
23430   944
23440   944
23450   944
23460   944
23470   944
23480   944
23490   944
23500   944
23510   944
23520   944
23530   944
23540   944
23550   944
23560   944
23570   944
23580   944
23590   944
23600   944
23610   944
23620   944
23630   944
23640   944
23650   944
23660   944
23670   944
23680   944
23690   944
23700   944
23710   944
23720   944
23730   944
23740   944
23750   944
23760   944
23770   944
23780   944
23790   944
23800   944
23810   944
23820   944
23830   944
23840   944
23850   944
23860   944
23870   944
23880   944
23890   944
23900   944
23910   944
23920   944
23930   944
23940   944
23950   944
23960   944
23970   944
23980   944
23990   944
24000   944
24010   944
24020   944
24030   944
24040   944
24050   944
24060   944
24070   944
24080   944
24090   944
24100   944
24110   944
24120   944
24130   944
24140   944
24150   944
24160   944
24170   944
24180   944
24190   944
24200   944
24210   944
24220   944
24230   944
24240   944
24250   944
24260   944
24270   944
24280   944
24290   944
24300   944
24310   944
24320   944
24330   944
24340   944
24350   944
24360   944
24370   944
24380   944
24390   944
24400   944
24410   944
24420   944
24430   944
24440   944
24450   944
24460   944
24470   944
24480   944
24490   944
24500   944
24510   944
24520   944
24530   944
24540   944
24550   944
24560   944
24570   944
24580   944
24590   944
24600   944
24610   944
24620   944
24630   944
24640   944
24650   944
24660   944
24670   944
24680   944
24690   944
24700   944
24710   944
24720   944
24730   944
24740   944
24750   944
24760   944
24770   944
24780   944
24790   944
24800   944
24810   944
24820   944
24830   944
24840   944
24850   944
24860   944
24870   944
24880   944
24890   944
24900   944
24910   944
24920   944
24930   944
24940   944
24950   944
24960   944
24970   944
24980   944
24990   944
25000   944
25010   944
25020   944
25030   944
25040   944
25050   944
25060   944
25070   944
25080   944
25090   944
25100   944
25110   944
25120   944
25130   944
25140   944
25150   944
25160   944
25170   944
25180   944
25190   944
25200   944
25210   944
25220   944
25230   944
25240   944
25250   944
25260   944
25270   944
25280   944
25290   944
25300   944
25310   944
25320   944
25330   944
25340   944
25350   944
25360   944
25370   944
25380   944
25390   944
25400   944
25410   944
25420   944
25430   944
25440   944
25450   944
25460   944
25470   944
25480   944
25490   944
25500   944
25510   944
25520   944
25530   944
25540   944
25550   944
25560   944
25570   944
25580   944
25590   944
25600   944
25610   944
25620   944
25630   944
25640   944
25650   944
25660   944
25670   944
25680   944
25690   944
25700   944
25710   944
25720   944
25730   944
25740   944
25750   944
25760   944
25770   944
25780   944
25790   944
25800   944
25810   944
25820   944
25830   944
25840   944
25850   944
25860   944
25870   944
25880   944
25890   944
25900   944
25910   944
25920   944
25930   944
25940   944
25950   944
25960   944
25970   944
25980   944
25990   944
26000   944
26010   944
26020   944
26030   944
26040   944
26050   944
26060   944
26070   944
26080   944
26090   944
26100   944
26110   944
26120   944
26130   944
26140   944
26150   944
26160   944
26170   944
26180   944
26190   944
26200   944
26210   944
26220   944
26230   944
26240   944
26250   944
26260   944
26270   944
26280   944
26290   944
26300   944
26310   944
26320   944
26330   944
26340   944
26350   944
26360   944
26370   944
26380   944
26390   944
26400   944
26410   944
26420   944
26430   944
26440   944
26450   944
26460   944
26470   944
26480   944
26490   944
26500   944
26510   944
26520   944
26530   944
26540   944
26550   944
26560   944
26570   944
26580   944
26590   944
26600   944
26610   944
26620   944
26630   944
26640   944
26650   944
26660   944
26670   944
26680   944
26690   944
26700   944
26710   944
26720   944
26730   944
