10   19116
20   18940
30   18940
40   18940
50   18940
60   18940
70   18908
80   18908
90   18908
100   18908
110   18908
120   18908
130   18908
140   18908
150   18748
160   18748
170   18748
180   18748
190   18748
200   18748
210   18748
220   18748
230   18748
240   18748
250   18748
260   18748
270   18748
280   18748
290   18748
300   18748
310   18748
320   18748
330   18748
340   18748
350   18748
360   18748
370   18748
380   18748
390   18748
400   18748
410   18748
420   18748
430   18748
440   18748
450   18748
460   18748
470   18748
480   18748
490   18748
500   18748
510   18748
520   18748
530   18748
540   18748
550   18748
560   18748
570   18748
580   18748
590   18748
600   18748
610   18748
620   18748
630   18748
640   18748
650   18748
660   18748
670   18748
680   18748
690   18748
700   18748
710   18748
720   18748
730   18748
740   18748
750   18748
760   18748
770   18748
780   18748
790   18748
800   18748
810   18748
820   18748
830   18748
840   18748
850   18748
860   18748
870   18748
880   18748
890   18748
900   18748
910   18748
920   18748
930   18748
940   18748
950   18748
960   18748
970   18748
980   18748
990   18748
1000   18748
1010   18748
1020   18748
1030   18748
1040   18748
1050   18748
1060   18748
1070   18748
1080   18676
1090   18676
1100   18676
1110   18676
1120   18676
1130   18676
1140   18676
1150   18676
1160   18676
1170   18676
1180   18676
1190   18676
1200   18676
1210   18676
1220   18676
1230   18676
1240   18676
1250   18676
1260   18676
1270   18676
1280   18676
1290   18676
1300   18676
1310   18676
1320   18676
1330   18676
1340   18676
1350   18676
1360   18676
1370   18676
1380   18676
1390   18676
1400   18676
1410   18676
1420   18676
1430   18676
1440   18676
1450   18676
1460   18676
1470   18676
1480   18676
1490   18676
1500   18676
1510   18676
1520   18676
1530   18676
1540   18676
1550   18676
1560   18676
1570   18676
1580   18676
1590   18676
1600   18676
1610   18676
1620   18676
1630   18676
1640   18676
1650   18676
1660   18676
1670   18676
1680   18676
1690   18676
1700   18676
1710   18676
1720   18676
1730   18676
1740   18676
1750   18676
1760   18676
1770   18676
1780   18676
1790   18676
1800   18676
1810   18676
1820   18676
1830   18676
1840   18676
1850   18676
1860   18676
1870   18676
1880   18676
1890   18676
1900   18676
1910   18676
1920   18676
1930   18676
1940   18676
1950   18676
1960   18676
1970   18676
1980   18676
1990   18676
2000   18676
2010   18676
2020   18676
2030   18676
2040   18676
2050   18676
2060   18676
2070   18676
2080   18676
2090   18676
2100   18676
2110   18676
2120   18676
2130   18676
2140   18676
2150   18676
2160   18676
2170   18676
2180   18676
2190   18676
2200   18676
2210   18676
2220   18676
2230   18676
2240   18676
2250   18676
2260   18676
2270   18676
2280   18676
2290   18676
2300   18676
2310   18676
2320   18676
2330   18676
2340   18676
2350   18676
2360   18676
2370   18676
2380   18676
2390   18676
2400   18676
2410   18676
2420   18676
2430   18676
2440   18676
2450   18676
2460   18676
2470   18676
2480   18676
2490   18676
2500   18676
2510   18676
2520   18676
2530   18676
2540   18676
2550   18676
2560   18676
2570   18676
2580   18676
2590   18676
2600   18676
2610   18676
2620   18676
2630   18676
2640   18676
2650   18676
2660   18676
2670   18676
2680   18676
2690   18676
2700   18676
2710   18676
2720   18676
2730   18676
2740   18676
2750   18676
2760   18676
2770   18676
2780   18676
2790   18676
2800   18676
2810   18676
2820   18676
2830   18676
2840   18676
2850   18676
2860   18676
2870   18676
2880   18676
2890   18676
2900   18676
2910   18676
2920   18676
2930   18676
2940   18676
2950   18676
2960   18676
2970   18676
2980   18676
2990   18676
3000   18676
3010   18676
3020   18676
3030   18676
3040   18676
3050   18676
3060   18676
3070   18676
3080   18676
3090   18676
3100   18676
3110   18676
3120   18676
3130   18676
3140   18676
3150   18676
3160   18676
3170   18676
3180   18676
3190   18676
3200   18676
3210   18676
3220   18676
3230   18676
3240   18676
3250   18676
3260   18636
3270   18636
3280   18636
3290   18636
3300   18636
3310   18636
3320   18636
3330   18636
3340   18636
3350   18636
3360   18636
3370   18636
3380   18636
3390   18636
3400   18636
3410   18636
3420   18636
3430   18636
3440   18636
3450   18636
3460   18636
3470   18636
3480   18636
3490   18636
3500   18636
3510   18636
3520   18636
3530   18636
3540   18636
3550   18636
3560   18636
3570   18636
3580   18636
3590   18636
3600   18636
3610   18636
3620   18636
3630   18636
3640   18636
3650   18636
3660   18636
3670   18636
3680   18636
3690   18636
3700   18636
3710   18636
3720   18636
3730   18636
3740   18636
3750   18636
3760   18636
3770   18636
3780   18636
3790   18636
3800   18636
3810   18636
3820   18636
3830   18636
3840   18636
3850   18636
3860   18636
3870   18636
3880   18636
3890   18636
3900   18636
3910   18636
3920   18636
3930   18636
3940   18636
3950   18636
3960   18636
3970   18636
3980   18636
3990   18636
4000   18636
4010   18636
4020   18636
4030   18636
4040   18636
4050   18636
4060   18636
4070   18636
4080   18636
4090   18636
4100   18636
4110   18636
4120   18636
4130   18636
4140   18636
4150   18636
4160   18636
4170   18636
4180   18636
4190   18636
4200   18636
4210   18636
4220   18636
4230   18636
4240   18636
4250   18636
4260   18636
4270   18636
4280   18636
4290   18636
4300   18636
4310   18636
4320   18636
4330   18636
4340   18636
4350   18636
4360   18636
4370   18636
4380   18636
4390   18636
4400   18636
4410   18636
4420   18636
4430   18636
4440   18636
4450   18636
4460   18636
4470   18636
4480   18636
4490   18636
4500   18636
4510   18636
4520   18636
4530   18636
4540   18636
4550   18636
4560   18636
4570   18636
4580   18636
4590   18636
4600   18636
4610   18636
4620   18636
4630   18636
4640   18636
4650   18636
4660   18636
4670   18636
4680   18636
4690   18636
4700   18636
4710   18636
4720   18636
4730   18636
4740   18620
4750   18620
4760   18620
4770   18620
4780   18620
4790   18620
4800   18620
4810   18620
4820   18620
4830   18620
4840   18620
4850   18620
4860   18620
4870   18620
4880   18620
4890   18620
4900   18620
4910   18620
4920   18620
4930   18620
4940   18620
4950   18620
4960   18620
4970   18620
4980   18620
4990   18620
5000   18620
5010   18620
5020   18620
5030   18620
5040   18620
5050   18620
5060   18620
5070   18620
5080   18620
5090   18620
5100   18620
5110   18620
5120   18620
5130   18620
5140   18620
5150   18620
5160   18620
5170   18620
5180   18620
5190   18620
5200   18620
5210   18620
5220   18620
5230   18620
5240   18620
5250   18620
5260   18620
5270   18620
5280   18620
5290   18620
5300   18620
5310   18620
5320   18620
5330   18620
5340   18620
5350   18620
5360   18620
5370   18620
5380   18620
5390   18620
5400   18620
5410   18620
5420   18620
5430   18620
5440   18620
5450   18620
5460   18620
5470   18620
5480   18620
5490   18620
5500   18620
5510   18620
5520   18620
5530   18620
5540   18620
5550   18620
5560   18620
5570   18620
5580   18620
5590   18620
5600   18620
5610   18620
5620   18620
5630   18620
5640   18620
5650   18620
5660   18620
5670   18620
5680   18620
5690   18620
5700   18620
5710   18620
5720   18620
5730   18620
5740   18620
5750   18620
5760   18620
5770   18620
5780   18620
5790   18620
5800   18620
5810   18620
5820   18620
5830   18620
5840   18620
5850   18620
5860   18620
5870   18620
5880   18620
5890   18620
5900   18620
5910   18620
5920   18620
5930   18620
5940   18620
5950   18620
5960   18620
5970   18620
5980   18620
5990   18620
6000   18620
6010   18620
6020   18620
6030   18620
6040   18620
6050   18620
6060   18620
6070   18620
6080   18620
6090   18620
6100   18620
6110   18620
6120   18620
6130   18620
6140   18620
6150   18620
6160   18620
6170   18620
6180   18620
6190   18620
6200   18620
6210   18620
6220   18620
6230   18620
6240   18620
6250   18620
6260   18620
6270   18620
6280   18620
6290   18620
6300   18620
6310   18620
6320   18620
6330   18620
6340   18620
6350   18620
6360   18620
6370   18620
6380   18620
6390   18620
6400   18620
6410   18620
6420   18620
6430   18620
6440   18620
6450   18620
6460   18620
6470   18620
6480   18620
6490   18620
6500   18620
6510   18620
6520   18620
6530   18620
6540   18620
6550   18620
6560   18620
6570   18620
6580   18620
6590   18620
6600   18620
6610   18620
6620   18620
6630   18620
6640   18620
6650   18620
6660   18620
6670   18620
6680   18620
6690   18620
6700   18620
6710   18620
6720   18620
6730   18620
6740   18620
6750   18620
6760   18620
6770   18620
6780   18620
6790   18620
6800   18620
6810   18620
6820   18620
6830   18620
6840   18620
6850   18620
6860   18620
6870   18620
6880   18620
6890   18620
6900   18620
6910   18620
6920   18620
6930   18620
6940   18620
6950   18620
6960   18620
6970   18620
6980   18620
6990   18620
7000   18620
7010   18620
7020   18620
7030   18620
7040   18620
7050   18620
7060   18620
7070   18620
7080   18620
7090   18620
7100   18620
7110   18620
7120   18620
7130   18620
7140   18620
7150   18620
7160   18620
7170   18620
7180   18620
7190   18620
7200   18620
7210   18620
7220   18620
7230   18620
7240   18620
7250   18620
7260   18620
7270   18620
7280   18620
7290   18620
7300   18620
7310   18620
7320   18620
7330   18620
7340   18620
7350   18620
7360   18620
7370   18620
7380   18620
7390   18620
7400   18620
7410   18620
7420   18620
7430   18620
7440   18620
7450   18620
7460   18620
7470   18620
7480   18620
7490   18620
7500   18620
7510   18620
7520   18620
7530   18620
7540   18620
7550   18620
7560   18620
7570   18620
7580   18620
7590   18620
7600   18620
7610   18620
7620   18620
7630   18620
7640   18620
7650   18620
7660   18620
7670   18620
7680   18620
7690   18620
7700   18620
7710   18620
7720   18620
7730   18620
7740   18620
7750   18620
7760   18620
7770   18620
7780   18620
7790   18620
7800   18620
7810   18620
7820   18620
7830   18620
7840   18620
7850   18620
7860   18620
7870   18620
7880   18620
7890   18620
7900   18620
7910   18620
7920   18620
7930   18620
7940   18620
7950   18620
7960   18620
7970   18620
7980   18620
7990   18620
8000   18620
8010   18620
8020   18620
8030   18620
8040   18620
8050   18620
8060   18620
8070   18620
8080   18620
8090   18620
8100   18620
8110   18620
8120   18620
8130   18620
8140   18620
8150   18620
8160   18620
8170   18620
8180   18620
8190   18620
8200   18620
8210   18620
8220   18620
8230   18620
8240   18620
8250   18620
8260   18620
8270   18620
8280   18620
8290   18620
8300   18620
8310   18620
8320   18620
8330   18620
8340   18620
8350   18620
8360   18620
8370   18620
8380   18620
8390   18620
8400   18620
8410   18620
8420   18620
8430   18620
8440   18620
8450   18620
8460   18620
8470   18620
8480   18620
8490   18620
8500   18620
8510   18620
8520   18620
8530   18620
8540   18620
8550   18620
8560   18620
8570   18620
8580   18620
8590   18620
8600   18620
8610   18620
8620   18620
8630   18620
8640   18620
8650   18620
8660   18620
8670   18620
8680   18620
8690   18620
8700   18620
8710   18620
8720   18620
8730   18620
8740   18620
8750   18620
8760   18620
8770   18620
8780   18620
8790   18620
8800   18620
8810   18620
8820   18620
8830   18620
8840   18620
8850   18620
8860   18620
8870   18620
8880   18620
8890   18620
8900   18620
8910   18620
8920   18620
8930   18620
8940   18620
8950   18620
8960   18620
8970   18620
8980   18620
8990   18620
9000   18620
9010   18620
9020   18620
9030   18620
9040   18620
9050   18620
9060   18620
9070   18620
9080   18620
9090   18620
9100   18620
9110   18620
9120   18620
9130   18620
9140   18620
9150   18620
9160   18620
9170   18620
9180   18620
9190   18620
9200   18620
9210   18620
9220   18620
9230   18620
9240   18620
9250   18620
9260   18620
9270   18620
9280   18620
9290   18620
9300   18620
9310   18620
9320   18620
9330   18620
9340   18620
9350   18620
9360   18620
9370   18620
9380   18620
9390   18620
9400   18620
9410   18620
9420   18620
9430   18620
9440   18620
9450   18620
9460   18620
9470   18620
9480   18620
9490   18620
9500   18620
9510   18620
9520   18620
9530   18620
9540   18620
9550   18620
9560   18620
9570   18620
9580   18620
9590   18620
9600   18620
9610   18620
9620   18620
9630   18620
9640   18620
9650   18620
9660   18620
9670   18620
9680   18620
9690   18620
9700   18620
9710   18620
9720   18620
9730   18620
9740   18620
9750   18620
9760   18620
9770   18620
9780   18620
9790   18620
9800   18620
9810   18620
9820   18620
9830   18620
9840   18620
9850   18620
9860   18620
9870   18620
9880   18620
9890   18620
9900   18620
9910   18620
9920   18620
9930   18620
9940   18620
9950   18620
9960   18620
9970   18620
9980   18620
9990   18620
10000   18620
10010   18620
10020   18620
10030   18620
10040   18620
10050   18620
10060   18620
10070   18620
10080   18620
10090   18620
10100   18620
10110   18620
10120   18620
10130   18620
10140   18620
10150   18620
10160   18620
10170   18620
10180   18620
10190   18620
10200   18620
10210   18620
10220   18620
10230   18620
10240   18620
10250   18620
10260   18620
10270   18620
10280   18620
10290   18620
10300   18620
10310   18620
10320   18620
10330   18620
10340   18620
10350   18620
10360   18620
10370   18620
10380   18620
10390   18620
10400   18620
10410   18620
10420   18620
10430   18620
10440   18620
10450   18620
10460   18620
10470   18620
10480   18620
10490   18620
10500   18620
10510   18620
10520   18620
10530   18620
10540   18620
10550   18620
10560   18620
10570   18620
10580   18620
10590   18620
10600   18620
10610   18620
10620   18620
10630   18620
10640   18620
10650   18620
10660   18620
10670   18620
10680   18620
10690   18620
10700   18620
10710   18620
10720   18620
10730   18620
10740   18620
10750   18620
10760   18620
10770   18620
10780   18620
10790   18620
10800   18620
10810   18620
10820   18620
10830   18620
10840   18620
10850   18620
10860   18620
10870   18620
10880   18620
10890   18620
10900   18620
10910   18620
10920   18620
10930   18620
10940   18620
10950   18620
10960   18620
10970   18620
10980   18620
10990   18620
11000   18620
11010   18620
11020   18620
11030   18620
11040   18620
11050   18620
11060   18620
11070   18620
11080   18620
11090   18620
11100   18620
11110   18620
11120   18620
11130   18620
11140   18620
11150   18620
11160   18620
11170   18620
11180   18620
11190   18620
11200   18620
11210   18620
11220   18620
11230   18620
11240   18620
11250   18620
11260   18620
11270   18620
11280   18620
11290   18620
11300   18620
11310   18620
11320   18620
11330   18620
11340   18620
11350   18620
11360   18620
11370   18620
11380   18620
11390   18620
11400   18620
11410   18620
11420   18620
11430   18620
11440   18620
11450   18620
11460   18620
11470   18620
11480   18620
11490   18620
11500   18620
11510   18620
11520   18620
11530   18620
11540   18620
11550   18620
11560   18620
11570   18620
11580   18620
11590   18620
11600   18620
11610   18620
11620   18620
11630   18620
11640   18620
11650   18620
11660   18620
11670   18620
11680   18620
11690   18620
11700   18620
11710   18620
11720   18620
11730   18620
11740   18620
11750   18620
11760   18620
11770   18620
11780   18620
11790   18620
11800   18620
11810   18620
11820   18620
11830   18620
11840   18620
11850   18620
11860   18620
11870   18620
11880   18620
11890   18620
11900   18620
11910   18620
11920   18620
11930   18620
11940   18620
11950   18620
11960   18620
11970   18620
11980   18620
11990   18620
12000   18620
12010   18620
12020   18620
12030   18620
12040   18620
12050   18620
12060   18620
12070   18620
12080   18620
12090   18620
12100   18620
12110   18620
12120   18620
12130   18620
12140   18620
12150   18620
12160   18620
12170   18620
12180   18620
12190   18620
12200   18620
12210   18620
12220   18620
12230   18620
12240   18620
12250   18620
12260   18620
12270   18620
12280   18620
12290   18620
12300   18620
12310   18620
12320   18620
12330   18620
12340   18620
12350   18620
12360   18620
12370   18620
12380   18620
12390   18620
12400   18620
12410   18620
12420   18620
12430   18620
12440   18620
12450   18620
12460   18620
12470   18620
12480   18620
12490   18620
12500   18620
12510   18620
12520   18620
12530   18620
12540   18620
12550   18620
12560   18620
12570   18620
12580   18620
12590   18620
12600   18620
12610   18620
12620   18620
12630   18620
12640   18620
12650   18620
12660   18620
12670   18620
12680   18620
12690   18620
12700   18620
12710   18620
12720   18620
12730   18620
12740   18620
12750   18620
12760   18620
12770   18620
12780   18620
12790   18620
12800   18620
12810   18620
12820   18620
12830   18620
12840   18620
12850   18620
12860   18620
12870   18620
12880   18620
12890   18620
12900   18620
12910   18620
12920   18620
12930   18620
12940   18620
12950   18620
12960   18620
12970   18620
12980   18620
12990   18620
13000   18620
13010   18620
13020   18620
13030   18620
13040   18620
13050   18620
13060   18620
13070   18620
13080   18620
13090   18620
13100   18620
13110   18620
13120   18620
13130   18620
13140   18620
13150   18620
13160   18620
13170   18620
13180   18620
13190   18620
13200   18620
13210   18620
13220   18620
13230   18620
13240   18620
13250   18620
13260   18620
13270   18620
13280   18620
13290   18620
13300   18620
13310   18620
13320   18620
13330   18620
13340   18620
13350   18620
13360   18620
13370   18620
13380   18620
13390   18620
13400   18620
13410   18620
13420   18620
13430   18620
13440   18620
13450   18620
13460   18620
13470   18620
13480   18620
13490   18620
13500   18620
13510   18620
13520   18620
13530   18620
13540   18620
13550   18620
13560   18620
13570   18620
13580   18620
13590   18620
13600   18620
13610   18620
13620   18620
13630   18620
13640   18620
13650   18620
13660   18620
13670   18620
13680   18620
13690   18620
13700   18620
13710   18620
13720   18620
13730   18620
13740   18620
13750   18620
13760   18620
13770   18620
13780   18620
13790   18620
13800   18620
13810   18620
13820   18620
13830   18620
13840   18620
13850   18620
13860   18620
13870   18620
13880   18620
13890   18620
13900   18620
13910   18620
13920   18620
13930   18620
13940   18620
13950   18620
13960   18620
13970   18620
13980   18620
13990   18620
14000   18620
14010   18620
14020   18620
14030   18620
14040   18620
14050   18620
14060   18620
14070   18620
14080   18620
14090   18620
14100   18620
14110   18620
14120   18620
14130   18620
14140   18620
14150   18620
14160   18620
14170   18620
14180   18620
14190   18620
14200   18620
14210   18620
14220   18620
14230   18620
14240   18620
14250   18620
14260   18620
14270   18620
14280   18620
14290   18620
14300   18620
14310   18620
14320   18620
14330   18620
14340   18620
14350   18620
14360   18620
14370   18620
14380   18620
14390   18620
14400   18620
14410   18620
14420   18620
14430   18620
14440   18620
14450   18620
14460   18620
14470   18620
14480   18620
14490   18620
14500   18620
14510   18620
14520   18620
14530   18620
14540   18620
14550   18620
14560   18620
14570   18620
14580   18620
14590   18620
14600   18620
14610   18620
14620   18620
14630   18620
14640   18620
14650   18620
14660   18620
14670   18620
14680   18620
14690   18620
14700   18620
14710   18620
14720   18620
14730   18620
14740   18620
14750   18620
14760   18620
14770   18620
14780   18620
14790   18620
14800   18620
14810   18620
14820   18620
14830   18620
14840   18620
14850   18620
14860   18620
14870   18620
14880   18620
14890   18620
14900   18620
14910   18620
14920   18620
14930   18620
14940   18620
14950   18620
14960   18620
14970   18620
14980   18620
14990   18620
15000   18620
15010   18620
15020   18620
15030   18620
15040   18620
15050   18620
15060   18620
15070   18620
15080   18620
15090   18620
15100   18620
15110   18620
15120   18620
15130   18620
15140   18620
15150   18620
15160   18620
15170   18620
15180   18620
15190   18620
15200   18620
15210   18620
15220   18620
15230   18620
15240   18620
15250   18620
15260   18620
15270   18620
15280   18620
15290   18620
15300   18620
15310   18620
15320   18620
15330   18620
15340   18620
15350   18620
15360   18620
15370   18620
15380   18620
15390   18620
15400   18620
15410   18620
15420   18620
15430   18620
15440   18620
15450   18620
15460   18620
15470   18620
15480   18620
15490   18620
15500   18620
15510   18620
15520   18620
15530   18620
15540   18620
15550   18620
15560   18620
15570   18620
15580   18620
15590   18620
15600   18620
15610   18620
15620   18620
15630   18620
15640   18620
15650   18620
15660   18620
15670   18620
15680   18620
15690   18620
15700   18620
15710   18620
15720   18620
15730   18620
15740   18620
15750   18620
15760   18620
15770   18620
15780   18620
15790   18620
15800   18620
15810   18620
15820   18620
15830   18620
15840   18620
15850   18620
15860   18620
15870   18620
15880   18620
15890   18620
15900   18620
15910   18620
15920   18620
15930   18620
15940   18620
15950   18620
15960   18620
15970   18620
15980   18620
15990   18620
16000   18620
16010   18620
16020   18620
16030   18620
16040   18620
16050   18620
16060   18620
16070   18620
16080   18620
16090   18620
16100   18620
16110   18620
16120   18620
16130   18620
16140   18620
16150   18620
16160   18620
16170   18620
16180   18620
16190   18620
16200   18620
16210   18620
16220   18620
16230   18620
16240   18620
16250   18620
16260   18620
16270   18620
16280   18620
16290   18620
16300   18620
16310   18620
16320   18620
16330   18620
16340   18620
16350   18620
16360   18620
16370   18620
16380   18620
16390   18620
16400   18620
16410   18620
16420   18620
16430   18620
16440   18620
16450   18620
16460   18620
16470   18620
16480   18620
16490   18620
16500   18620
16510   18620
16520   18620
16530   18620
16540   18620
16550   18620
16560   18620
16570   18620
16580   18620
16590   18620
16600   18620
16610   18620
16620   18620
16630   18620
16640   18620
16650   18620
16660   18620
16670   18620
16680   18620
16690   18620
16700   18620
16710   18620
16720   18620
16730   18620
16740   18620
16750   18620
16760   18620
16770   18620
16780   18620
16790   18620
16800   18620
16810   18620
16820   18620
16830   18620
16840   18620
16850   18620
16860   18620
16870   18620
16880   18620
16890   18620
16900   18620
16910   18620
16920   18620
16930   18620
16940   18620
16950   18620
16960   18620
16970   18620
16980   18620
16990   18620
17000   18620
17010   18620
17020   18620
17030   18620
17040   18620
17050   18620
17060   18620
17070   18620
17080   18620
17090   18620
17100   18620
17110   18620
17120   18620
17130   18620
17140   18620
17150   18620
17160   18620
17170   18620
17180   18620
17190   18620
17200   18620
17210   18620
17220   18620
17230   18620
17240   18620
17250   18620
17260   18620
17270   18620
17280   18620
17290   18620
17300   18620
17310   18620
17320   18620
17330   18620
17340   18620
17350   18620
17360   18620
17370   18620
17380   18620
17390   18620
17400   18620
17410   18620
17420   18620
17430   18620
17440   18620
17450   18620
17460   18620
17470   18620
17480   18620
17490   18620
17500   18620
17510   18620
17520   18620
17530   18620
17540   18620
17550   18620
17560   18620
17570   18620
17580   18620
17590   18620
17600   18620
17610   18620
17620   18620
17630   18620
17640   18620
17650   18620
17660   18620
17670   18620
17680   18620
17690   18620
17700   18620
17710   18620
17720   18620
17730   18620
17740   18620
17750   18620
17760   18620
17770   18620
17780   18620
17790   18620
17800   18620
17810   18620
17820   18620
17830   18620
17840   18620
17850   18620
17860   18620
17870   18620
17880   18620
17890   18620
17900   18620
17910   18620
17920   18620
17930   18620
17940   18620
17950   18620
17960   18620
17970   18620
17980   18620
17990   18620
18000   18620
18010   18620
18020   18620
18030   18620
18040   18620
18050   18620
18060   18620
18070   18620
18080   18620
18090   18620
18100   18620
18110   18620
18120   18620
18130   18620
18140   18620
18150   18620
18160   18620
18170   18620
18180   18620
18190   18620
18200   18620
18210   18620
18220   18620
18230   18620
18240   18620
18250   18620
18260   18620
18270   18620
18280   18620
18290   18620
18300   18620
18310   18620
18320   18620
18330   18620
18340   18620
18350   18620
18360   18620
18370   18620
18380   18620
18390   18620
18400   18620
18410   18620
18420   18620
18430   18620
18440   18620
18450   18620
18460   18620
18470   18620
18480   18620
18490   18620
18500   18620
18510   18620
18520   18620
18530   18620
18540   18620
18550   18620
18560   18620
18570   18620
18580   18620
18590   18620
18600   18620
18610   18620
18620   18620
18630   18620
18640   18620
18650   18620
18660   18620
18670   18620
18680   18620
18690   18620
18700   18620
18710   18620
18720   18620
18730   18620
18740   18620
18750   18620
18760   18620
18770   18620
18780   18620
18790   18620
18800   18620
18810   18620
18820   18620
18830   18620
18840   18620
18850   18620
18860   18620
18870   18620
18880   18620
18890   18620
18900   18620
18910   18620
18920   18620
18930   18620
18940   18620
18950   18620
18960   18620
18970   18620
18980   18620
18990   18620
19000   18620
19010   18620
19020   18620
19030   18620
19040   18620
19050   18620
19060   18620
19070   18620
19080   18620
19090   18620
19100   18620
19110   18620
19120   18620
19130   18620
19140   18620
19150   18620
19160   18620
19170   18620
19180   18620
19190   18620
19200   18620
19210   18620
19220   18620
19230   18620
19240   18620
19250   18620
19260   18620
19270   18620
19280   18620
19290   18620
19300   18620
19310   18620
19320   18620
19330   18620
19340   18620
19350   18620
19360   18620
19370   18620
19380   18620
19390   18620
19400   18620
19410   18620
19420   18620
19430   18620
19440   18620
19450   18620
19460   18620
19470   18620
19480   18620
19490   18620
19500   18620
19510   18620
19520   18620
19530   18620
19540   18620
19550   18620
19560   18620
19570   18620
19580   18620
19590   18620
19600   18620
19610   18620
19620   18620
19630   18620
19640   18620
19650   18620
19660   18620
19670   18620
19680   18620
19690   18620
19700   18620
19710   18620
19720   18620
19730   18620
19740   18620
19750   18620
19760   18620
19770   18620
19780   18620
19790   18620
19800   18620
19810   18620
19820   18620
19830   18620
19840   18620
19850   18620
19860   18620
19870   18620
19880   18620
19890   18620
19900   18620
19910   18620
19920   18620
19930   18620
19940   18620
19950   18620
19960   18620
19970   18620
19980   18620
19990   18620
20000   18620
20010   18620
20020   18620
20030   18620
20040   18620
20050   18620
20060   18620
20070   18620
20080   18620
20090   18620
20100   18620
20110   18620
20120   18620
20130   18620
20140   18620
20150   18620
20160   18620
20170   18620
20180   18620
20190   18620
20200   18620
20210   18620
20220   18620
20230   18620
20240   18620
20250   18620
20260   18620
20270   18620
20280   18620
20290   18620
20300   18620
20310   18620
20320   18620
20330   18620
20340   18620
20350   18620
20360   18620
20370   18620
20380   18620
20390   18620
20400   18620
20410   18620
20420   18620
20430   18620
20440   18620
20450   18620
20460   18620
20470   18620
20480   18620
20490   18620
20500   18620
20510   18620
20520   18620
20530   18620
20540   18620
20550   18620
20560   18620
20570   18620
20580   18620
20590   18620
20600   18620
20610   18620
20620   18620
20630   18620
20640   18620
20650   18620
20660   18620
20670   18620
20680   18620
20690   18620
20700   18620
20710   18620
20720   18620
20730   18620
20740   18620
20750   18620
20760   18620
20770   18620
20780   18620
20790   18620
20800   18620
20810   18620
20820   18620
20830   18620
20840   18620
20850   18620
20860   18620
20870   18620
20880   18620
20890   18620
20900   18620
20910   18620
20920   18620
20930   18620
20940   18620
20950   18620
20960   18620
20970   18620
20980   18620
20990   18620
21000   18620
21010   18620
21020   18620
21030   18620
21040   18620
21050   18620
21060   18620
21070   18620
21080   18620
21090   18620
21100   18620
21110   18620
21120   18620
21130   18620
21140   18620
21150   18620
21160   18620
21170   18620
21180   18620
21190   18620
21200   18620
21210   18620
21220   18620
21230   18620
21240   18620
21250   18620
21260   18620
21270   18620
21280   18620
21290   18620
21300   18620
21310   18620
21320   18620
21330   18620
21340   18620
21350   18620
21360   18620
21370   18620
21380   18620
21390   18620
21400   18620
21410   18620
21420   18620
21430   18620
21440   18620
21450   18620
21460   18620
21470   18620
21480   18620
21490   18620
21500   18620
21510   18620
21520   18620
21530   18620
21540   18620
21550   18620
21560   18620
21570   18620
21580   18620
21590   18620
21600   18620
21610   18620
21620   18620
21630   18620
21640   18620
21650   18620
21660   18620
21670   18620
21680   18620
21690   18620
21700   18620
21710   18620
21720   18620
21730   18620
21740   18620
21750   18620
21760   18620
21770   18620
21780   18620
21790   18620
21800   18620
21810   18620
21820   18620
21830   18620
21840   18620
21850   18620
21860   18620
21870   18620
21880   18620
21890   18620
21900   18620
21910   18620
21920   18620
21930   18620
21940   18620
21950   18620
21960   18620
21970   18620
21980   18620
21990   18620
22000   18620
22010   18620
22020   18620
22030   18620
22040   18620
22050   18620
22060   18620
22070   18620
22080   18620
22090   18620
22100   18620
22110   18620
22120   18620
22130   18620
22140   18620
22150   18620
22160   18620
22170   18620
22180   18620
22190   18620
22200   18620
22210   18620
22220   18620
22230   18620
22240   18620
22250   18620
22260   18620
22270   18620
22280   18620
22290   18620
22300   18620
22310   18620
22320   18620
22330   18620
22340   18620
22350   18620
22360   18620
22370   18620
22380   18620
22390   18620
22400   18620
22410   18620
22420   18620
22430   18620
22440   18620
22450   18620
22460   18620
22470   18620
22480   18620
22490   18620
22500   18620
22510   18620
22520   18620
22530   18620
22540   18620
22550   18620
22560   18620
22570   18620
22580   18620
22590   18620
22600   18620
22610   18620
22620   18620
22630   18620
22640   18620
22650   18620
22660   18620
22670   18620
22680   18620
22690   18620
22700   18620
22710   18620
22720   18620
22730   18620
22740   18620
22750   18620
22760   18620
22770   18620
22780   18620
22790   18620
22800   18620
22810   18620
22820   18620
22830   18620
22840   18620
22850   18620
22860   18620
22870   18620
22880   18620
22890   18620
22900   18620
22910   18620
22920   18620
22930   18620
22940   18620
22950   18620
22960   18620
22970   18620
22980   18620
22990   18620
23000   18620
23010   18620
23020   18620
23030   18620
23040   18620
23050   18620
23060   18620
23070   18620
23080   18620
23090   18620
23100   18620
23110   18620
23120   18620
23130   18620
23140   18620
23150   18620
23160   18620
23170   18620
23180   18620
23190   18620
23200   18620
23210   18620
23220   18620
23230   18620
23240   18620
23250   18620
23260   18620
23270   18620
23280   18620
23290   18620
23300   18620
23310   18620
23320   18620
23330   18620
23340   18620
23350   18620
23360   18620
23370   18620
23380   18620
23390   18620
23400   18620
23410   18620
23420   18620
23430   18620
23440   18620
23450   18620
23460   18620
23470   18620
23480   18620
23490   18620
23500   18620
23510   18620
23520   18620
23530   18620
23540   18620
23550   18620
23560   18620
23570   18620
23580   18620
23590   18620
23600   18620
23610   18620
23620   18620
23630   18620
23640   18620
23650   18620
23660   18620
23670   18620
23680   18620
23690   18620
23700   18620
23710   18620
23720   18620
23730   18620
23740   18620
23750   18620
23760   18620
23770   18620
23780   18620
23790   18620
23800   18620
23810   18620
23820   18620
23830   18620
23840   18620
23850   18620
23860   18620
23870   18620
23880   18620
23890   18620
23900   18620
23910   18620
23920   18620
23930   18620
23940   18620
23950   18620
23960   18620
23970   18620
23980   18620
23990   18620
24000   18620
24010   18620
24020   18620
24030   18620
24040   18620
24050   18620
24060   18620
24070   18620
24080   18620
24090   18620
24100   18620
24110   18620
24120   18620
24130   18620
24140   18620
24150   18620
24160   18620
24170   18620
24180   18620
24190   18620
24200   18620
24210   18620
24220   18620
24230   18620
24240   18620
24250   18620
24260   18620
24270   18620
24280   18620
24290   18620
24300   18620
24310   18620
24320   18620
24330   18620
24340   18620
24350   18620
24360   18620
24370   18620
24380   18620
24390   18620
24400   18620
24410   18620
24420   18620
24430   18620
24440   18620
24450   18620
24460   18620
24470   18620
24480   18620
24490   18620
24500   18620
24510   18620
24520   18620
24530   18620
24540   18620
24550   18620
24560   18620
24570   18620
24580   18620
24590   18620
24600   18620
24610   18620
24620   18620
24630   18620
24640   18620
24650   18620
24660   18620
24670   18620
24680   18620
24690   18620
24700   18620
24710   18620
24720   18620
24730   18620
24740   18620
24750   18620
24760   18620
24770   18620
24780   18620
24790   18620
24800   18620
24810   18620
24820   18620
24830   18620
24840   18620
24850   18620
24860   18620
24870   18620
24880   18620
24890   18620
24900   18620
24910   18620
24920   18620
24930   18620
24940   18620
24950   18620
24960   18620
24970   18620
24980   18620
24990   18620
25000   18620
25010   18620
25020   18620
25030   18620
25040   18620
25050   18620
25060   18620
25070   18620
25080   18620
25090   18620
25100   18620
25110   18620
25120   18620
25130   18620
25140   18620
25150   18620
25160   18620
25170   18620
25180   18620
25190   18620
25200   18620
25210   18620
25220   18620
25230   18620
25240   18620
25250   18620
25260   18620
25270   18620
25280   18620
25290   18620
25300   18620
25310   18620
25320   18620
25330   18620
25340   18620
25350   18620
25360   18620
25370   18620
25380   18620
25390   18620
25400   18620
25410   18620
25420   18620
25430   18620
25440   18620
25450   18620
25460   18620
25470   18620
25480   18620
25490   18620
25500   18620
25510   18620
25520   18620
25530   18620
25540   18620
25550   18620
25560   18620
25570   18620
25580   18620
25590   18620
25600   18620
25610   18620
25620   18620
25630   18620
25640   18620
25650   18620
25660   18620
25670   18620
25680   18620
25690   18620
25700   18620
25710   18620
25720   18620
25730   18620
25740   18620
25750   18620
25760   18620
25770   18620
25780   18620
25790   18620
25800   18620
25810   18620
25820   18620
25830   18620
25840   18620
25850   18620
25860   18620
25870   18620
25880   18620
25890   18620
25900   18620
25910   18620
25920   18620
25930   18620
25940   18620
25950   18620
25960   18620
25970   18620
25980   18620
25990   18620
26000   18620
26010   18620
26020   18620
26030   18620
26040   18620
26050   18620
26060   18620
26070   18620
26080   18620
26090   18620
26100   18620
26110   18620
26120   18620
26130   18620
26140   18620
26150   18620
26160   18620
26170   18620
26180   18620
26190   18620
26200   18620
26210   18620
26220   18620
26230   18620
26240   18620
26250   18620
26260   18620
26270   18620
26280   18620
26290   18620
26300   18620
26310   18620
26320   18620
26330   18620
26340   18620
26350   18620
26360   18620
26370   18620
26380   18620
26390   18620
26400   18620
26410   18620
26420   18620
26430   18620
26440   18620
26450   18620
26460   18620
26470   18620
26480   18620
26490   18620
26500   18620
26510   18620
26520   18620
26530   18620
26540   18620
26550   18620
26560   18620
26570   18620
26580   18620
26590   18620
26600   18620
26610   18620
26620   18620
26630   18620
26640   18620
26650   18620
26660   18620
26670   18620
26680   18620
26690   18620
26700   18620
26710   18620
26720   18620
26730   18620
26740   18620
26750   18620
26760   18620
26770   18620
26780   18620
26790   18620
26800   18620
26810   18620
26820   18620
26830   18620
26840   18620
26850   18620
26860   18620
26870   18620
26880   18620
26890   18620
26900   18620
26910   18620
26920   18620
26930   18620
26940   18620
26950   18620
26960   18620
26970   18620
26980   18620
26990   18620
27000   18620
27010   18620
27020   18620
27030   18620
27040   18620
27050   18620
27060   18620
27070   18620
27080   18620
27090   18620
27100   18620
27110   18620
27120   18620
27130   18620
27140   18620
27150   18620
27160   18620
27170   18620
27180   18620
27190   18620
27200   18620
27210   18620
27220   18620
27230   18620
27240   18620
27250   18620
27260   18620
27270   18620
27280   18620
27290   18620
27300   18620
27310   18620
27320   18620
27330   18620
27340   18620
27350   18620
27360   18620
27370   18620
27380   18620
27390   18620
27400   18620
27410   18620
27420   18620
27430   18620
27440   18620
27450   18620
27460   18620
27470   18620
27480   18620
27490   18620
27500   18620
27510   18620
27520   18620
27530   18620
27540   18620
27550   18620
27560   18620
27570   18620
27580   18620
27590   18620
27600   18620
27610   18620
27620   18620
27630   18620
27640   18620
27650   18620
27660   18620
27670   18620
27680   18620
27690   18620
27700   18620
27710   18620
27720   18620
27730   18620
27740   18620
27750   18620
27760   18620
27770   18620
27780   18620
27790   18620
27800   18620
27810   18620
27820   18620
27830   18620
27840   18620
27850   18620
27860   18620
27870   18620
27880   18620
27890   18620
27900   18620
27910   18620
27920   18620
27930   18620
27940   18620
27950   18620
27960   18620
27970   18620
27980   18620
27990   18620
28000   18620
28010   18620
28020   18620
28030   18620
28040   18620
28050   18620
28060   18620
28070   18620
28080   18620
28090   18620
28100   18620
28110   18620
28120   18620
28130   18620
28140   18620
28150   18620
28160   18620
28170   18620
28180   18620
28190   18620
28200   18620
28210   18620
28220   18620
28230   18620
28240   18620
28250   18620
28260   18620
28270   18620
28280   18620
28290   18620
28300   18620
28310   18620
28320   18620
28330   18620
28340   18620
28350   18620
28360   18620
28370   18620
28380   18620
28390   18620
28400   18620
28410   18620
28420   18620
28430   18620
28440   18620
28450   18620
28460   18620
28470   18620
28480   18620
28490   18620
28500   18620
28510   18620
28520   18620
28530   18620
28540   18620
28550   18620
28560   18620
28570   18620
28580   18620
28590   18620
28600   18620
28610   18620
28620   18620
28630   18620
28640   18620
28650   18620
28660   18620
28670   18620
28680   18620
28690   18620
28700   18620
28710   18620
28720   18620
28730   18620
28740   18620
28750   18620
28760   18620
28770   18620
28780   18620
28790   18620
28800   18620
28810   18620
28820   18620
28830   18620
28840   18620
28850   18620
28860   18620
28870   18620
28880   18620
28890   18620
28900   18620
28910   18620
28920   18620
28930   18620
28940   18620
28950   18620
28960   18620
28970   18620
28980   18620
28990   18620
29000   18620
29010   18620
29020   18620
29030   18620
29040   18620
29050   18620
29060   18620
29070   18620
29080   18620
29090   18620
29100   18620
29110   18620
29120   18620
29130   18620
29140   18620
29150   18620
29160   18620
29170   18620
29180   18620
29190   18620
29200   18620
29210   18620
29220   18620
29230   18620
29240   18620
29250   18620
29260   18620
29270   18620
29280   18620
29290   18620
29300   18620
29310   18620
29320   18620
29330   18620
29340   18620
29350   18620
29360   18620
29370   18620
29380   18620
29390   18620
29400   18620
29410   18620
29420   18620
29430   18620
29440   18620
29450   18620
29460   18620
29470   18620
29480   18620
29490   18620
29500   18620
29510   18620
29520   18620
29530   18620
29540   18620
29550   18620
29560   18620
29570   18620
29580   18620
29590   18620
29600   18620
29610   18620
29620   18620
29630   18620
29640   18620
29650   18620
29660   18620
29670   18620
29680   18620
29690   18620
29700   18620
29710   18620
29720   18620
29730   18620
29740   18620
29750   18620
29760   18620
29770   18620
29780   18620
29790   18620
29800   18620
29810   18620
29820   18620
29830   18620
29840   18620
29850   18620
29860   18620
29870   18620
29880   18620
29890   18620
29900   18620
29910   18620
29920   18620
29930   18620
29940   18620
29950   18620
29960   18620
29970   18620
29980   18620
29990   18620
30000   18620
30010   18620
30020   18620
30030   18620
30040   18620
30050   18620
30060   18620
30070   18620
30080   18620
30090   18620
30100   18620
30110   18620
30120   18620
30130   18620
30140   18620
30150   18620
30160   18620
30170   18620
30180   18620
30190   18620
30200   18620
30210   18620
30220   18620
30230   18620
30240   18620
30250   18620
30260   18620
30270   18620
30280   18620
30290   18620
30300   18620
30310   18620
30320   18620
30330   18620
30340   18620
30350   18620
30360   18620
30370   18620
30380   18620
30390   18620
30400   18620
30410   18620
30420   18620
30430   18620
30440   18620
30450   18620
30460   18620
30470   18620
30480   18620
30490   18620
30500   18620
30510   18620
30520   18620
30530   18620
30540   18620
30550   18620
30560   18620
30570   18620
30580   18620
30590   18620
30600   18620
30610   18620
30620   18620
30630   18620
30640   18620
30650   18620
30660   18620
30670   18620
30680   18620
30690   18620
30700   18620
30710   18620
30720   18620
30730   18620
30740   18620
30750   18620
30760   18620
30770   18620
30780   18620
30790   18620
30800   18620
30810   18620
30820   18620
30830   18620
30840   18620
30850   18620
30860   18620
30870   18620
30880   18620
30890   18620
30900   18620
30910   18620
30920   18620
30930   18620
30940   18620
30950   18620
30960   18620
30970   18620
30980   18620
30990   18620
31000   18620
31010   18620
31020   18620
31030   18620
31040   18620
31050   18620
31060   18620
31070   18620
31080   18620
31090   18620
31100   18620
31110   18620
31120   18620
31130   18620
31140   18620
31150   18620
31160   18620
31170   18620
31180   18620
31190   18620
31200   18620
31210   18620
31220   18620
31230   18620
31240   18620
31250   18620
31260   18620
31270   18620
31280   18620
31290   18620
31300   18620
31310   18620
31320   18620
31330   18620
31340   18620
31350   18620
31360   18620
31370   18620
31380   18620
31390   18620
31400   18620
31410   18620
31420   18620
31430   18620
31440   18620
31450   18620
31460   18620
31470   18620
31480   18620
31490   18620
31500   18620
31510   18620
31520   18620
31530   18620
31540   18620
31550   18620
31560   18620
31570   18620
31580   18620
31590   18620
31600   18620
31610   18620
31620   18620
31630   18620
31640   18620
31650   18620
31660   18620
31670   18620
31680   18620
31690   18620
31700   18620
31710   18620
31720   18620
31730   18620
31740   18620
31750   18620
31760   18620
31770   18620
31780   18620
31790   18620
31800   18620
31810   18620
31820   18620
31830   18620
31840   18620
31850   18620
31860   18620
31870   18620
31880   18620
31890   18620
31900   18620
31910   18620
31920   18620
31930   18620
31940   18620
31950   18620
31960   18620
31970   18620
31980   18620
31990   18620
32000   18620
32010   18620
32020   18620
32030   18620
32040   18620
32050   18620
32060   18620
32070   18620
32080   18620
32090   18620
32100   18620
32110   18620
32120   18620
32130   18620
32140   18620
32150   18620
32160   18620
32170   18620
32180   18620
32190   18620
32200   18620
32210   18620
32220   18620
32230   18620
32240   18620
32250   18620
32260   18620
32270   18620
32280   18620
32290   18620
32300   18620
32310   18620
32320   18620
32330   18620
32340   18620
32350   18620
32360   18620
32370   18620
32380   18620
32390   18620
32400   18620
32410   18620
32420   18620
32430   18620
32440   18620
32450   18620
32460   18620
32470   18620
32480   18620
32490   18620
32500   18620
32510   18620
32520   18620
32530   18620
32540   18620
32550   18620
32560   18620
32570   18620
32580   18620
32590   18620
32600   18620
32610   18620
32620   18620
32630   18620
32640   18620
32650   18620
32660   18620
32670   18620
32680   18620
32690   18620
32700   18620
32710   18620
32720   18620
32730   18620
32740   18620
32750   18620
32760   18620
32770   18620
32780   18620
32790   18620
32800   18620
32810   18620
32820   18620
32830   18620
32840   18620
32850   18620
32860   18620
32870   18620
32880   18620
32890   18620
32900   18620
32910   18620
32920   18620
32930   18620
32940   18620
32950   18620
32960   18620
32970   18620
32980   18620
32990   18620
33000   18620
33010   18620
33020   18620
33030   18620
33040   18620
33050   18620
33060   18620
33070   18620
33080   18620
33090   18620
33100   18620
33110   18620
33120   18620
33130   18620
33140   18620
33150   18620
33160   18620
33170   18620
33180   18620
33190   18620
33200   18620
33210   18620
33220   18620
33230   18620
33240   18620
33250   18620
33260   18620
33270   18620
33280   18620
33290   18620
33300   18620
33310   18620
33320   18620
33330   18620
33340   18620
33350   18620
33360   18620
33370   18620
33380   18620
33390   18620
33400   18620
33410   18620
33420   18620
33430   18620
33440   18620
33450   18620
33460   18620
33470   18620
33480   18620
33490   18620
33500   18620
33510   18620
33520   18620
33530   18620
33540   18620
33550   18620
33560   18620
33570   18620
33580   18620
33590   18620
33600   18620
33610   18620
33620   18620
33630   18620
33640   18620
33650   18620
33660   18620
33670   18620
33680   18620
33690   18620
33700   18620
33710   18620
33720   18620
33730   18620
33740   18620
33750   18620
33760   18620
33770   18620
33780   18620
33790   18620
33800   18620
33810   18620
33820   18620
33830   18620
33840   18620
33850   18620
33860   18620
33870   18620
33880   18620
33890   18620
33900   18620
33910   18620
33920   18620
33930   18620
33940   18620
33950   18620
33960   18620
33970   18620
33980   18620
33990   18620
34000   18620
34010   18620
34020   18620
34030   18620
34040   18620
34050   18620
34060   18620
34070   18620
34080   18620
34090   18620
34100   18620
34110   18620
34120   18620
34130   18620
34140   18620
34150   18620
34160   18620
34170   18620
34180   18620
34190   18620
34200   18620
34210   18620
34220   18620
34230   18620
34240   18620
34250   18620
34260   18620
34270   18620
34280   18620
34290   18620
34300   18620
34310   18620
34320   18620
34330   18620
34340   18620
34350   18620
34360   18620
34370   18620
34380   18620
34390   18620
34400   18620
34410   18620
34420   18620
34430   18620
34440   18620
34450   18620
34460   18620
34470   18620
34480   18620
34490   18620
34500   18620
34510   18620
34520   18620
34530   18620
34540   18620
34550   18620
34560   18620
34570   18620
34580   18620
34590   18620
34600   18620
34610   18620
34620   18620
34630   18620
34640   18620
34650   18620
34660   18620
34670   18620
34680   18620
34690   18620
34700   18620
34710   18620
34720   18620
34730   18620
34740   18620
34750   18620
34760   18620
34770   18620
34780   18620
34790   18620
34800   18620
34810   18620
34820   18620
34830   18620
34840   18620
34850   18620
34860   18620
34870   18620
34880   18620
34890   18620
34900   18620
34910   18620
34920   18620
34930   18620
34940   18620
34950   18620
34960   18620
34970   18620
34980   18620
34990   18620
35000   18620
35010   18620
35020   18620
35030   18620
35040   18620
35050   18620
35060   18620
35070   18620
35080   18620
35090   18620
35100   18620
35110   18620
35120   18620
35130   18620
35140   18620
35150   18620
35160   18620
35170   18620
35180   18620
35190   18620
35200   18620
35210   18620
35220   18620
35230   18620
35240   18620
35250   18620
35260   18620
35270   18620
35280   18620
35290   18620
35300   18620
35310   18620
35320   18620
35330   18620
35340   18620
35350   18620
35360   18620
35370   18620
35380   18620
35390   18620
35400   18620
35410   18620
35420   18620
35430   18620
35440   18620
35450   18620
35460   18620
35470   18620
35480   18620
35490   18620
35500   18620
35510   18620
35520   18620
35530   18620
35540   18620
35550   18620
35560   18620
35570   18620
35580   18620
35590   18620
35600   18620
35610   18620
35620   18620
35630   18620
35640   18620
35650   18620
35660   18620
35670   18620
35680   18620
35690   18620
35700   18620
35710   18620
35720   18620
35730   18620
35740   18620
35750   18620
35760   18620
35770   18620
35780   18620
35790   18620
35800   18620
35810   18620
35820   18620
35830   18620
35840   18620
35850   18620
35860   18620
35870   18620
35880   18620
35890   18620
35900   18620
35910   18620
35920   18620
35930   18620
35940   18620
35950   18620
35960   18620
35970   18620
35980   18620
35990   18620
36000   18620
36010   18620
36020   18620
36030   18620
36040   18620
36050   18620
36060   18620
36070   18620
36080   18620
36090   18620
36100   18620
36110   18620
36120   18620
36130   18620
36140   18620
36150   18620
36160   18620
36170   18620
36180   18620
36190   18620
36200   18620
36210   18620
36220   18620
36230   18620
36240   18620
36250   18620
36260   18620
36270   18620
36280   18620
36290   18620
36300   18620
36310   18620
36320   18620
36330   18620
36340   18620
36350   18620
36360   18620
36370   18620
36380   18620
36390   18620
36400   18620
36410   18620
36420   18620
36430   18620
36440   18620
36450   18620
36460   18620
36470   18620
36480   18620
36490   18620
36500   18620
36510   18620
36520   18620
36530   18620
36540   18620
36550   18620
36560   18620
36570   18620
36580   18620
36590   18620
36600   18620
36610   18620
36620   18620
36630   18620
36640   18620
36650   18620
36660   18620
36670   18620
36680   18620
36690   18620
36700   18620
36710   18620
36720   18620
36730   18620
36740   18620
36750   18620
36760   18620
36770   18620
36780   18620
36790   18620
36800   18620
36810   18620
36820   18620
36830   18620
36840   18620
36850   18620
36860   18620
36870   18620
36880   18620
36890   18620
36900   18620
36910   18620
36920   18620
36930   18620
36940   18620
36950   18620
36960   18620
36970   18620
36980   18620
36990   18620
37000   18620
37010   18620
37020   18620
37030   18620
37040   18620
37050   18620
37060   18620
37070   18620
37080   18620
37090   18620
37100   18620
37110   18620
37120   18620
37130   18620
37140   18620
37150   18620
37160   18620
37170   18620
37180   18620
37190   18620
37200   18620
37210   18620
37220   18620
37230   18620
37240   18620
37250   18620
37260   18620
37270   18620
37280   18620
37290   18620
37300   18620
37310   18620
37320   18620
37330   18620
37340   18620
37350   18620
37360   18620
37370   18620
37380   18620
37390   18620
37400   18620
37410   18620
37420   18620
37430   18620
37440   18620
37450   18620
37460   18620
37470   18620
37480   18620
37490   18620
37500   18620
37510   18620
37520   18620
37530   18620
37540   18620
37550   18620
37560   18620
37570   18620
37580   18620
37590   18620
37600   18620
37610   18620
37620   18620
37630   18620
37640   18620
37650   18620
37660   18620
37670   18620
37680   18620
37690   18620
37700   18620
37710   18620
37720   18620
37730   18620
37740   18620
37750   18620
37760   18620
37770   18620
37780   18620
37790   18620
37800   18620
37810   18620
37820   18620
37830   18620
37840   18620
37850   18620
37860   18620
37870   18620
37880   18620
37890   18620
37900   18620
37910   18620
37920   18620
37930   18620
37940   18620
37950   18620
37960   18620
37970   18620
37980   18620
37990   18620
38000   18620
38010   18620
38020   18620
38030   18620
38040   18620
38050   18620
38060   18620
38070   18620
38080   18620
38090   18620
38100   18620
38110   18620
38120   18620
38130   18620
38140   18620
38150   18620
38160   18620
38170   18620
38180   18620
38190   18620
38200   18620
38210   18620
38220   18620
38230   18620
38240   18620
38250   18620
38260   18620
38270   18620
38280   18620
38290   18620
38300   18620
38310   18620
38320   18620
38330   18620
38340   18620
38350   18620
38360   18620
38370   18620
38380   18620
38390   18620
38400   18620
38410   18620
38420   18620
38430   18620
38440   18620
38450   18620
38460   18620
38470   18620
38480   18620
38490   18620
38500   18620
38510   18620
38520   18620
38530   18620
38540   18620
38550   18620
38560   18620
38570   18620
38580   18620
38590   18620
38600   18620
38610   18620
38620   18620
38630   18620
38640   18620
38650   18620
38660   18620
38670   18620
38680   18620
38690   18620
38700   18620
38710   18620
38720   18620
38730   18620
38740   18620
38750   18620
38760   18620
38770   18620
38780   18620
38790   18620
38800   18620
38810   18620
38820   18620
38830   18620
38840   18620
38850   18620
38860   18620
38870   18620
38880   18620
38890   18620
38900   18620
38910   18620
38920   18620
38930   18620
38940   18620
38950   18620
38960   18620
38970   18620
38980   18620
38990   18620
39000   18620
39010   18620
39020   18620
39030   18620
39040   18620
39050   18620
39060   18620
39070   18620
39080   18620
39090   18620
39100   18620
39110   18620
39120   18620
39130   18620
39140   18620
39150   18620
39160   18620
39170   18620
39180   18620
39190   18620
39200   18620
39210   18620
39220   18620
39230   18620
39240   18620
39250   18620
39260   18620
39270   18620
39280   18620
39290   18620
39300   18620
39310   18620
39320   18620
39330   18620
39340   18620
39350   18620
39360   18620
39370   18620
39380   18620
39390   18620
39400   18620
39410   18620
39420   18620
39430   18620
39440   18620
39450   18620
39460   18620
39470   18620
39480   18620
39490   18620
39500   18620
39510   18620
39520   18620
39530   18620
39540   18620
39550   18620
39560   18620
39570   18620
39580   18620
39590   18620
39600   18620
39610   18620
39620   18620
39630   18620
39640   18620
39650   18620
39660   18620
39670   18620
39680   18620
39690   18620
39700   18620
39710   18620
39720   18620
39730   18620
39740   18620
39750   18620
39760   18620
39770   18620
39780   18620
39790   18620
39800   18620
39810   18620
39820   18620
39830   18620
39840   18620
39850   18620
39860   18620
39870   18620
39880   18620
39890   18620
39900   18620
39910   18620
39920   18620
39930   18620
39940   18620
39950   18620
39960   18620
39970   18620
39980   18620
39990   18620
40000   18620
40010   18620
40020   18620
40030   18620
40040   18620
40050   18620
40060   18620
40070   18620
40080   18620
40090   18620
40100   18620
40110   18620
40120   18620
40130   18620
40140   18620
40150   18620
40160   18620
40170   18620
40180   18620
40190   18620
40200   18620
40210   18620
40220   18620
40230   18620
40240   18620
40250   18620
40260   18620
40270   18620
40280   18620
40290   18620
40300   18620
40310   18620
40320   18620
40330   18620
40340   18620
40350   18620
40360   18620
40370   18620
40380   18620
40390   18620
40400   18620
40410   18620
40420   18620
40430   18620
40440   18620
40450   18620
40460   18620
40470   18620
40480   18620
40490   18620
40500   18620
40510   18620
40520   18620
40530   18620
40540   18620
40550   18620
40560   18620
40570   18620
40580   18620
40590   18620
40600   18620
40610   18620
40620   18620
40630   18620
40640   18620
40650   18620
40660   18620
40670   18620
40680   18620
40690   18620
40700   18620
40710   18620
40720   18620
40730   18620
40740   18620
40750   18620
40760   18620
40770   18620
40780   18620
40790   18620
40800   18620
40810   18620
40820   18620
40830   18620
40840   18620
40850   18620
40860   18620
40870   18620
40880   18620
40890   18620
40900   18620
40910   18620
40920   18620
40930   18620
40940   18620
40950   18620
40960   18620
40970   18620
40980   18620
40990   18620
41000   18620
41010   18620
41020   18620
41030   18620
41040   18620
41050   18620
41060   18620
41070   18620
41080   18620
41090   18620
41100   18620
41110   18620
41120   18620
41130   18620
41140   18620
41150   18620
41160   18620
41170   18620
41180   18620
41190   18620
41200   18620
41210   18620
41220   18620
41230   18620
41240   18620
41250   18620
41260   18620
41270   18620
41280   18620
41290   18620
41300   18620
41310   18620
41320   18620
41330   18620
41340   18620
41350   18620
41360   18620
41370   18620
41380   18620
41390   18620
41400   18620
41410   18620
41420   18620
41430   18620
41440   18620
41450   18620
41460   18620
41470   18620
41480   18620
41490   18620
41500   18620
41510   18620
41520   18620
41530   18620
41540   18620
41550   18620
41560   18620
41570   18620
41580   18620
41590   18620
41600   18620
41610   18620
41620   18620
41630   18620
41640   18620
41650   18620
41660   18620
41670   18620
41680   18620
41690   18620
41700   18620
41710   18620
41720   18620
41730   18620
41740   18620
41750   18620
41760   18620
41770   18620
41780   18620
41790   18620
41800   18620
41810   18620
41820   18620
41830   18620
41840   18620
41850   18620
41860   18620
41870   18620
41880   18620
41890   18620
41900   18620
41910   18620
41920   18620
41930   18620
41940   18620
41950   18620
41960   18620
41970   18620
41980   18620
41990   18620
42000   18620
42010   18620
42020   18620
42030   18620
42040   18620
42050   18620
42060   18620
42070   18620
42080   18620
42090   18620
42100   18620
42110   18620
42120   18620
42130   18620
42140   18620
42150   18620
42160   18620
42170   18620
42180   18620
42190   18620
42200   18620
42210   18620
42220   18620
42230   18620
42240   18620
42250   18620
42260   18620
42270   18620
42280   18620
42290   18620
42300   18620
42310   18620
42320   18620
42330   18620
42340   18620
42350   18620
42360   18620
42370   18620
42380   18620
42390   18620
42400   18620
42410   18620
42420   18620
42430   18620
42440   18620
42450   18620
42460   18620
42470   18620
42480   18620
42490   18620
42500   18620
42510   18620
42520   18620
42530   18620
42540   18620
42550   18620
42560   18620
42570   18620
42580   18620
42590   18620
42600   18620
42610   18620
42620   18620
42630   18620
42640   18620
42650   18620
42660   18620
42670   18620
42680   18620
42690   18620
42700   18620
42710   18620
42720   18620
42730   18620
42740   18620
42750   18620
42760   18620
42770   18620
42780   18620
42790   18620
42800   18620
42810   18620
42820   18620
42830   18620
42840   18620
42850   18620
42860   18620
42870   18620
42880   18620
42890   18620
42900   18620
42910   18620
42920   18620
42930   18620
42940   18620
42950   18620
42960   18620
42970   18620
42980   18620
42990   18620
43000   18620
43010   18620
43020   18620
43030   18620
43040   18620
43050   18620
43060   18620
43070   18620
43080   18620
43090   18620
43100   18620
43110   18620
43120   18620
43130   18620
43140   18620
43150   18620
43160   18620
43170   18620
43180   18620
43190   18620
43200   18620
43210   18620
43220   18620
43230   18620
43240   18620
43250   18620
43260   18620
43270   18620
43280   18620
43290   18620
43300   18620
43310   18620
43320   18620
43330   18620
43340   18620
43350   18620
43360   18620
43370   18620
43380   18620
43390   18620
43400   18620
43410   18620
43420   18620
43430   18620
43440   18620
43450   18620
43460   18620
43470   18620
43480   18620
43490   18620
43500   18620
43510   18620
43520   18620
43530   18620
43540   18620
43550   18620
43560   18620
43570   18620
43580   18620
43590   18620
43600   18620
43610   18620
43620   18620
43630   18620
43640   18620
43650   18620
43660   18620
43670   18620
43680   18620
43690   18620
43700   18620
43710   18620
43720   18620
43730   18620
43740   18620
43750   18620
43760   18620
43770   18620
43780   18620
43790   18620
43800   18620
43810   18620
43820   18620
43830   18620
43840   18620
43850   18620
43860   18620
43870   18620
43880   18620
43890   18620
43900   18620
43910   18620
43920   18620
43930   18620
43940   18620
43950   18620
43960   18620
43970   18620
43980   18620
43990   18620
44000   18620
44010   18620
44020   18620
44030   18620
44040   18620
44050   18620
44060   18620
44070   18620
44080   18620
44090   18620
44100   18620
44110   18620
44120   18620
44130   18620
44140   18620
44150   18620
44160   18620
44170   18620
44180   18620
44190   18620
44200   18620
44210   18620
44220   18620
44230   18620
44240   18620
44250   18620
44260   18620
44270   18620
44280   18620
44290   18620
44300   18620
44310   18620
44320   18620
44330   18620
44340   18620
44350   18620
44360   18620
44370   18620
44380   18620
44390   18620
44400   18620
44410   18620
44420   18620
44430   18620
44440   18620
44450   18620
44460   18620
44470   18620
44480   18620
44490   18620
44500   18620
44510   18620
44520   18620
44530   18620
44540   18620
44550   18620
44560   18620
44570   18620
44580   18620
44590   18620
44600   18620
44610   18620
44620   18620
44630   18620
44640   18620
44650   18620
44660   18620
44670   18620
44680   18620
44690   18620
44700   18620
44710   18620
44720   18620
44730   18620
44740   18620
44750   18620
44760   18620
44770   18620
44780   18620
44790   18620
44800   18620
44810   18620
44820   18620
44830   18620
44840   18620
44850   18620
44860   18620
44870   18620
44880   18620
44890   18620
44900   18620
44910   18620
44920   18620
44930   18620
44940   18620
44950   18620
44960   18620
44970   18620
44980   18620
44990   18620
45000   18620
45010   18620
45020   18620
45030   18620
45040   18620
45050   18620
45060   18620
45070   18620
45080   18620
45090   18620
45100   18620
45110   18620
45120   18620
45130   18620
45140   18620
45150   18620
45160   18620
45170   18620
45180   18620
45190   18620
45200   18620
45210   18620
45220   18620
45230   18620
45240   18620
45250   18620
45260   18620
45270   18620
45280   18620
45290   18620
45300   18620
45310   18620
45320   18620
45330   18620
45340   18620
45350   18620
45360   18620
45370   18620
45380   18620
45390   18620
45400   18620
45410   18620
45420   18620
45430   18620
45440   18620
45450   18620
45460   18620
45470   18620
45480   18620
45490   18620
45500   18620
45510   18620
45520   18620
45530   18620
45540   18620
45550   18620
45560   18620
45570   18620
45580   18620
45590   18620
45600   18620
45610   18620
45620   18620
45630   18620
45640   18620
45650   18620
45660   18508
45670   18508
45680   18508
45690   18508
45700   18508
45710   18508
45720   18508
45730   18508
45740   18508
45750   18508
45760   18508
45770   18508
45780   18508
45790   18508
45800   18508
45810   18508
45820   18508
45830   18508
45840   18508
45850   18508
45860   18508
45870   18508
45880   18508
45890   18508
45900   18508
45910   18508
45920   18508
45930   18508
45940   18508
45950   18508
45960   18508
45970   18508
45980   18508
45990   18508
46000   18508
46010   18508
46020   18508
46030   18508
46040   18508
46050   18508
46060   18508
46070   18508
46080   18508
46090   18508
46100   18508
46110   18508
46120   18508
46130   18508
46140   18508
46150   18508
46160   18508
46170   18508
46180   18508
46190   18508
46200   18508
46210   18508
46220   18508
46230   18508
46240   18508
46250   18508
46260   18508
46270   18508
46280   18508
46290   18508
46300   18508
46310   18508
46320   18508
46330   18508
46340   18508
46350   18508
46360   18508
46370   18508
46380   18508
46390   18508
46400   18508
46410   18508
46420   18508
46430   18508
46440   18508
46450   18508
46460   18508
46470   18508
46480   18508
46490   18508
46500   18508
46510   18508
46520   18508
46530   18508
46540   18508
46550   18508
46560   18508
46570   18508
46580   18508
46590   18508
46600   18508
46610   18508
46620   18508
46630   18508
46640   18508
46650   18508
46660   18508
46670   18508
46680   18508
46690   18508
46700   18508
46710   18508
46720   18508
46730   18508
46740   18508
46750   18508
46760   18508
46770   18508
46780   18508
46790   18508
46800   18508
46810   18508
46820   18508
46830   18508
46840   18508
46850   18508
46860   18508
46870   18508
46880   18508
46890   18508
46900   18508
46910   18508
46920   18508
46930   18508
46940   18508
46950   18508
46960   18508
46970   18508
46980   18508
46990   18508
47000   18508
47010   18508
47020   18508
47030   18508
47040   18508
47050   18508
47060   18508
47070   18508
47080   18508
47090   18508
47100   18508
47110   18508
47120   18508
47130   18508
47140   18508
47150   18508
47160   18508
47170   18508
47180   18508
47190   18508
47200   18508
47210   18508
47220   18508
47230   18508
47240   18508
47250   18508
47260   18508
47270   18508
47280   18508
47290   18508
47300   18508
47310   18508
47320   18508
47330   18508
47340   18508
47350   18508
47360   18508
47370   18508
47380   18508
47390   18508
47400   18508
47410   18508
47420   18508
47430   18508
47440   18508
47450   18508
47460   18508
47470   18508
47480   18508
47490   18508
47500   18508
47510   18508
47520   18508
47530   18508
47540   18508
47550   18508
47560   18508
47570   18508
47580   18508
47590   18508
47600   18508
47610   18508
47620   18508
47630   18508
47640   18508
47650   18508
47660   18508
47670   18508
47680   18508
47690   18508
47700   18508
47710   18508
47720   18508
47730   18508
47740   18508
47750   18508
47760   18508
47770   18508
47780   18508
47790   18508
47800   18508
47810   18508
47820   18508
47830   18508
47840   18508
47850   18508
47860   18508
47870   18508
47880   18508
47890   18508
47900   18508
47910   18508
47920   18508
47930   18508
47940   18508
47950   18508
47960   18508
47970   18508
47980   18508
47990   18508
48000   18508
48010   18508
48020   18508
48030   18508
48040   18508
48050   18508
48060   18508
48070   18508
48080   18508
48090   18508
48100   18508
48110   18508
48120   18508
48130   18508
48140   18508
48150   18508
48160   18508
48170   18508
48180   18508
48190   18508
48200   18508
48210   18508
48220   18508
48230   18508
48240   18508
48250   18508
48260   18508
48270   18508
48280   18508
48290   18508
48300   18508
48310   18508
48320   18508
48330   18508
48340   18508
48350   18508
48360   18508
48370   18508
48380   18508
48390   18508
48400   18508
48410   18508
48420   18508
48430   18508
48440   18508
48450   18508
48460   18508
48470   18508
48480   18508
48490   18508
48500   18508
48510   18508
48520   18508
48530   18508
48540   18508
48550   18508
48560   18508
48570   18508
48580   18508
48590   18508
48600   18508
48610   18508
48620   18508
48630   18508
48640   18508
48650   18508
48660   18508
48670   18508
48680   18508
48690   18508
48700   18508
48710   18508
48720   18508
48730   18508
48740   18508
48750   18508
48760   18508
48770   18508
48780   18508
48790   18508
48800   18508
48810   18508
48820   18508
48830   18508
48840   18508
48850   18508
48860   18508
48870   18508
48880   18508
48890   18508
48900   18508
48910   18508
48920   18508
48930   18508
48940   18508
48950   18508
48960   18508
48970   18508
48980   18508
48990   18508
49000   18508
49010   18508
49020   18508
49030   18508
49040   18508
49050   18508
49060   18508
49070   18508
49080   18508
49090   18508
49100   18508
49110   18508
49120   18508
49130   18508
49140   18508
49150   18508
49160   18508
49170   18508
49180   18508
49190   18508
49200   18508
49210   18508
49220   18508
49230   18508
49240   18508
49250   18508
49260   18508
49270   18508
49280   18508
49290   18508
49300   18508
49310   18508
49320   18508
49330   18508
49340   18508
49350   18508
49360   18508
49370   18508
49380   18508
49390   18508
49400   18508
49410   18508
49420   18508
49430   18508
49440   18508
49450   18508
49460   18508
49470   18508
49480   18508
49490   18508
49500   18508
49510   18508
49520   18508
49530   18508
49540   18508
49550   18508
49560   18508
49570   18508
49580   18508
49590   18508
49600   18508
49610   18508
49620   18508
49630   18508
49640   18508
49650   18508
49660   18508
49670   18508
49680   18508
49690   18508
49700   18508
49710   18508
49720   18508
49730   18508
49740   18508
49750   18508
49760   18508
49770   18508
49780   18508
49790   18508
49800   18508
49810   18508
49820   18508
49830   18508
49840   18508
49850   18508
49860   18508
49870   18508
49880   18508
49890   18508
49900   18508
49910   18508
49920   18508
49930   18508
49940   18508
49950   18508
49960   18508
49970   18508
49980   18508
49990   18508
50000   18508
50010   18508
50020   18508
50030   18508
50040   18508
50050   18508
50060   18508
50070   18508
50080   18508
50090   18508
50100   18508
50110   18508
50120   18508
50130   18508
50140   18508
50150   18508
50160   18508
50170   18508
50180   18508
50190   18508
50200   18508
50210   18508
50220   18508
50230   18508
50240   18508
50250   18508
50260   18508
50270   18508
50280   18508
50290   18508
50300   18508
50310   18508
50320   18508
50330   18508
50340   18508
50350   18508
50360   18508
50370   18508
50380   18508
50390   18508
50400   18508
50410   18508
50420   18508
50430   18508
50440   18508
50450   18508
50460   18508
50470   18508
50480   18508
50490   18508
50500   18508
50510   18508
50520   18508
50530   18508
50540   18508
50550   18508
50560   18508
50570   18508
50580   18508
50590   18508
50600   18508
50610   18508
50620   18508
50630   18508
50640   18508
50650   18508
50660   18508
50670   18508
50680   18508
50690   18508
50700   18508
50710   18508
50720   18508
50730   18508
50740   18508
50750   18508
50760   18508
50770   18508
50780   18508
50790   18508
50800   18508
50810   18508
50820   18508
50830   18508
50840   18508
50850   18508
50860   18508
50870   18508
50880   18508
50890   18508
50900   18508
50910   18508
50920   18508
50930   18508
50940   18508
50950   18508
