10   18764
20   18764
30   18764
40   18764
50   18756
60   18684
70   18684
80   18684
90   18684
100   18684
110   18684
120   18684
130   18684
140   18684
150   18684
160   18684
170   18684
180   18684
190   18684
200   18684
210   18684
220   18684
230   18684
240   18684
250   18684
260   18684
270   18684
280   18684
290   18684
300   18684
310   18676
320   18676
330   18676
340   18676
350   18676
360   18676
370   18676
380   18676
390   18676
400   18620
410   18620
420   18580
430   18580
440   18580
450   18580
460   18580
470   18580
480   18580
490   18556
500   18556
510   18556
520   18556
530   18556
540   18556
550   18556
560   18556
570   18556
580   18556
590   18556
600   18556
610   18556
620   18556
630   18556
640   18556
650   18556
660   18556
670   18556
680   18556
690   18556
700   18556
710   18556
720   18556
730   18556
740   18556
750   18556
760   18556
770   18556
780   18556
790   18556
800   18556
810   18556
820   18556
830   18556
840   18556
850   18556
860   18556
870   18556
880   18556
890   18556
900   18556
910   18556
920   18556
930   18556
940   18556
950   18556
960   18556
970   18556
980   18556
990   18556
1000   18556
1010   18556
1020   18556
1030   18556
1040   18556
1050   18556
1060   18556
1070   18556
1080   18556
1090   18556
1100   18556
1110   18556
1120   18556
1130   18556
1140   18556
1150   18556
1160   18556
1170   18556
1180   18556
1190   18556
1200   18556
1210   18556
1220   18556
1230   18556
1240   18556
1250   18556
1260   18556
1270   18556
1280   18556
1290   18556
1300   18556
1310   18556
1320   18548
1330   18548
1340   18548
1350   18548
1360   18548
1370   18548
1380   18548
1390   18548
1400   18548
1410   18548
1420   18548
1430   18548
1440   18548
1450   18548
1460   18548
1470   18548
1480   18548
1490   18548
1500   18548
1510   18548
1520   18548
1530   18548
1540   18548
1550   18548
1560   18548
1570   18548
1580   18548
1590   18548
1600   18548
1610   18548
1620   18548
1630   18548
1640   18548
1650   18548
1660   18548
1670   18548
1680   18548
1690   18548
1700   18548
1710   18548
1720   18548
1730   18548
1740   18548
1750   18548
1760   18548
1770   18548
1780   18548
1790   18548
1800   18548
1810   18548
1820   18548
1830   18548
1840   18548
1850   18548
1860   18548
1870   18548
1880   18548
1890   18548
1900   18548
1910   18548
1920   18548
1930   18548
1940   18548
1950   18548
1960   18548
1970   18548
1980   18548
1990   18548
2000   18548
2010   18548
2020   18548
2030   18548
2040   18548
2050   18548
2060   18548
2070   18548
2080   18548
2090   18548
2100   18548
2110   18548
2120   18548
2130   18548
2140   18548
2150   18548
2160   18548
2170   18548
2180   18548
2190   18548
2200   18548
2210   18548
2220   18548
2230   18548
2240   18548
2250   18548
2260   18548
2270   18548
2280   18548
2290   18548
2300   18548
2310   18548
2320   18548
2330   18548
2340   18548
2350   18548
2360   18548
2370   18548
2380   18548
2390   18548
2400   18548
2410   18548
2420   18548
2430   18548
2440   18548
2450   18548
2460   18548
2470   18548
2480   18548
2490   18548
2500   18548
2510   18548
2520   18548
2530   18548
2540   18548
2550   18548
2560   18548
2570   18548
2580   18548
2590   18548
2600   18548
2610   18548
2620   18548
2630   18532
2640   18532
2650   18532
2660   18532
2670   18532
2680   18532
2690   18532
2700   18532
2710   18532
2720   18532
2730   18532
2740   18532
2750   18532
2760   18532
2770   18532
2780   18532
2790   18532
2800   18532
2810   18532
2820   18532
2830   18532
2840   18532
2850   18532
2860   18532
2870   18532
2880   18532
2890   18420
2900   18420
2910   18420
2920   18420
2930   18420
2940   18420
2950   18420
2960   18420
2970   18420
2980   18420
2990   18420
3000   18420
3010   18420
3020   18420
3030   18420
3040   18420
3050   18420
3060   18420
3070   18420
3080   18420
3090   18420
3100   18420
3110   18420
3120   18420
3130   18420
3140   18420
3150   18420
3160   18420
3170   18420
3180   18420
3190   18420
3200   18420
3210   18420
3220   18420
3230   18420
3240   18420
3250   18420
3260   18420
3270   18420
3280   18420
3290   18420
3300   18420
3310   18420
3320   18420
3330   18420
3340   18420
3350   18420
3360   18420
3370   18420
3380   18420
3390   18420
3400   18420
3410   18420
3420   18420
3430   18420
3440   18420
3450   18420
3460   18420
3470   18420
3480   18420
3490   18420
3500   18420
3510   18420
3520   18420
3530   18420
3540   18420
3550   18420
3560   18420
3570   18420
3580   18420
3590   18420
3600   18420
3610   18420
3620   18420
3630   18420
3640   18420
3650   18420
3660   18420
3670   18420
3680   18420
3690   18420
3700   18420
3710   18420
3720   18420
3730   18420
3740   18420
3750   18420
3760   18420
3770   18420
3780   18420
3790   18420
3800   18420
3810   18420
3820   18420
3830   18420
3840   18420
3850   18420
3860   18420
3870   18420
3880   18420
3890   18420
3900   18420
3910   18420
3920   18420
3930   18420
3940   18420
3950   18420
3960   18420
3970   18420
3980   18420
3990   18420
4000   18420
4010   18420
4020   18420
4030   18420
4040   18420
4050   18420
4060   18420
4070   18420
4080   18420
4090   18420
4100   18420
4110   18420
4120   18420
4130   18420
4140   18420
4150   18420
4160   18420
4170   18420
4180   18420
4190   18420
4200   18420
4210   18420
4220   18420
4230   18420
4240   18420
4250   18420
4260   18420
4270   18420
4280   18420
4290   18420
4300   18420
4310   18420
4320   18420
4330   18420
4340   18420
4350   18420
4360   18420
4370   18420
4380   18420
4390   18420
4400   18420
4410   18420
4420   18420
4430   18420
4440   18420
4450   18420
4460   18420
4470   18420
4480   18420
4490   18420
4500   18420
4510   18420
4520   18420
4530   18420
4540   18420
4550   18420
4560   18420
4570   18420
4580   18420
4590   18420
4600   18420
4610   18420
4620   18420
4630   18420
4640   18420
4650   18420
4660   18420
4670   18420
4680   18420
4690   18420
4700   18420
4710   18420
4720   18420
4730   18420
4740   18420
4750   18420
4760   18420
4770   18420
4780   18420
4790   18420
4800   18420
4810   18420
4820   18420
4830   18420
4840   18420
4850   18420
4860   18420
4870   18420
4880   18420
4890   18420
4900   18420
4910   18420
4920   18420
4930   18420
4940   18420
4950   18420
4960   18420
4970   18420
4980   18420
4990   18420
5000   18420
5010   18420
5020   18420
5030   18420
5040   18420
5050   18420
5060   18420
5070   18420
5080   18420
5090   18420
5100   18420
5110   18420
5120   18420
5130   18420
5140   18420
5150   18420
5160   18420
5170   18420
5180   18420
5190   18420
5200   18420
5210   18420
5220   18420
5230   18420
5240   18420
5250   18420
5260   18420
5270   18420
5280   18420
5290   18420
5300   18420
5310   18420
5320   18420
5330   18420
5340   18420
5350   18420
5360   18420
5370   18420
5380   18420
5390   18420
5400   18420
5410   18420
5420   18420
5430   18420
5440   18420
5450   18420
5460   18420
5470   18420
5480   18420
5490   18420
5500   18420
5510   18420
5520   18420
5530   18420
5540   18420
5550   18420
5560   18420
5570   18420
5580   18420
5590   18420
5600   18420
5610   18420
5620   18420
5630   18420
5640   18420
5650   18420
5660   18420
5670   18420
5680   18420
5690   18420
5700   18420
5710   18420
5720   18420
5730   18420
5740   18420
5750   18420
5760   18420
5770   18420
5780   18420
5790   18420
5800   18420
5810   18420
5820   18420
5830   18420
5840   18420
5850   18420
5860   18420
5870   18420
5880   18420
5890   18420
5900   18420
5910   18420
5920   18420
5930   18420
5940   18420
5950   18420
5960   18420
5970   18420
5980   18420
5990   18420
6000   18420
6010   18420
6020   18420
6030   18420
6040   18420
6050   18420
6060   18420
6070   18420
6080   18420
6090   18420
6100   18420
6110   18420
6120   18420
6130   18420
6140   18420
6150   18420
6160   18420
6170   18420
6180   18420
6190   18420
6200   18420
6210   18420
6220   18420
6230   18420
6240   18420
6250   18420
6260   18420
6270   18420
6280   18420
6290   18420
6300   18420
6310   18420
6320   18420
6330   18420
6340   18420
6350   18420
6360   18420
6370   18420
6380   18420
6390   18420
6400   18420
6410   18420
6420   18420
6430   18420
6440   18420
6450   18420
6460   18420
6470   18420
6480   18420
6490   18420
6500   18420
6510   18420
6520   18420
6530   18420
6540   18420
6550   18420
6560   18420
6570   18420
6580   18420
6590   18420
6600   18420
6610   18420
6620   18420
6630   18420
6640   18420
6650   18420
6660   18420
6670   18420
6680   18420
6690   18420
6700   18420
6710   18420
6720   18420
6730   18420
6740   18420
6750   18420
6760   18420
6770   18420
6780   18420
6790   18420
6800   18420
6810   18420
6820   18420
6830   18420
6840   18420
6850   18420
6860   18420
6870   18420
6880   18420
6890   18420
6900   18420
6910   18420
6920   18420
6930   18420
6940   18420
6950   18420
6960   18420
6970   18420
6980   18420
6990   18420
7000   18420
7010   18420
7020   18420
7030   18420
7040   18420
7050   18420
7060   18420
7070   18420
7080   18420
7090   18420
7100   18420
7110   18420
7120   18420
7130   18420
7140   18420
7150   18420
7160   18420
7170   18420
7180   18420
7190   18420
7200   18420
7210   18420
7220   18420
7230   18420
7240   18420
7250   18420
7260   18420
7270   18420
7280   18420
7290   18420
7300   18420
7310   18420
7320   18420
7330   18420
7340   18420
7350   18420
7360   18420
7370   18420
7380   18420
7390   18420
7400   18420
7410   18420
7420   18420
7430   18420
7440   18420
7450   18420
7460   18420
7470   18420
7480   18420
7490   18420
7500   18420
7510   18420
7520   18420
7530   18420
7540   18420
7550   18420
7560   18420
7570   18420
7580   18420
7590   18420
7600   18420
7610   18420
7620   18420
7630   18420
7640   18420
7650   18420
7660   18420
7670   18420
7680   18420
7690   18420
7700   18420
7710   18420
7720   18420
7730   18420
7740   18420
7750   18420
7760   18420
7770   18420
7780   18420
7790   18420
7800   18420
7810   18420
7820   18420
7830   18420
7840   18420
7850   18420
7860   18420
7870   18420
7880   18420
7890   18420
7900   18420
7910   18420
7920   18420
7930   18420
7940   18420
7950   18420
7960   18420
7970   18420
7980   18420
7990   18420
8000   18420
8010   18420
8020   18420
8030   18420
8040   18420
8050   18420
8060   18420
8070   18420
8080   18420
8090   18420
8100   18420
8110   18420
8120   18420
8130   18420
8140   18420
8150   18420
8160   18420
8170   18420
8180   18420
8190   18420
8200   18420
8210   18420
8220   18420
8230   18420
8240   18420
8250   18420
8260   18420
8270   18420
8280   18420
8290   18420
8300   18420
8310   18420
8320   18420
8330   18420
8340   18420
8350   18420
8360   18420
8370   18420
8380   18420
8390   18420
8400   18420
8410   18420
8420   18420
8430   18420
8440   18420
8450   18420
8460   18420
8470   18420
8480   18420
8490   18420
8500   18420
8510   18420
8520   18420
8530   18420
8540   18420
8550   18420
8560   18420
8570   18420
8580   18420
8590   18420
8600   18420
8610   18420
8620   18420
8630   18420
8640   18420
8650   18420
8660   18420
8670   18420
8680   18420
8690   18420
8700   18420
8710   18420
8720   18420
8730   18420
8740   18420
8750   18420
8760   18420
8770   18420
8780   18420
8790   18420
8800   18420
8810   18420
8820   18420
8830   18420
8840   18420
8850   18420
8860   18420
8870   18420
8880   18420
8890   18420
8900   18420
8910   18420
8920   18420
8930   18420
8940   18420
8950   18420
8960   18420
8970   18420
8980   18420
8990   18420
9000   18420
9010   18420
9020   18420
9030   18420
9040   18420
9050   18420
9060   18420
9070   18420
9080   18420
9090   18420
9100   18420
9110   18420
9120   18420
9130   18420
9140   18420
9150   18420
9160   18420
9170   18420
9180   18420
9190   18420
9200   18420
9210   18420
9220   18420
9230   18420
9240   18420
9250   18420
9260   18420
9270   18420
9280   18420
9290   18420
9300   18420
9310   18420
9320   18420
9330   18420
9340   18420
9350   18420
9360   18420
9370   18420
9380   18420
9390   18420
9400   18420
9410   18420
9420   18420
9430   18420
9440   18420
9450   18420
9460   18420
9470   18420
9480   18420
9490   18420
9500   18420
9510   18420
9520   18420
9530   18420
9540   18420
9550   18420
9560   18420
9570   18420
9580   18420
9590   18420
9600   18420
9610   18420
9620   18420
9630   18420
9640   18420
9650   18420
9660   18420
9670   18420
9680   18420
9690   18420
9700   18420
9710   18420
9720   18420
9730   18420
9740   18420
9750   18420
9760   18420
9770   18420
9780   18420
9790   18420
9800   18420
9810   18420
9820   18420
9830   18420
9840   18420
9850   18420
9860   18420
9870   18420
9880   18420
9890   18420
9900   18420
9910   18420
9920   18420
9930   18420
9940   18420
9950   18420
9960   18420
9970   18420
9980   18420
9990   18420
10000   18420
10010   18420
10020   18420
10030   18420
10040   18420
10050   18420
10060   18420
10070   18420
10080   18420
10090   18420
10100   18420
10110   18420
10120   18420
10130   18420
10140   18420
10150   18420
10160   18420
10170   18420
10180   18420
10190   18420
10200   18420
10210   18420
10220   18420
10230   18420
10240   18420
10250   18420
10260   18420
10270   18420
10280   18420
10290   18420
10300   18420
10310   18420
10320   18420
10330   18420
10340   18420
10350   18420
10360   18420
10370   18420
10380   18420
10390   18420
10400   18420
10410   18420
10420   18420
10430   18420
10440   18420
10450   18420
10460   18420
10470   18420
10480   18420
10490   18420
10500   18420
10510   18420
10520   18420
10530   18420
10540   18420
10550   18420
10560   18420
10570   18420
10580   18420
10590   18420
10600   18420
10610   18420
10620   18420
10630   18420
10640   18420
10650   18420
10660   18420
10670   18420
10680   18420
10690   18420
10700   18420
10710   18420
10720   18420
10730   18420
10740   18420
10750   18420
10760   18420
10770   18420
10780   18420
10790   18420
10800   18420
10810   18420
10820   18420
10830   18420
10840   18420
10850   18420
10860   18420
10870   18420
10880   18420
10890   18420
10900   18420
10910   18420
10920   18420
10930   18420
10940   18420
10950   18420
10960   18420
10970   18420
10980   18420
10990   18420
11000   18420
11010   18420
11020   18420
11030   18420
11040   18420
11050   18420
11060   18420
11070   18420
11080   18420
11090   18420
11100   18420
11110   18420
11120   18420
11130   18420
11140   18420
11150   18420
11160   18420
11170   18420
11180   18420
11190   18420
11200   18420
11210   18420
11220   18420
11230   18420
11240   18420
11250   18420
11260   18420
11270   18420
11280   18420
11290   18420
11300   18420
11310   18420
11320   18420
11330   18420
11340   18420
11350   18420
11360   18420
11370   18420
11380   18420
11390   18420
11400   18420
11410   18420
11420   18420
11430   18420
11440   18420
11450   18420
11460   18420
11470   18420
11480   18420
11490   18420
11500   18420
11510   18420
11520   18420
11530   18420
11540   18420
11550   18420
11560   18420
11570   18420
11580   18420
11590   18420
11600   18420
11610   18420
11620   18420
11630   18420
11640   18420
11650   18420
11660   18420
11670   18420
11680   18420
11690   18420
11700   18420
11710   18420
11720   18420
11730   18420
11740   18420
11750   18420
11760   18420
11770   18420
11780   18420
11790   18420
11800   18420
11810   18420
11820   18420
11830   18420
11840   18420
11850   18420
11860   18420
11870   18420
11880   18420
11890   18420
11900   18420
11910   18420
11920   18420
11930   18420
11940   18420
11950   18420
11960   18420
11970   18420
11980   18420
11990   18420
12000   18420
12010   18420
12020   18420
12030   18420
12040   18420
12050   18420
12060   18420
12070   18420
12080   18420
12090   18420
12100   18420
12110   18420
12120   18420
12130   18420
12140   18420
12150   18420
12160   18420
12170   18420
12180   18420
12190   18420
12200   18420
12210   18420
12220   18420
12230   18420
12240   18420
12250   18420
12260   18420
12270   18420
12280   18420
12290   18420
12300   18420
12310   18420
12320   18420
12330   18420
12340   18420
12350   18420
12360   18420
12370   18420
12380   18420
12390   18420
12400   18420
12410   18420
12420   18420
12430   18420
12440   18420
12450   18420
12460   18420
12470   18420
12480   18420
12490   18420
12500   18420
12510   18420
12520   18420
12530   18420
12540   18420
12550   18420
12560   18420
12570   18420
12580   18420
12590   18420
12600   18420
12610   18420
12620   18420
12630   18420
12640   18420
12650   18420
12660   18420
12670   18420
12680   18420
12690   18420
12700   18420
12710   18420
12720   18420
12730   18420
12740   18420
12750   18420
12760   18420
12770   18420
12780   18420
12790   18420
12800   18420
12810   18420
12820   18420
12830   18420
12840   18420
12850   18420
12860   18420
12870   18420
12880   18420
12890   18420
12900   18420
12910   18420
12920   18420
12930   18420
12940   18420
12950   18420
12960   18420
12970   18420
12980   18420
12990   18420
13000   18420
13010   18420
13020   18420
13030   18420
13040   18420
13050   18420
13060   18420
13070   18420
13080   18420
13090   18420
13100   18420
13110   18420
13120   18420
13130   18420
13140   18420
13150   18420
13160   18420
13170   18420
13180   18420
13190   18420
13200   18420
13210   18420
13220   18420
13230   18420
13240   18420
13250   18420
13260   18420
13270   18420
13280   18420
13290   18420
13300   18420
13310   18420
13320   18420
13330   18420
13340   18420
13350   18420
13360   18420
13370   18420
13380   18420
13390   18420
13400   18420
13410   18420
13420   18420
13430   18420
13440   18420
13450   18420
13460   18420
13470   18420
13480   18420
13490   18420
13500   18420
13510   18420
13520   18420
13530   18420
13540   18420
13550   18420
13560   18420
13570   18420
13580   18420
13590   18420
13600   18420
13610   18420
13620   18420
13630   18420
13640   18420
13650   18420
13660   18420
13670   18420
13680   18420
13690   18420
13700   18420
13710   18420
13720   18420
13730   18420
13740   18420
13750   18420
13760   18420
13770   18420
13780   18420
13790   18420
13800   18420
13810   18420
13820   18420
13830   18420
13840   18420
13850   18420
13860   18420
13870   18420
13880   18420
13890   18420
13900   18420
13910   18420
13920   18420
13930   18420
13940   18420
13950   18420
13960   18420
13970   18420
13980   18420
13990   18420
14000   18420
14010   18420
14020   18420
14030   18420
14040   18420
14050   18420
14060   18420
14070   18420
14080   18420
14090   18420
14100   18420
14110   18420
14120   18420
14130   18420
14140   18420
14150   18420
14160   18420
14170   18420
14180   18420
14190   18420
14200   18420
14210   18420
14220   18420
14230   18420
14240   18420
14250   18420
14260   18420
14270   18420
14280   18420
14290   18420
14300   18420
14310   18420
14320   18420
14330   18420
14340   18420
14350   18420
14360   18420
14370   18420
14380   18420
14390   18420
14400   18420
14410   18420
14420   18420
14430   18420
14440   18420
14450   18420
14460   18420
14470   18420
14480   18420
14490   18420
14500   18420
14510   18420
14520   18420
14530   18420
14540   18420
14550   18420
14560   18420
14570   18420
14580   18420
14590   18420
14600   18420
14610   18420
14620   18420
14630   18420
14640   18420
14650   18420
14660   18420
14670   18420
14680   18420
14690   18420
14700   18420
14710   18420
14720   18420
14730   18420
14740   18420
14750   18420
14760   18420
14770   18420
14780   18420
14790   18420
14800   18420
14810   18420
14820   18420
14830   18420
14840   18420
14850   18420
14860   18420
14870   18420
14880   18420
14890   18420
14900   18420
14910   18420
14920   18420
14930   18420
14940   18420
14950   18420
14960   18420
14970   18420
14980   18420
14990   18420
15000   18420
15010   18420
15020   18420
15030   18420
15040   18420
15050   18420
15060   18420
15070   18420
15080   18420
15090   18420
15100   18420
15110   18420
15120   18420
15130   18420
15140   18420
15150   18420
15160   18420
15170   18420
15180   18420
15190   18420
15200   18420
15210   18420
15220   18420
15230   18420
15240   18420
15250   18420
15260   18420
15270   18420
15280   18420
15290   18420
15300   18420
15310   18420
15320   18420
15330   18420
15340   18420
15350   18420
15360   18420
15370   18420
15380   18420
15390   18420
15400   18420
15410   18420
15420   18420
15430   18420
15440   18420
15450   18420
15460   18420
15470   18420
15480   18420
15490   18420
15500   18420
15510   18420
15520   18420
15530   18420
15540   18420
15550   18420
15560   18420
15570   18420
15580   18420
15590   18420
15600   18420
15610   18420
15620   18420
15630   18420
15640   18420
15650   18420
15660   18420
15670   18420
15680   18420
15690   18420
15700   18420
15710   18420
15720   18420
15730   18420
15740   18420
15750   18420
15760   18420
15770   18420
15780   18420
15790   18420
15800   18420
15810   18420
15820   18420
15830   18420
15840   18420
15850   18420
15860   18420
15870   18420
15880   18420
15890   18420
15900   18420
15910   18420
15920   18420
15930   18420
15940   18420
15950   18420
15960   18420
15970   18420
15980   18420
15990   18420
16000   18420
16010   18420
16020   18420
16030   18420
16040   18420
16050   18420
16060   18420
16070   18420
16080   18420
16090   18420
16100   18420
16110   18420
16120   18420
16130   18420
16140   18420
16150   18420
16160   18420
16170   18420
16180   18420
16190   18420
16200   18420
16210   18420
16220   18420
16230   18420
16240   18420
16250   18420
16260   18420
16270   18420
16280   18420
16290   18420
16300   18420
16310   18420
16320   18420
16330   18420
16340   18420
16350   18420
16360   18420
16370   18420
16380   18420
16390   18420
16400   18420
16410   18420
16420   18420
16430   18420
16440   18420
16450   18420
16460   18420
16470   18420
16480   18420
16490   18420
16500   18420
16510   18420
16520   18420
16530   18420
16540   18420
16550   18420
16560   18420
16570   18420
16580   18420
16590   18420
16600   18420
16610   18420
16620   18420
16630   18420
16640   18420
16650   18420
16660   18420
16670   18420
16680   18420
16690   18420
16700   18420
16710   18420
16720   18420
16730   18420
16740   18420
16750   18420
16760   18420
16770   18420
16780   18420
16790   18420
16800   18420
16810   18420
16820   18420
16830   18420
16840   18420
16850   18420
16860   18420
16870   18420
16880   18420
16890   18420
16900   18420
16910   18420
16920   18420
16930   18420
16940   18420
16950   18420
16960   18420
16970   18420
16980   18420
16990   18420
17000   18420
17010   18420
17020   18420
17030   18420
17040   18420
17050   18420
17060   18420
17070   18420
17080   18420
17090   18420
17100   18420
17110   18420
17120   18420
17130   18420
17140   18420
17150   18420
17160   18420
17170   18420
17180   18420
17190   18420
17200   18420
17210   18420
17220   18420
17230   18420
17240   18420
17250   18420
17260   18420
17270   18420
17280   18420
17290   18420
17300   18420
17310   18420
17320   18420
17330   18420
17340   18420
17350   18420
17360   18420
17370   18420
17380   18420
17390   18420
17400   18420
17410   18420
17420   18420
17430   18420
17440   18420
17450   18420
17460   18420
17470   18420
17480   18420
17490   18420
17500   18420
17510   18420
17520   18420
17530   18420
17540   18420
17550   18420
17560   18420
17570   18420
17580   18420
17590   18420
17600   18420
17610   18420
17620   18420
17630   18420
17640   18420
17650   18420
17660   18420
17670   18420
17680   18420
17690   18420
17700   18420
17710   18420
17720   18420
17730   18420
17740   18420
17750   18420
17760   18420
17770   18420
17780   18420
17790   18420
17800   18420
17810   18420
17820   18420
17830   18420
17840   18420
17850   18420
17860   18420
17870   18420
17880   18420
17890   18420
17900   18420
17910   18420
17920   18420
17930   18420
17940   18420
17950   18420
17960   18420
17970   18420
17980   18420
17990   18420
18000   18420
18010   18420
18020   18420
18030   18420
18040   18420
18050   18420
18060   18420
18070   18420
18080   18420
18090   18420
18100   18420
18110   18420
18120   18420
18130   18420
18140   18420
18150   18420
18160   18420
18170   18420
18180   18420
18190   18420
18200   18420
18210   18420
18220   18420
18230   18420
18240   18420
18250   18420
18260   18420
18270   18420
18280   18420
18290   18420
18300   18420
18310   18420
18320   18420
18330   18420
18340   18420
18350   18420
18360   18420
18370   18420
18380   18420
18390   18420
18400   18420
18410   18420
18420   18420
18430   18420
18440   18420
18450   18420
18460   18420
18470   18420
18480   18420
18490   18420
18500   18420
18510   18420
18520   18420
18530   18420
18540   18420
18550   18420
18560   18420
18570   18420
18580   18420
18590   18420
18600   18420
18610   18420
18620   18420
18630   18420
18640   18420
18650   18420
18660   18420
18670   18420
18680   18420
18690   18420
18700   18420
18710   18420
18720   18420
18730   18420
18740   18420
18750   18420
18760   18420
18770   18420
18780   18420
18790   18420
18800   18420
18810   18420
18820   18420
18830   18420
18840   18420
18850   18420
18860   18420
18870   18420
18880   18420
18890   18420
18900   18420
18910   18420
18920   18420
18930   18420
18940   18420
18950   18420
18960   18420
18970   18420
18980   18420
18990   18420
19000   18420
19010   18420
19020   18420
19030   18420
19040   18420
19050   18420
19060   18420
19070   18420
19080   18420
19090   18420
19100   18420
19110   18420
19120   18420
19130   18420
19140   18420
19150   18420
19160   18420
19170   18420
19180   18420
19190   18420
19200   18420
19210   18420
19220   18420
19230   18420
19240   18420
19250   18420
19260   18420
19270   18420
19280   18420
19290   18420
19300   18420
19310   18420
19320   18420
19330   18420
19340   18420
19350   18420
19360   18420
19370   18420
19380   18420
19390   18420
19400   18420
19410   18420
19420   18420
19430   18420
19440   18420
19450   18420
19460   18420
19470   18420
19480   18420
19490   18420
19500   18420
19510   18420
19520   18420
19530   18420
19540   18420
19550   18420
19560   18420
19570   18420
19580   18420
19590   18420
19600   18420
19610   18420
19620   18420
19630   18420
19640   18420
19650   18420
19660   18420
19670   18420
19680   18420
19690   18420
19700   18420
19710   18420
19720   18420
19730   18420
19740   18420
19750   18420
19760   18420
19770   18420
19780   18420
19790   18420
19800   18420
19810   18420
19820   18420
19830   18420
19840   18420
19850   18420
19860   18420
19870   18420
19880   18420
19890   18420
19900   18420
19910   18420
19920   18420
19930   18420
19940   18420
19950   18420
19960   18420
19970   18420
19980   18420
19990   18420
20000   18420
20010   18420
20020   18420
20030   18420
20040   18420
20050   18420
20060   18420
20070   18420
20080   18420
20090   18420
20100   18420
20110   18420
20120   18420
20130   18420
20140   18420
20150   18420
20160   18420
20170   18420
20180   18420
20190   18420
20200   18420
20210   18420
20220   18420
20230   18420
20240   18420
20250   18420
20260   18420
20270   18420
20280   18420
20290   18420
20300   18420
20310   18420
20320   18420
20330   18420
20340   18420
20350   18420
20360   18420
20370   18420
20380   18420
20390   18420
20400   18420
20410   18420
20420   18420
20430   18420
20440   18420
20450   18420
20460   18420
20470   18420
20480   18420
20490   18420
20500   18420
20510   18420
20520   18420
20530   18420
20540   18420
20550   18420
20560   18420
20570   18420
20580   18420
20590   18420
20600   18420
20610   18420
20620   18420
20630   18420
20640   18420
20650   18420
20660   18420
20670   18420
20680   18420
20690   18420
20700   18420
20710   18420
20720   18420
20730   18420
20740   18420
20750   18420
20760   18420
20770   18420
20780   18420
20790   18420
20800   18420
20810   18420
20820   18420
20830   18420
20840   18420
20850   18420
20860   18420
20870   18420
20880   18420
20890   18420
20900   18420
20910   18420
20920   18420
20930   18420
20940   18420
20950   18420
20960   18420
20970   18420
20980   18420
20990   18420
21000   18420
21010   18420
21020   18420
21030   18420
21040   18420
21050   18420
21060   18420
21070   18420
21080   18420
21090   18420
21100   18420
21110   18420
21120   18420
21130   18420
21140   18420
21150   18420
21160   18420
21170   18420
21180   18420
21190   18420
21200   18420
21210   18420
21220   18420
21230   18420
21240   18420
21250   18420
21260   18420
21270   18420
21280   18420
21290   18420
21300   18420
21310   18420
21320   18420
21330   18420
21340   18420
21350   18420
21360   18420
21370   18420
21380   18420
21390   18420
21400   18420
21410   18420
21420   18420
21430   18420
21440   18420
21450   18420
21460   18420
21470   18420
21480   18420
21490   18420
21500   18420
21510   18420
21520   18420
21530   18420
21540   18420
21550   18420
21560   18420
21570   18420
21580   18420
21590   18420
21600   18420
21610   18420
21620   18420
21630   18420
21640   18420
21650   18420
21660   18420
21670   18420
21680   18420
21690   18420
21700   18420
21710   18420
21720   18420
21730   18420
21740   18420
21750   18420
21760   18420
21770   18420
21780   18420
21790   18420
21800   18420
21810   18420
21820   18420
21830   18420
21840   18420
21850   18420
21860   18420
21870   18420
21880   18420
21890   18420
21900   18420
21910   18420
21920   18420
21930   18420
21940   18420
21950   18420
21960   18420
21970   18420
21980   18420
21990   18420
22000   18420
22010   18420
22020   18420
22030   18420
22040   18420
22050   18420
22060   18420
22070   18420
22080   18420
22090   18420
22100   18420
22110   18420
22120   18420
22130   18420
22140   18420
22150   18420
22160   18420
22170   18420
22180   18420
22190   18420
22200   18420
22210   18420
22220   18420
22230   18420
22240   18420
22250   18420
22260   18420
22270   18420
22280   18420
22290   18420
22300   18420
22310   18420
22320   18420
22330   18420
22340   18420
22350   18420
22360   18420
22370   18420
22380   18420
22390   18420
22400   18420
22410   18420
22420   18420
22430   18420
22440   18420
22450   18420
22460   18420
22470   18420
22480   18420
22490   18420
22500   18420
22510   18420
22520   18420
22530   18420
22540   18420
22550   18420
22560   18420
22570   18420
22580   18420
22590   18420
22600   18420
22610   18420
22620   18420
22630   18420
22640   18420
22650   18420
22660   18420
22670   18420
22680   18420
22690   18420
22700   18420
22710   18420
22720   18420
22730   18420
22740   18420
22750   18420
22760   18420
22770   18420
22780   18420
22790   18420
22800   18420
22810   18420
22820   18420
22830   18420
22840   18420
22850   18420
22860   18420
22870   18420
22880   18420
22890   18420
22900   18420
22910   18420
22920   18420
22930   18420
22940   18420
22950   18420
22960   18420
22970   18420
22980   18420
22990   18420
23000   18420
23010   18420
23020   18420
23030   18420
23040   18420
23050   18420
23060   18420
23070   18420
23080   18420
23090   18420
23100   18420
23110   18420
23120   18420
23130   18420
23140   18420
23150   18420
23160   18420
23170   18420
23180   18420
23190   18420
23200   18420
23210   18420
23220   18420
23230   18420
23240   18420
23250   18420
23260   18420
23270   18420
23280   18420
23290   18420
23300   18420
23310   18420
23320   18420
23330   18420
23340   18420
23350   18420
23360   18420
23370   18420
23380   18420
23390   18420
23400   18420
23410   18420
23420   18420
23430   18420
23440   18420
23450   18420
23460   18420
23470   18420
23480   18420
23490   18420
23500   18420
23510   18420
23520   18420
23530   18420
23540   18420
23550   18420
23560   18420
23570   18420
23580   18420
23590   18420
23600   18420
23610   18420
23620   18420
23630   18420
23640   18420
23650   18420
23660   18420
23670   18420
23680   18420
23690   18420
23700   18420
23710   18420
23720   18420
23730   18420
23740   18420
23750   18420
23760   18420
23770   18420
23780   18420
23790   18420
23800   18420
23810   18420
23820   18420
23830   18420
23840   18420
23850   18420
23860   18420
23870   18420
23880   18420
23890   18420
23900   18420
23910   18420
23920   18420
23930   18420
23940   18420
23950   18420
23960   18420
23970   18420
23980   18420
23990   18420
24000   18420
24010   18420
24020   18420
24030   18420
24040   18420
24050   18420
24060   18420
24070   18420
24080   18420
24090   18420
24100   18420
24110   18420
24120   18420
24130   18420
24140   18420
24150   18420
24160   18420
24170   18420
24180   18420
24190   18420
24200   18420
24210   18420
24220   18420
24230   18420
24240   18420
24250   18420
24260   18420
24270   18420
24280   18420
24290   18420
24300   18420
24310   18420
24320   18420
24330   18420
24340   18420
24350   18420
24360   18420
24370   18420
24380   18420
24390   18420
24400   18420
24410   18420
24420   18420
24430   18420
24440   18420
24450   18420
24460   18420
24470   18420
24480   18420
24490   18420
24500   18420
24510   18420
24520   18420
24530   18420
24540   18420
24550   18420
24560   18420
24570   18420
24580   18420
24590   18420
24600   18420
24610   18420
24620   18420
24630   18420
24640   18420
24650   18420
24660   18420
24670   18420
24680   18420
24690   18420
24700   18420
24710   18420
24720   18420
24730   18420
24740   18420
24750   18420
24760   18420
24770   18420
24780   18420
24790   18420
24800   18420
24810   18420
24820   18420
24830   18420
24840   18420
24850   18420
24860   18420
24870   18420
24880   18420
24890   18420
24900   18420
24910   18420
24920   18420
24930   18420
24940   18420
24950   18420
24960   18420
24970   18420
24980   18420
24990   18420
25000   18420
25010   18420
25020   18420
25030   18420
25040   18420
25050   18420
25060   18420
25070   18420
25080   18420
25090   18420
25100   18420
25110   18420
25120   18420
25130   18420
25140   18420
25150   18420
25160   18420
25170   18420
25180   18420
25190   18420
25200   18420
25210   18420
25220   18420
25230   18420
25240   18420
25250   18420
25260   18420
25270   18420
25280   18420
25290   18420
25300   18420
25310   18420
25320   18420
25330   18420
25340   18420
25350   18420
25360   18420
25370   18420
25380   18420
25390   18420
25400   18420
25410   18420
25420   18420
25430   18420
25440   18420
25450   18420
25460   18420
25470   18420
25480   18420
25490   18420
25500   18420
25510   18420
25520   18420
25530   18420
25540   18420
25550   18420
25560   18420
25570   18420
25580   18420
25590   18420
25600   18420
25610   18420
25620   18420
25630   18420
25640   18420
25650   18420
25660   18420
25670   18420
25680   18420
25690   18420
25700   18420
25710   18420
25720   18420
25730   18420
25740   18420
25750   18420
25760   18420
25770   18420
25780   18420
25790   18420
25800   18420
25810   18420
25820   18420
25830   18420
25840   18420
25850   18420
25860   18420
25870   18420
25880   18420
25890   18420
25900   18420
25910   18420
25920   18420
25930   18420
25940   18420
25950   18420
25960   18420
25970   18420
25980   18420
25990   18420
26000   18420
26010   18420
26020   18420
26030   18420
26040   18420
26050   18420
26060   18420
26070   18420
26080   18420
26090   18420
26100   18420
26110   18420
26120   18420
26130   18420
26140   18420
26150   18420
26160   18420
26170   18420
26180   18420
26190   18420
26200   18420
26210   18420
26220   18420
26230   18420
26240   18420
26250   18420
26260   18420
26270   18420
26280   18420
26290   18420
26300   18420
26310   18420
26320   18420
26330   18420
26340   18420
26350   18420
26360   18420
26370   18420
26380   18420
26390   18420
26400   18420
26410   18420
26420   18420
26430   18420
26440   18420
26450   18420
26460   18420
26470   18420
26480   18420
26490   18420
26500   18420
26510   18420
26520   18420
26530   18420
26540   18420
26550   18420
26560   18420
26570   18420
26580   18420
26590   18420
26600   18420
26610   18420
26620   18420
26630   18420
26640   18420
26650   18420
26660   18420
26670   18420
26680   18420
26690   18420
26700   18420
26710   18420
26720   18420
26730   18420
26740   18420
26750   18420
26760   18420
26770   18420
26780   18420
26790   18420
26800   18420
26810   18420
26820   18420
26830   18420
26840   18420
26850   18420
26860   18420
26870   18420
26880   18420
26890   18420
26900   18420
26910   18420
26920   18420
26930   18420
26940   18420
26950   18420
26960   18420
26970   18420
26980   18420
26990   18420
27000   18420
27010   18420
27020   18420
27030   18420
27040   18420
27050   18420
27060   18420
27070   18420
27080   18420
27090   18420
27100   18420
27110   18420
27120   18420
27130   18420
27140   18420
27150   18420
27160   18420
27170   18420
27180   18420
27190   18420
27200   18420
27210   18420
27220   18420
27230   18420
27240   18420
27250   18420
27260   18420
27270   18420
27280   18420
27290   18420
27300   18420
27310   18420
27320   18420
27330   18420
27340   18420
27350   18420
27360   18420
27370   18420
27380   18420
27390   18420
27400   18420
27410   18420
27420   18420
27430   18420
27440   18420
27450   18420
27460   18420
27470   18420
27480   18420
27490   18420
27500   18420
27510   18420
27520   18420
27530   18420
27540   18420
27550   18420
27560   18420
27570   18420
27580   18420
27590   18420
27600   18420
27610   18420
27620   18420
27630   18420
27640   18420
27650   18420
27660   18420
27670   18420
27680   18420
27690   18420
27700   18420
27710   18420
27720   18420
27730   18420
27740   18420
27750   18420
27760   18420
27770   18420
27780   18420
27790   18420
27800   18420
27810   18420
27820   18420
27830   18420
27840   18420
27850   18420
27860   18420
27870   18420
27880   18420
27890   18420
27900   18420
27910   18420
27920   18420
27930   18420
27940   18420
27950   18420
27960   18420
27970   18420
27980   18420
27990   18420
28000   18420
28010   18420
28020   18420
28030   18420
28040   18420
28050   18420
28060   18420
28070   18420
28080   18420
28090   18420
28100   18420
28110   18420
28120   18420
28130   18420
28140   18420
28150   18420
28160   18420
28170   18420
28180   18420
28190   18420
28200   18420
28210   18420
28220   18420
28230   18420
28240   18420
28250   18420
28260   18420
28270   18420
28280   18420
28290   18420
28300   18420
28310   18420
28320   18420
28330   18420
28340   18420
28350   18420
28360   18420
28370   18420
28380   18420
28390   18420
28400   18420
28410   18420
28420   18420
28430   18420
28440   18420
28450   18420
28460   18420
28470   18420
28480   18420
28490   18420
28500   18420
28510   18420
28520   18420
28530   18420
28540   18420
28550   18420
28560   18420
28570   18420
28580   18420
28590   18420
28600   18420
28610   18420
28620   18420
28630   18420
28640   18420
28650   18420
28660   18420
28670   18420
28680   18420
28690   18420
28700   18420
28710   18420
28720   18420
28730   18420
28740   18420
28750   18420
28760   18420
28770   18420
28780   18420
28790   18420
28800   18420
28810   18420
28820   18420
28830   18420
28840   18420
28850   18420
28860   18420
28870   18420
28880   18420
28890   18420
28900   18420
28910   18420
28920   18420
28930   18420
28940   18420
28950   18420
28960   18420
28970   18420
28980   18420
28990   18420
29000   18420
29010   18420
29020   18420
29030   18420
29040   18420
29050   18420
29060   18420
29070   18420
29080   18420
29090   18420
29100   18420
29110   18420
29120   18420
29130   18420
29140   18420
29150   18420
29160   18420
29170   18420
29180   18420
29190   18420
29200   18420
29210   18420
29220   18420
29230   18420
29240   18420
29250   18420
29260   18420
29270   18420
29280   18420
29290   18420
29300   18420
29310   18420
29320   18420
29330   18420
29340   18420
29350   18420
29360   18420
29370   18420
29380   18420
29390   18420
29400   18420
29410   18420
29420   18420
29430   18420
29440   18420
29450   18420
29460   18420
29470   18420
29480   18420
29490   18420
29500   18420
29510   18420
29520   18420
29530   18420
29540   18420
29550   18420
29560   18420
29570   18420
29580   18420
29590   18420
29600   18420
29610   18420
29620   18420
29630   18420
29640   18420
29650   18420
29660   18420
29670   18420
29680   18420
29690   18420
29700   18420
29710   18420
29720   18420
29730   18420
29740   18420
29750   18420
29760   18420
29770   18420
29780   18420
29790   18420
29800   18420
29810   18420
29820   18420
29830   18420
29840   18420
29850   18420
29860   18420
29870   18420
29880   18420
29890   18420
29900   18420
29910   18420
29920   18420
29930   18420
29940   18420
29950   18420
29960   18420
29970   18420
29980   18420
29990   18420
30000   18420
30010   18420
30020   18420
30030   18420
30040   18420
30050   18420
30060   18420
30070   18420
30080   18420
30090   18420
30100   18420
30110   18420
30120   18420
30130   18420
30140   18420
30150   18420
30160   18420
30170   18420
30180   18420
30190   18420
30200   18420
30210   18420
30220   18420
30230   18420
30240   18420
30250   18420
30260   18420
30270   18420
30280   18420
30290   18420
30300   18420
30310   18420
30320   18420
30330   18420
30340   18420
30350   18420
30360   18420
30370   18420
30380   18420
30390   18420
30400   18420
30410   18420
30420   18420
30430   18420
30440   18420
30450   18420
30460   18420
30470   18420
30480   18420
30490   18420
30500   18420
30510   18420
30520   18420
30530   18420
30540   18420
30550   18420
30560   18420
30570   18420
30580   18420
30590   18420
30600   18420
30610   18420
30620   18420
30630   18420
30640   18420
30650   18420
30660   18420
30670   18420
30680   18420
30690   18420
30700   18420
30710   18420
30720   18420
30730   18420
30740   18420
30750   18420
30760   18420
30770   18420
30780   18420
30790   18420
30800   18420
30810   18420
30820   18420
30830   18420
30840   18420
30850   18420
30860   18420
30870   18420
30880   18420
30890   18420
30900   18420
30910   18420
30920   18420
30930   18420
30940   18420
30950   18420
30960   18420
30970   18420
30980   18420
30990   18420
31000   18420
31010   18420
31020   18420
31030   18420
31040   18420
31050   18420
31060   18420
31070   18420
31080   18420
31090   18420
31100   18420
31110   18420
31120   18420
31130   18420
31140   18420
31150   18420
31160   18420
31170   18420
31180   18420
31190   18420
31200   18420
31210   18420
31220   18420
31230   18420
31240   18420
31250   18420
31260   18420
31270   18420
31280   18420
31290   18420
31300   18420
31310   18420
31320   18420
31330   18420
31340   18420
31350   18420
31360   18420
31370   18420
31380   18420
31390   18420
31400   18420
31410   18420
31420   18420
31430   18420
31440   18420
31450   18420
31460   18420
31470   18420
31480   18420
31490   18420
31500   18420
31510   18420
31520   18420
31530   18420
31540   18420
31550   18420
31560   18420
31570   18420
31580   18420
31590   18420
31600   18420
31610   18420
31620   18420
31630   18420
31640   18420
31650   18420
31660   18420
31670   18420
31680   18420
31690   18420
31700   18420
31710   18420
31720   18420
31730   18420
31740   18420
31750   18420
31760   18420
31770   18420
31780   18420
31790   18420
31800   18420
31810   18420
31820   18420
31830   18420
31840   18420
31850   18420
31860   18420
31870   18420
31880   18420
31890   18420
31900   18420
31910   18420
31920   18420
31930   18420
31940   18420
31950   18420
31960   18420
31970   18420
31980   18420
31990   18420
32000   18420
32010   18420
32020   18420
32030   18420
32040   18420
32050   18420
32060   18420
32070   18420
32080   18420
32090   18420
32100   18420
32110   18420
32120   18420
32130   18420
32140   18420
32150   18420
32160   18420
32170   18420
32180   18420
32190   18420
32200   18420
32210   18420
32220   18420
32230   18420
32240   18420
32250   18420
32260   18420
32270   18420
32280   18420
32290   18420
32300   18420
32310   18420
32320   18420
32330   18420
32340   18420
32350   18420
32360   18420
32370   18420
32380   18420
32390   18420
32400   18420
32410   18420
32420   18420
32430   18420
32440   18420
32450   18420
32460   18420
32470   18420
32480   18420
32490   18420
32500   18420
32510   18420
32520   18420
32530   18420
32540   18420
32550   18420
32560   18420
32570   18420
32580   18420
32590   18420
32600   18420
32610   18420
32620   18420
32630   18420
32640   18420
32650   18420
32660   18420
32670   18420
32680   18420
32690   18420
32700   18420
32710   18420
32720   18420
32730   18420
32740   18420
32750   18420
32760   18420
32770   18420
32780   18420
32790   18420
32800   18420
32810   18420
32820   18420
32830   18420
32840   18420
32850   18420
32860   18420
32870   18420
32880   18420
32890   18420
32900   18420
32910   18420
32920   18420
32930   18420
32940   18420
32950   18420
32960   18420
32970   18420
32980   18420
32990   18420
33000   18420
33010   18420
33020   18420
33030   18420
33040   18420
33050   18420
33060   18420
33070   18420
33080   18420
33090   18420
33100   18420
33110   18420
33120   18420
33130   18420
33140   18420
33150   18420
33160   18420
33170   18420
33180   18420
33190   18420
33200   18420
33210   18420
33220   18420
33230   18420
33240   18420
33250   18420
33260   18420
33270   18420
33280   18420
33290   18420
33300   18420
33310   18420
33320   18420
33330   18420
33340   18420
33350   18420
33360   18420
33370   18420
33380   18420
33390   18420
33400   18420
33410   18420
33420   18420
33430   18420
33440   18420
33450   18420
33460   18420
33470   18420
33480   18420
33490   18420
33500   18420
33510   18420
33520   18420
33530   18420
33540   18420
33550   18420
33560   18420
33570   18420
33580   18420
33590   18420
33600   18420
33610   18420
33620   18420
33630   18420
33640   18420
33650   18420
33660   18420
33670   18420
33680   18420
33690   18420
33700   18420
33710   18420
33720   18420
33730   18420
33740   18420
33750   18420
33760   18420
33770   18420
33780   18420
33790   18420
33800   18420
33810   18420
33820   18420
33830   18420
33840   18420
33850   18420
33860   18420
33870   18420
33880   18420
33890   18420
33900   18420
33910   18420
33920   18420
33930   18420
33940   18420
33950   18420
33960   18420
33970   18420
33980   18420
33990   18420
34000   18420
34010   18420
34020   18420
34030   18420
34040   18420
34050   18420
34060   18420
34070   18420
34080   18420
34090   18420
34100   18420
34110   18420
34120   18420
34130   18420
34140   18420
34150   18420
34160   18420
34170   18420
34180   18420
34190   18420
34200   18420
34210   18420
34220   18420
34230   18420
34240   18420
34250   18420
34260   18420
34270   18420
34280   18420
34290   18420
34300   18420
34310   18420
34320   18420
34330   18420
34340   18420
34350   18420
34360   18420
34370   18420
34380   18420
34390   18420
34400   18420
34410   18420
34420   18420
34430   18420
34440   18420
34450   18420
34460   18420
34470   18420
34480   18420
34490   18420
34500   18420
34510   18420
34520   18420
34530   18420
34540   18420
34550   18420
34560   18420
34570   18420
34580   18420
34590   18420
34600   18420
34610   18420
34620   18420
34630   18420
34640   18420
34650   18420
34660   18420
34670   18420
34680   18420
34690   18420
34700   18420
34710   18420
34720   18420
34730   18420
34740   18420
34750   18420
34760   18420
34770   18420
34780   18420
34790   18420
34800   18420
34810   18420
34820   18420
34830   18420
34840   18420
34850   18420
34860   18420
34870   18420
34880   18420
34890   18420
34900   18420
34910   18420
34920   18420
34930   18420
34940   18420
34950   18420
34960   18420
34970   18420
34980   18420
34990   18420
35000   18420
35010   18420
35020   18420
35030   18420
35040   18420
35050   18420
35060   18420
35070   18420
35080   18420
35090   18420
35100   18420
35110   18420
35120   18420
35130   18420
35140   18420
35150   18420
35160   18420
35170   18420
35180   18420
35190   18420
35200   18420
35210   18420
35220   18420
35230   18420
35240   18420
35250   18420
35260   18420
35270   18420
35280   18420
35290   18420
35300   18420
35310   18420
35320   18420
35330   18420
35340   18420
35350   18420
35360   18420
35370   18420
35380   18420
35390   18420
35400   18420
35410   18420
35420   18420
35430   18420
35440   18420
35450   18420
35460   18420
35470   18420
35480   18420
35490   18420
35500   18420
35510   18420
35520   18420
35530   18420
35540   18420
35550   18420
35560   18420
35570   18420
35580   18420
35590   18420
35600   18420
35610   18420
35620   18420
35630   18420
35640   18420
35650   18420
35660   18420
35670   18420
35680   18420
35690   18420
35700   18420
35710   18420
35720   18420
35730   18420
35740   18420
35750   18420
35760   18420
35770   18420
35780   18420
35790   18420
35800   18420
35810   18420
35820   18420
35830   18420
35840   18420
35850   18420
35860   18420
35870   18420
35880   18420
35890   18420
35900   18420
35910   18420
35920   18420
35930   18420
35940   18420
35950   18420
35960   18420
35970   18420
35980   18420
35990   18420
36000   18420
36010   18420
36020   18420
36030   18420
36040   18420
36050   18420
36060   18420
36070   18420
36080   18420
36090   18420
36100   18420
36110   18420
36120   18420
36130   18420
36140   18420
36150   18420
36160   18420
36170   18420
36180   18420
36190   18420
36200   18420
36210   18420
36220   18420
36230   18420
36240   18420
36250   18420
36260   18420
36270   18420
36280   18420
36290   18420
36300   18420
36310   18420
36320   18420
36330   18420
36340   18420
36350   18420
36360   18420
36370   18420
36380   18420
36390   18420
36400   18420
36410   18420
36420   18420
36430   18420
36440   18420
36450   18420
36460   18420
36470   18420
36480   18420
36490   18420
36500   18420
36510   18420
36520   18420
36530   18420
36540   18420
36550   18420
36560   18420
36570   18420
36580   18420
36590   18420
36600   18420
36610   18420
36620   18420
36630   18420
36640   18420
36650   18420
36660   18420
36670   18420
36680   18420
36690   18420
36700   18420
36710   18420
36720   18420
36730   18420
36740   18420
36750   18420
36760   18420
36770   18420
36780   18420
36790   18420
36800   18420
36810   18420
36820   18420
36830   18420
36840   18420
36850   18420
36860   18420
36870   18420
36880   18420
36890   18420
36900   18420
36910   18420
36920   18420
36930   18420
36940   18420
36950   18420
36960   18420
36970   18420
36980   18420
36990   18420
37000   18420
37010   18420
37020   18420
37030   18420
37040   18420
37050   18420
37060   18420
37070   18420
37080   18420
37090   18420
37100   18420
37110   18420
37120   18420
37130   18420
37140   18420
37150   18420
37160   18420
37170   18420
37180   18420
37190   18420
37200   18420
37210   18420
37220   18420
37230   18420
37240   18420
37250   18420
37260   18420
37270   18420
37280   18420
37290   18420
37300   18420
37310   18420
37320   18420
37330   18420
37340   18420
37350   18420
37360   18420
37370   18420
37380   18420
37390   18420
37400   18420
37410   18420
37420   18420
37430   18420
37440   18420
37450   18420
37460   18420
37470   18420
37480   18420
37490   18420
37500   18420
37510   18420
37520   18420
37530   18420
37540   18420
37550   18420
37560   18420
37570   18420
37580   18420
37590   18420
37600   18420
37610   18420
37620   18420
37630   18420
37640   18420
37650   18420
37660   18420
37670   18420
37680   18420
37690   18420
37700   18420
37710   18420
37720   18420
37730   18420
37740   18420
37750   18420
37760   18420
37770   18420
37780   18420
37790   18420
37800   18420
37810   18420
37820   18420
37830   18420
37840   18420
37850   18420
37860   18420
37870   18420
37880   18420
37890   18420
37900   18420
37910   18420
37920   18420
37930   18420
37940   18420
37950   18420
37960   18420
37970   18420
37980   18420
37990   18420
38000   18420
38010   18420
38020   18420
38030   18420
38040   18420
38050   18420
38060   18420
38070   18420
38080   18420
38090   18420
38100   18420
38110   18420
38120   18420
38130   18420
38140   18420
38150   18420
38160   18420
38170   18420
38180   18420
38190   18420
38200   18420
38210   18420
38220   18420
38230   18420
38240   18420
38250   18420
38260   18420
38270   18420
38280   18420
38290   18420
38300   18420
38310   18420
38320   18420
38330   18420
38340   18420
38350   18420
38360   18420
38370   18420
38380   18420
38390   18420
38400   18420
38410   18420
38420   18420
38430   18420
38440   18420
38450   18420
38460   18420
38470   18420
38480   18420
38490   18420
38500   18420
38510   18420
38520   18420
38530   18420
38540   18420
38550   18420
38560   18420
38570   18420
38580   18420
38590   18420
38600   18420
38610   18420
38620   18420
38630   18420
38640   18420
38650   18420
38660   18420
38670   18420
38680   18420
38690   18420
38700   18420
38710   18420
38720   18420
38730   18420
38740   18420
38750   18420
38760   18420
38770   18420
38780   18420
38790   18420
38800   18420
38810   18420
38820   18420
38830   18420
38840   18420
38850   18420
38860   18420
38870   18420
38880   18420
38890   18420
38900   18420
38910   18420
38920   18420
38930   18420
38940   18420
38950   18420
38960   18420
38970   18420
38980   18420
38990   18420
39000   18420
39010   18420
39020   18420
39030   18420
39040   18420
39050   18420
39060   18420
39070   18420
39080   18420
39090   18420
39100   18420
39110   18420
39120   18420
39130   18420
39140   18420
39150   18420
39160   18420
39170   18420
39180   18420
39190   18420
39200   18420
39210   18420
39220   18420
39230   18420
39240   18420
39250   18420
39260   18420
39270   18420
39280   18420
39290   18420
39300   18420
39310   18420
39320   18420
39330   18420
39340   18420
39350   18420
39360   18420
39370   18420
39380   18420
39390   18420
39400   18420
39410   18420
39420   18420
39430   18420
39440   18420
39450   18420
39460   18420
39470   18420
39480   18420
39490   18420
39500   18420
39510   18420
39520   18420
39530   18420
39540   18420
39550   18420
39560   18420
39570   18420
39580   18420
39590   18420
39600   18420
39610   18420
39620   18420
39630   18420
39640   18420
39650   18420
39660   18420
39670   18420
39680   18420
39690   18420
39700   18420
39710   18420
39720   18420
39730   18420
39740   18420
39750   18420
39760   18420
39770   18420
39780   18420
39790   18420
39800   18420
39810   18420
39820   18420
39830   18420
39840   18420
39850   18420
39860   18420
39870   18420
39880   18420
39890   18420
39900   18420
39910   18420
39920   18420
39930   18420
39940   18420
39950   18420
39960   18420
39970   18420
39980   18420
39990   18420
40000   18420
40010   18420
40020   18420
40030   18420
40040   18420
40050   18420
40060   18420
40070   18420
40080   18420
40090   18420
40100   18420
40110   18420
40120   18420
40130   18420
40140   18420
40150   18420
40160   18420
40170   18420
40180   18420
40190   18420
40200   18420
40210   18420
40220   18420
40230   18420
40240   18420
40250   18420
40260   18420
40270   18420
40280   18420
40290   18420
40300   18420
40310   18420
40320   18420
40330   18420
40340   18420
40350   18420
40360   18420
40370   18420
40380   18420
40390   18420
40400   18420
40410   18420
40420   18420
40430   18420
40440   18420
40450   18420
40460   18420
40470   18420
40480   18420
40490   18420
40500   18420
40510   18420
40520   18420
40530   18420
40540   18420
40550   18420
40560   18420
40570   18420
40580   18420
40590   18420
40600   18420
40610   18420
40620   18420
40630   18420
40640   18420
40650   18420
40660   18420
40670   18420
40680   18420
40690   18420
40700   18420
40710   18420
40720   18420
40730   18420
40740   18420
40750   18420
40760   18420
40770   18420
40780   18420
40790   18420
40800   18420
40810   18420
40820   18420
40830   18420
40840   18420
40850   18420
40860   18420
40870   18420
40880   18420
40890   18420
40900   18420
40910   18420
40920   18420
40930   18420
40940   18420
40950   18420
40960   18420
40970   18420
40980   18420
40990   18420
41000   18420
41010   18420
41020   18420
41030   18420
41040   18420
41050   18420
41060   18420
41070   18420
41080   18420
41090   18420
41100   18420
41110   18420
41120   18420
41130   18420
41140   18420
41150   18420
41160   18420
41170   18420
41180   18420
41190   18420
41200   18420
41210   18420
41220   18420
41230   18420
41240   18420
41250   18420
41260   18420
41270   18420
41280   18420
41290   18420
41300   18420
41310   18420
41320   18420
41330   18420
41340   18420
41350   18420
41360   18420
41370   18420
41380   18420
41390   18420
41400   18420
41410   18420
41420   18420
41430   18420
41440   18420
41450   18420
41460   18420
41470   18420
41480   18420
41490   18420
41500   18420
41510   18420
41520   18420
41530   18420
41540   18420
41550   18420
41560   18420
41570   18420
41580   18420
41590   18420
41600   18420
41610   18420
41620   18420
41630   18420
41640   18420
41650   18420
41660   18420
41670   18420
41680   18420
41690   18420
41700   18420
41710   18420
41720   18420
41730   18420
41740   18420
41750   18420
41760   18420
41770   18420
41780   18420
41790   18420
41800   18420
41810   18420
41820   18420
41830   18420
41840   18420
41850   18420
41860   18420
41870   18420
41880   18420
41890   18420
41900   18420
41910   18420
41920   18420
41930   18420
41940   18420
41950   18420
41960   18420
41970   18420
41980   18420
41990   18420
42000   18420
42010   18420
42020   18420
42030   18420
42040   18420
42050   18420
42060   18420
42070   18420
42080   18420
42090   18420
42100   18420
42110   18420
42120   18420
42130   18420
42140   18420
42150   18420
42160   18420
42170   18420
42180   18420
42190   18420
42200   18420
42210   18420
42220   18420
42230   18420
42240   18420
42250   18420
42260   18420
42270   18420
42280   18420
42290   18420
42300   18420
42310   18420
42320   18420
42330   18420
42340   18420
42350   18420
42360   18420
42370   18420
42380   18420
42390   18420
42400   18420
42410   18420
42420   18420
42430   18420
42440   18420
42450   18420
42460   18420
42470   18420
42480   18420
42490   18420
42500   18420
42510   18420
42520   18420
42530   18420
42540   18420
42550   18420
42560   18420
42570   18420
42580   18420
42590   18420
42600   18420
42610   18420
42620   18420
42630   18420
42640   18420
42650   18420
42660   18420
42670   18420
42680   18420
42690   18420
42700   18420
42710   18420
42720   18420
42730   18420
42740   18420
42750   18420
42760   18420
42770   18420
42780   18420
42790   18420
42800   18420
42810   18420
42820   18420
42830   18420
42840   18420
42850   18420
42860   18420
42870   18420
42880   18420
42890   18420
42900   18420
42910   18420
42920   18420
42930   18420
42940   18420
42950   18420
42960   18420
42970   18420
42980   18420
42990   18420
43000   18420
43010   18420
43020   18420
43030   18420
43040   18420
43050   18420
43060   18420
43070   18420
43080   18420
43090   18420
43100   18420
43110   18420
43120   18420
43130   18420
43140   18420
43150   18420
43160   18420
43170   18420
43180   18420
43190   18420
43200   18420
43210   18420
43220   18420
43230   18420
43240   18420
43250   18420
43260   18420
43270   18420
43280   18420
43290   18420
43300   18420
43310   18420
43320   18420
43330   18420
43340   18420
43350   18420
43360   18420
43370   18420
43380   18420
43390   18420
43400   18420
43410   18420
43420   18420
43430   18420
43440   18420
43450   18420
43460   18420
43470   18420
43480   18420
43490   18420
43500   18420
43510   18420
43520   18420
43530   18420
43540   18420
43550   18420
43560   18420
43570   18420
43580   18420
43590   18420
43600   18420
43610   18420
43620   18420
43630   18420
43640   18420
43650   18420
43660   18420
43670   18420
43680   18420
43690   18420
43700   18420
43710   18420
43720   18420
43730   18420
43740   18420
43750   18420
43760   18420
43770   18420
43780   18420
43790   18420
43800   18420
43810   18420
43820   18420
43830   18420
43840   18420
43850   18420
43860   18420
43870   18420
43880   18420
43890   18420
43900   18420
43910   18420
43920   18420
43930   18420
43940   18420
43950   18420
43960   18420
43970   18420
43980   18420
43990   18420
44000   18420
44010   18420
44020   18420
44030   18420
44040   18420
44050   18420
44060   18420
44070   18420
44080   18420
44090   18420
44100   18420
44110   18420
44120   18420
44130   18420
44140   18420
44150   18420
44160   18420
44170   18420
44180   18420
44190   18420
44200   18420
44210   18420
44220   18420
44230   18420
44240   18420
44250   18420
44260   18420
44270   18420
44280   18420
44290   18420
44300   18420
44310   18420
44320   18420
44330   18420
44340   18420
44350   18420
44360   18420
44370   18420
44380   18420
44390   18420
44400   18420
44410   18420
44420   18420
44430   18420
44440   18420
44450   18420
44460   18420
44470   18420
44480   18420
44490   18420
44500   18420
44510   18420
44520   18420
44530   18420
44540   18420
44550   18420
44560   18420
44570   18420
44580   18420
44590   18420
44600   18420
44610   18420
44620   18420
44630   18420
44640   18420
44650   18420
44660   18420
44670   18420
44680   18420
44690   18420
44700   18420
44710   18420
44720   18420
44730   18420
44740   18420
44750   18420
44760   18420
44770   18420
44780   18420
44790   18420
44800   18420
44810   18420
44820   18420
44830   18420
44840   18420
44850   18420
44860   18420
44870   18420
44880   18420
44890   18420
44900   18420
44910   18420
44920   18420
44930   18420
44940   18420
44950   18420
44960   18420
44970   18420
44980   18420
44990   18420
45000   18420
45010   18420
45020   18420
45030   18420
45040   18420
45050   18420
45060   18420
45070   18420
45080   18420
45090   18420
45100   18420
45110   18420
45120   18420
45130   18420
45140   18420
45150   18420
45160   18420
45170   18420
45180   18420
45190   18420
45200   18420
45210   18420
45220   18420
45230   18420
45240   18420
45250   18420
45260   18420
45270   18420
45280   18420
45290   18420
45300   18420
45310   18420
45320   18420
45330   18420
45340   18420
45350   18420
45360   18420
45370   18420
45380   18420
45390   18420
45400   18420
45410   18420
45420   18420
45430   18420
45440   18420
45450   18420
45460   18420
45470   18420
45480   18420
45490   18420
45500   18420
45510   18420
45520   18420
45530   18420
45540   18420
45550   18420
45560   18420
45570   18420
45580   18420
45590   18420
45600   18420
45610   18420
45620   18420
45630   18420
45640   18420
45650   18420
45660   18420
45670   18420
45680   18420
45690   18420
45700   18420
45710   18420
45720   18420
45730   18420
45740   18420
45750   18420
45760   18420
45770   18420
45780   18420
45790   18420
45800   18420
45810   18420
45820   18420
45830   18420
45840   18420
45850   18420
45860   18420
45870   18420
45880   18420
45890   18420
45900   18420
45910   18420
45920   18420
45930   18420
45940   18420
45950   18420
45960   18420
45970   18420
45980   18420
45990   18420
46000   18420
46010   18420
46020   18420
46030   18420
46040   18420
46050   18420
46060   18420
46070   18420
46080   18420
46090   18420
46100   18420
46110   18420
46120   18420
46130   18420
46140   18420
46150   18420
46160   18420
46170   18420
46180   18420
46190   18420
46200   18420
46210   18420
46220   18420
46230   18420
46240   18420
46250   18420
46260   18420
46270   18420
46280   18420
46290   18420
46300   18420
46310   18420
46320   18420
46330   18420
46340   18420
46350   18420
46360   18420
46370   18420
46380   18420
46390   18420
46400   18420
46410   18420
46420   18420
46430   18420
46440   18420
46450   18420
46460   18420
46470   18420
46480   18420
46490   18420
46500   18420
46510   18420
46520   18420
46530   18420
46540   18420
46550   18420
46560   18420
46570   18420
46580   18420
46590   18420
46600   18420
46610   18420
46620   18420
46630   18420
46640   18420
46650   18420
46660   18420
46670   18420
46680   18420
46690   18420
46700   18420
46710   18420
46720   18420
46730   18420
46740   18420
46750   18420
46760   18420
46770   18420
46780   18420
46790   18420
46800   18420
46810   18420
46820   18420
46830   18420
46840   18420
46850   18420
46860   18420
46870   18420
46880   18420
46890   18420
46900   18420
46910   18420
46920   18420
46930   18420
46940   18420
46950   18420
46960   18420
46970   18420
46980   18420
46990   18420
47000   18420
47010   18420
47020   18420
47030   18420
47040   18420
47050   18420
47060   18420
47070   18420
47080   18420
47090   18420
47100   18420
47110   18420
47120   18420
47130   18420
47140   18420
47150   18420
47160   18420
47170   18420
47180   18420
47190   18420
47200   18420
47210   18420
47220   18420
47230   18420
47240   18420
47250   18420
47260   18420
47270   18420
47280   18420
47290   18420
47300   18420
47310   18420
47320   18420
47330   18420
47340   18420
47350   18420
47360   18420
47370   18420
47380   18420
47390   18420
47400   18420
47410   18420
47420   18420
47430   18420
47440   18420
47450   18420
47460   18420
47470   18420
47480   18420
47490   18420
47500   18420
47510   18420
47520   18420
47530   18420
47540   18420
47550   18420
47560   18420
47570   18420
47580   18420
47590   18420
47600   18420
47610   18420
47620   18420
47630   18420
47640   18420
47650   18420
47660   18420
47670   18420
47680   18420
47690   18420
47700   18420
47710   18420
47720   18420
47730   18420
47740   18420
47750   18420
47760   18420
47770   18420
47780   18420
47790   18420
47800   18420
47810   18420
47820   18420
47830   18420
47840   18420
47850   18420
47860   18420
47870   18420
47880   18420
47890   18420
47900   18420
47910   18420
47920   18420
47930   18420
47940   18420
47950   18420
47960   18420
47970   18420
47980   18420
47990   18420
48000   18420
48010   18420
48020   18420
48030   18420
48040   18420
48050   18420
48060   18420
48070   18420
48080   18420
48090   18420
48100   18420
48110   18420
48120   18420
48130   18420
48140   18420
48150   18420
48160   18420
48170   18420
48180   18420
48190   18420
48200   18420
48210   18420
48220   18420
48230   18420
48240   18420
48250   18420
48260   18420
48270   18420
48280   18420
48290   18420
48300   18420
48310   18420
48320   18420
48330   18420
48340   18420
48350   18420
48360   18420
48370   18420
48380   18420
48390   18420
48400   18420
48410   18420
48420   18420
48430   18420
48440   18420
48450   18420
48460   18420
48470   18420
48480   18420
48490   18420
48500   18420
48510   18420
48520   18420
48530   18420
48540   18420
48550   18420
48560   18420
48570   18420
48580   18420
48590   18420
48600   18420
48610   18420
48620   18420
48630   18420
48640   18420
48650   18420
48660   18420
48670   18420
48680   18420
48690   18420
48700   18420
48710   18420
48720   18420
48730   18420
48740   18420
48750   18420
48760   18420
48770   18420
48780   18420
48790   18420
48800   18420
48810   18420
48820   18420
48830   18420
48840   18420
48850   18420
48860   18420
48870   18420
48880   18420
48890   18420
48900   18420
48910   18420
48920   18420
48930   18420
48940   18420
48950   18420
48960   18420
48970   18420
48980   18420
48990   18420
49000   18420
49010   18420
49020   18420
49030   18420
49040   18420
49050   18420
49060   18420
49070   18420
49080   18420
49090   18420
49100   18420
49110   18420
49120   18420
49130   18420
49140   18420
49150   18420
49160   18420
49170   18420
49180   18420
49190   18420
49200   18420
49210   18420
49220   18420
49230   18420
49240   18420
49250   18420
49260   18420
49270   18420
49280   18420
49290   18420
49300   18420
49310   18420
49320   18420
49330   18420
49340   18420
49350   18420
49360   18420
49370   18420
49380   18420
49390   18420
49400   18420
49410   18420
49420   18420
49430   18420
49440   18420
49450   18420
49460   18420
49470   18420
49480   18420
49490   18420
49500   18420
49510   18420
49520   18420
49530   18420
49540   18420
49550   18420
49560   18420
49570   18420
49580   18420
49590   18420
49600   18420
49610   18420
49620   18420
49630   18420
49640   18420
49650   18420
49660   18420
49670   18420
49680   18420
49690   18420
49700   18420
49710   18420
49720   18420
49730   18420
49740   18420
49750   18420
49760   18420
49770   18420
49780   18420
49790   18420
49800   18420
49810   18420
49820   18420
49830   18420
49840   18420
49850   18420
49860   18420
49870   18420
49880   18420
49890   18420
49900   18420
49910   18420
49920   18420
49930   18420
49940   18420
49950   18420
49960   18420
49970   18420
49980   18420
49990   18420
50000   18420
50010   18420
50020   18420
50030   18420
50040   18420
50050   18420
50060   18420
50070   18420
50080   18420
50090   18420
50100   18420
50110   18420
50120   18420
50130   18420
50140   18420
50150   18420
50160   18420
50170   18420
50180   18420
50190   18420
50200   18420
50210   18420
50220   18420
50230   18420
50240   18420
50250   18420
50260   18420
50270   18420
50280   18420
50290   18420
50300   18420
50310   18420
50320   18420
