10   34040
20   33960
30   33960
40   33960
50   33960
60   33880
70   33880
80   33880
90   33880
100   33880
110   33880
120   33880
130   33880
140   33880
150   33880
160   33880
170   33880
180   33880
190   33880
200   33880
210   33880
220   33880
230   33880
240   33880
250   33880
260   33880
270   33880
280   33880
290   33880
300   33880
310   33880
320   33880
330   33864
340   33864
350   33864
360   33864
370   33864
380   33864
390   33864
400   33864
410   33864
420   33864
430   33864
440   33864
450   33864
460   33864
470   33864
480   33864
490   33864
500   33864
510   33864
520   33864
530   33864
540   33864
550   33864
560   33864
570   33864
580   33864
590   33864
600   33864
610   33864
620   33864
630   33864
640   33864
650   33864
660   33864
670   33864
680   33864
690   33864
700   33864
710   33864
720   33864
730   33864
740   33864
750   33864
760   33864
770   33864
780   33800
790   33800
800   33800
810   33800
820   33800
830   33800
840   33696
850   33696
860   33696
870   33696
880   33696
890   33696
900   33696
910   33696
920   33696
930   33696
940   33696
950   33696
960   33696
970   33696
980   33696
990   33696
1000   33696
1010   33696
1020   33696
1030   33696
1040   33696
1050   33696
1060   33696
1070   33696
1080   33696
1090   33696
1100   33696
1110   33696
1120   33696
1130   33696
1140   33696
1150   33696
1160   33696
1170   33696
1180   33696
1190   33696
1200   33696
1210   33696
1220   33696
1230   33696
1240   33696
1250   33696
1260   33696
1270   33696
1280   33696
1290   33696
1300   33696
1310   33696
1320   33696
1330   33696
1340   33696
1350   33696
1360   33696
1370   33696
1380   33696
1390   33696
1400   33696
1410   33696
1420   33696
1430   33696
1440   33696
1450   33696
1460   33696
1470   33696
1480   33696
1490   33696
1500   33696
1510   33696
1520   33696
1530   33696
1540   33696
1550   33696
1560   33696
1570   33696
1580   33696
1590   33696
1600   33696
1610   33696
1620   33696
1630   33696
1640   33696
1650   33696
1660   33696
1670   33696
1680   33696
1690   33696
1700   33696
1710   33696
1720   33696
1730   33696
1740   33696
1750   33696
1760   33696
1770   33696
1780   33696
1790   33696
1800   33696
1810   33696
1820   33696
1830   33696
1840   33696
1850   33696
1860   33696
1870   33696
1880   33696
1890   33696
1900   33696
1910   33696
1920   33696
1930   33696
1940   33696
1950   33696
1960   33696
1970   33696
1980   33696
1990   33696
2000   33696
2010   33696
2020   33696
2030   33696
2040   33696
2050   33696
2060   33696
2070   33696
2080   33696
2090   33696
2100   33696
2110   33696
2120   33696
2130   33696
2140   33696
2150   33696
2160   33696
2170   33696
2180   33696
2190   33696
2200   33696
2210   33696
2220   33696
2230   33696
2240   33696
2250   33696
2260   33696
2270   33696
2280   33696
2290   33696
2300   33696
2310   33696
2320   33696
2330   33696
2340   33696
2350   33696
2360   33696
2370   33696
2380   33696
2390   33696
2400   33696
2410   33696
2420   33696
2430   33696
2440   33696
2450   33696
2460   33696
2470   33696
2480   33696
2490   33696
2500   33696
2510   33696
2520   33696
2530   33696
2540   33696
2550   33696
2560   33696
2570   33696
2580   33696
2590   33696
2600   33696
2610   33696
2620   33696
2630   33696
2640   33696
2650   33696
2660   33696
2670   33696
2680   33696
2690   33696
2700   33696
2710   33696
2720   33696
2730   33696
2740   33696
2750   33696
2760   33696
2770   33696
2780   33696
2790   33696
2800   33696
2810   33696
2820   33696
2830   33696
2840   33696
2850   33696
2860   33696
2870   33696
2880   33696
2890   33696
2900   33696
2910   33696
2920   33696
2930   33696
2940   33696
2950   33696
2960   33696
2970   33696
2980   33696
2990   33696
3000   33696
3010   33696
3020   33696
3030   33696
3040   33696
3050   33696
3060   33696
3070   33696
3080   33696
3090   33696
3100   33696
3110   33696
3120   33696
3130   33696
3140   33696
3150   33696
3160   33696
3170   33696
3180   33696
3190   33696
3200   33696
3210   33696
3220   33696
3230   33696
3240   33696
3250   33696
3260   33696
3270   33696
3280   33696
3290   33696
3300   33696
3310   33696
3320   33696
3330   33696
3340   33696
3350   33696
3360   33696
3370   33696
3380   33696
3390   33696
3400   33696
3410   33696
3420   33696
3430   33696
3440   33696
3450   33696
3460   33696
3470   33696
3480   33696
3490   33696
3500   33696
3510   33696
3520   33696
3530   33696
3540   33696
3550   33696
3560   33696
3570   33696
3580   33696
3590   33696
3600   33696
3610   33696
3620   33696
3630   33696
3640   33696
3650   33696
3660   33696
3670   33696
3680   33696
3690   33696
3700   33696
3710   33696
3720   33696
3730   33696
3740   33696
3750   33696
3760   33696
3770   33696
3780   33696
3790   33696
3800   33696
3810   33696
3820   33696
3830   33696
3840   33696
3850   33696
3860   33696
3870   33696
3880   33696
3890   33696
3900   33696
3910   33696
3920   33696
3930   33696
3940   33696
3950   33696
3960   33696
3970   33696
3980   33696
3990   33696
4000   33696
4010   33696
4020   33696
4030   33696
4040   33696
4050   33696
4060   33696
4070   33696
4080   33696
4090   33696
4100   33696
4110   33696
4120   33696
4130   33696
4140   33696
4150   33696
4160   33696
4170   33696
4180   33696
4190   33696
4200   33696
4210   33696
4220   33696
4230   33696
4240   33696
4250   33696
4260   33696
4270   33696
4280   33696
4290   33696
4300   33696
4310   33696
4320   33696
4330   33696
4340   33696
4350   33696
4360   33696
4370   33696
4380   33696
4390   33696
4400   33696
4410   33696
4420   33696
4430   33696
4440   33696
4450   33696
4460   33696
4470   33696
4480   33696
4490   33696
4500   33696
4510   33696
4520   33696
4530   33696
4540   33696
4550   33696
4560   33696
4570   33696
4580   33696
4590   33696
4600   33696
4610   33696
4620   33696
4630   33696
4640   33696
4650   33696
4660   33696
4670   33696
4680   33696
4690   33696
4700   33696
4710   33696
4720   33696
4730   33696
4740   33696
4750   33696
4760   33696
4770   33696
4780   33696
4790   33696
4800   33696
4810   33696
4820   33696
4830   33696
4840   33696
4850   33696
4860   33696
4870   33696
4880   33696
4890   33696
4900   33696
4910   33696
4920   33696
4930   33696
4940   33696
4950   33696
4960   33696
4970   33696
4980   33696
4990   33696
5000   33696
5010   33696
5020   33696
5030   33696
5040   33696
5050   33696
5060   33696
5070   33696
5080   33696
5090   33696
5100   33696
5110   33696
5120   33696
5130   33696
5140   33696
5150   33696
5160   33696
5170   33696
5180   33696
5190   33696
5200   33696
5210   33696
5220   33696
5230   33696
5240   33696
5250   33696
5260   33696
5270   33696
5280   33696
5290   33696
5300   33696
5310   33696
5320   33696
5330   33696
5340   33696
5350   33696
5360   33696
5370   33696
5380   33696
5390   33696
5400   33696
5410   33696
5420   33696
5430   33696
5440   33696
5450   33696
5460   33696
5470   33696
5480   33696
5490   33696
5500   33696
5510   33696
5520   33696
5530   33696
5540   33696
5550   33696
5560   33696
5570   33696
5580   33696
5590   33696
5600   33696
5610   33696
5620   33696
5630   33696
5640   33696
5650   33696
5660   33696
5670   33696
5680   33696
5690   33696
5700   33696
5710   33696
5720   33696
5730   33696
5740   33696
5750   33696
5760   33696
5770   33696
5780   33696
5790   33696
5800   33696
5810   33696
5820   33696
5830   33696
5840   33696
5850   33696
5860   33696
5870   33696
5880   33696
5890   33696
5900   33696
5910   33696
5920   33696
5930   33696
5940   33696
5950   33696
5960   33696
5970   33696
5980   33696
5990   33696
6000   33696
6010   33696
6020   33696
6030   33696
6040   33696
6050   33696
6060   33696
6070   33696
6080   33696
6090   33696
6100   33696
6110   33696
6120   33696
6130   33696
6140   33696
6150   33696
6160   33696
6170   33696
6180   33696
6190   33696
6200   33696
6210   33696
6220   33696
6230   33696
6240   33696
6250   33696
6260   33696
6270   33696
6280   33696
6290   33696
6300   33696
6310   33696
6320   33696
6330   33696
6340   33696
6350   33696
6360   33696
6370   33696
6380   33696
6390   33696
6400   33696
6410   33696
6420   33696
6430   33696
6440   33696
6450   33696
6460   33696
6470   33696
6480   33696
6490   33696
6500   33696
6510   33696
6520   33696
6530   33696
6540   33696
6550   33696
6560   33696
6570   33696
6580   33696
6590   33696
6600   33696
6610   33696
6620   33696
6630   33696
6640   33696
6650   33696
6660   33696
6670   33696
6680   33696
6690   33696
6700   33696
6710   33696
6720   33696
6730   33696
6740   33696
6750   33696
6760   33696
6770   33696
6780   33696
6790   33696
6800   33696
6810   33696
6820   33696
6830   33696
6840   33696
6850   33696
6860   33696
6870   33696
6880   33696
6890   33696
6900   33696
6910   33696
6920   33696
6930   33696
6940   33696
6950   33696
6960   33696
6970   33696
6980   33696
6990   33696
7000   33696
7010   33696
7020   33696
7030   33696
7040   33696
7050   33696
7060   33696
7070   33696
7080   33696
7090   33696
7100   33696
7110   33696
7120   33696
7130   33696
7140   33696
7150   33696
7160   33696
7170   33696
7180   33696
7190   33696
7200   33696
7210   33696
7220   33696
7230   33696
7240   33696
7250   33696
7260   33696
7270   33696
7280   33696
7290   33696
7300   33696
7310   33696
7320   33696
7330   33696
7340   33696
7350   33696
7360   33696
7370   33696
7380   33696
7390   33696
7400   33696
7410   33696
7420   33696
7430   33696
7440   33696
7450   33696
7460   33696
7470   33696
7480   33696
7490   33696
7500   33696
7510   33696
7520   33696
7530   33696
7540   33696
7550   33696
7560   33696
7570   33696
7580   33696
7590   33696
7600   33696
7610   33696
7620   33696
7630   33696
7640   33696
7650   33696
7660   33696
7670   33696
7680   33696
7690   33696
7700   33696
7710   33696
7720   33696
7730   33696
7740   33696
7750   33696
7760   33696
7770   33696
7780   33696
7790   33696
7800   33696
7810   33696
7820   33696
7830   33696
7840   33696
7850   33696
7860   33696
7870   33696
7880   33696
7890   33696
7900   33696
7910   33696
7920   33696
7930   33696
7940   33696
7950   33696
7960   33696
7970   33696
7980   33696
7990   33696
8000   33696
8010   33696
8020   33696
8030   33696
8040   33696
8050   33696
8060   33696
8070   33696
8080   33696
8090   33696
8100   33696
8110   33696
8120   33696
8130   33696
8140   33696
8150   33696
8160   33696
8170   33696
8180   33696
8190   33696
8200   33696
8210   33696
8220   33696
8230   33696
8240   33696
8250   33696
8260   33696
8270   33696
8280   33696
8290   33696
8300   33696
8310   33696
8320   33696
8330   33696
8340   33696
8350   33696
8360   33696
8370   33696
8380   33696
8390   33696
8400   33696
8410   33696
8420   33696
8430   33696
8440   33696
8450   33696
8460   33696
8470   33696
8480   33696
8490   33696
8500   33696
8510   33696
8520   33696
8530   33696
8540   33696
8550   33696
8560   33696
8570   33696
8580   33696
8590   33696
8600   33696
8610   33696
8620   33696
8630   33696
8640   33696
8650   33696
8660   33696
8670   33696
8680   33696
8690   33696
8700   33696
8710   33696
8720   33696
8730   33696
8740   33696
8750   33696
8760   33696
8770   33696
8780   33696
8790   33696
8800   33696
8810   33696
8820   33696
8830   33696
8840   33696
8850   33696
8860   33696
8870   33696
8880   33696
8890   33696
8900   33696
8910   33696
8920   33696
8930   33696
8940   33696
8950   33696
8960   33696
8970   33696
8980   33696
8990   33696
9000   33696
9010   33696
9020   33696
9030   33696
9040   33696
9050   33696
9060   33696
9070   33696
9080   33696
9090   33696
9100   33696
9110   33696
9120   33696
9130   33696
9140   33696
9150   33696
9160   33696
9170   33696
9180   33696
9190   33696
9200   33696
9210   33696
9220   33696
9230   33696
9240   33696
9250   33696
9260   33696
9270   33696
9280   33696
9290   33696
9300   33696
9310   33696
9320   33696
9330   33696
9340   33696
9350   33696
9360   33696
9370   33696
9380   33696
9390   33696
9400   33696
9410   33696
9420   33696
9430   33696
9440   33696
9450   33696
9460   33696
9470   33696
9480   33696
9490   33696
9500   33696
9510   33696
9520   33696
9530   33696
9540   33696
9550   33696
9560   33696
9570   33696
9580   33696
9590   33696
9600   33696
9610   33696
9620   33696
9630   33696
9640   33696
9650   33696
9660   33696
9670   33696
9680   33696
9690   33696
9700   33696
9710   33696
9720   33696
9730   33696
9740   33696
9750   33696
9760   33696
9770   33696
9780   33696
9790   33696
9800   33696
9810   33696
9820   33696
9830   33696
9840   33696
9850   33696
9860   33696
9870   33696
9880   33696
9890   33696
9900   33696
9910   33696
9920   33696
9930   33696
9940   33696
9950   33696
9960   33696
9970   33696
9980   33696
9990   33696
10000   33696
10010   33696
10020   33696
10030   33696
10040   33696
10050   33696
10060   33696
10070   33696
10080   33696
10090   33696
10100   33696
10110   33696
10120   33696
10130   33696
10140   33696
10150   33696
10160   33696
10170   33696
10180   33696
10190   33696
10200   33696
10210   33696
10220   33696
10230   33696
10240   33696
10250   33696
10260   33696
10270   33696
10280   33696
10290   33696
10300   33696
10310   33696
10320   33696
10330   33696
10340   33696
10350   33696
10360   33696
10370   33696
10380   33696
10390   33696
10400   33696
10410   33696
10420   33696
10430   33696
10440   33696
10450   33696
10460   33696
10470   33696
10480   33696
10490   33696
10500   33696
10510   33696
10520   33696
10530   33696
10540   33696
10550   33696
10560   33696
10570   33696
10580   33696
10590   33696
10600   33696
10610   33696
10620   33696
10630   33696
10640   33696
10650   33696
10660   33696
10670   33696
10680   33696
10690   33696
10700   33696
10710   33696
10720   33696
10730   33696
10740   33696
10750   33696
10760   33696
10770   33696
10780   33696
10790   33696
10800   33696
10810   33696
10820   33696
10830   33696
10840   33696
10850   33696
10860   33696
10870   33696
10880   33696
10890   33696
10900   33696
10910   33696
10920   33696
10930   33696
10940   33696
10950   33696
10960   33696
10970   33696
10980   33696
10990   33696
11000   33696
11010   33696
11020   33696
11030   33696
11040   33696
11050   33696
11060   33696
11070   33696
11080   33696
11090   33696
11100   33696
11110   33696
11120   33696
11130   33696
11140   33696
11150   33696
11160   33696
11170   33696
11180   33696
11190   33696
11200   33696
11210   33696
11220   33696
11230   33696
11240   33696
11250   33696
11260   33696
11270   33696
11280   33696
11290   33696
11300   33696
11310   33696
11320   33696
11330   33696
11340   33696
11350   33696
11360   33696
11370   33696
11380   33696
11390   33696
11400   33696
11410   33696
11420   33696
11430   33696
11440   33696
11450   33696
11460   33696
11470   33696
11480   33696
11490   33696
11500   33696
11510   33696
11520   33696
11530   33696
11540   33696
11550   33696
11560   33696
11570   33696
11580   33696
11590   33696
11600   33696
11610   33696
11620   33696
11630   33696
11640   33696
11650   33696
11660   33696
11670   33696
11680   33696
11690   33696
11700   33696
11710   33680
11720   33680
11730   33680
11740   33680
11750   33680
11760   33680
11770   33680
11780   33680
11790   33680
11800   33680
11810   33680
11820   33680
11830   33680
11840   33680
11850   33680
11860   33680
11870   33680
11880   33680
11890   33680
11900   33680
11910   33680
11920   33680
11930   33680
11940   33680
11950   33680
11960   33680
11970   33680
11980   33680
11990   33680
12000   33680
12010   33680
12020   33680
12030   33680
12040   33680
12050   33680
12060   33680
12070   33680
12080   33680
12090   33680
12100   33680
12110   33680
12120   33680
12130   33680
12140   33680
12150   33680
12160   33680
12170   33680
12180   33680
12190   33680
12200   33680
12210   33680
12220   33680
12230   33680
12240   33680
12250   33680
12260   33680
12270   33680
12280   33680
12290   33680
12300   33680
12310   33680
12320   33680
12330   33680
12340   33680
12350   33680
12360   33680
12370   33680
12380   33680
12390   33680
12400   33680
12410   33680
12420   33680
12430   33680
12440   33680
12450   33680
12460   33680
12470   33680
12480   33680
12490   33680
12500   33680
12510   33680
12520   33680
12530   33680
12540   33680
12550   33680
12560   33680
12570   33680
12580   33680
12590   33680
12600   33680
12610   33680
12620   33680
12630   33680
12640   33680
12650   33680
12660   33680
12670   33680
12680   33680
12690   33680
12700   33680
12710   33680
12720   33680
12730   33680
12740   33680
12750   33680
12760   33680
12770   33680
12780   33680
12790   33680
12800   33680
12810   33680
12820   33680
12830   33680
12840   33680
12850   33680
12860   33680
12870   33680
12880   33680
12890   33680
12900   33680
12910   33680
12920   33680
12930   33680
12940   33680
12950   33680
12960   33680
12970   33680
12980   33680
12990   33680
13000   33680
13010   33680
13020   33680
13030   33680
13040   33680
13050   33680
13060   33680
13070   33680
13080   33680
13090   33680
13100   33680
13110   33680
13120   33680
13130   33680
13140   33680
13150   33680
13160   33680
13170   33680
13180   33680
13190   33680
13200   33680
13210   33680
13220   33680
13230   33680
13240   33680
13250   33680
13260   33680
13270   33680
13280   33680
13290   33680
13300   33680
13310   33680
13320   33680
13330   33680
13340   33680
13350   33680
13360   33680
13370   33680
13380   33680
13390   33680
13400   33680
13410   33680
13420   33680
13430   33680
13440   33680
13450   33680
13460   33680
13470   33680
13480   33680
13490   33680
13500   33680
13510   33680
13520   33680
13530   33680
13540   33680
13550   33680
13560   33680
13570   33680
13580   33680
13590   33680
13600   33680
13610   33680
13620   33680
13630   33680
13640   33680
13650   33680
13660   33680
13670   33680
13680   33680
13690   33680
13700   33680
13710   33680
13720   33680
13730   33680
13740   33680
13750   33680
13760   33680
13770   33680
13780   33680
13790   33680
13800   33680
13810   33680
13820   33680
13830   33680
13840   33680
13850   33680
13860   33680
13870   33680
13880   33680
13890   33680
13900   33680
13910   33680
13920   33680
13930   33680
13940   33680
13950   33680
13960   33680
13970   33680
13980   33680
13990   33680
14000   33680
14010   33680
14020   33680
14030   33680
14040   33680
14050   33680
14060   33680
14070   33680
14080   33680
14090   33680
14100   33680
14110   33680
14120   33680
14130   33680
14140   33680
14150   33680
14160   33680
14170   33680
14180   33680
14190   33680
14200   33680
14210   33680
14220   33680
14230   33680
14240   33680
14250   33680
14260   33680
14270   33680
14280   33680
14290   33680
14300   33680
14310   33680
14320   33680
14330   33680
14340   33680
14350   33680
14360   33680
14370   33680
14380   33680
14390   33680
14400   33680
14410   33680
14420   33680
14430   33680
14440   33680
14450   33680
14460   33680
14470   33680
14480   33680
14490   33680
14500   33680
14510   33680
14520   33680
14530   33680
14540   33680
14550   33680
14560   33680
14570   33680
14580   33680
14590   33680
14600   33680
14610   33680
14620   33680
14630   33680
14640   33680
14650   33680
14660   33680
14670   33680
14680   33680
14690   33680
14700   33680
14710   33680
14720   33680
14730   33680
14740   33680
14750   33680
14760   33680
14770   33680
14780   33680
14790   33680
14800   33680
14810   33680
14820   33680
14830   33680
14840   33680
14850   33680
14860   33680
14870   33680
14880   33680
14890   33680
14900   33680
14910   33680
14920   33680
14930   33680
14940   33680
14950   33680
14960   33680
14970   33680
14980   33680
14990   33680
15000   33680
15010   33680
15020   33680
15030   33680
15040   33680
15050   33680
15060   33680
15070   33680
15080   33680
15090   33680
15100   33680
15110   33680
15120   33680
15130   33680
15140   33680
15150   33680
15160   33680
15170   33680
15180   33680
15190   33680
15200   33680
15210   33680
15220   33680
15230   33680
15240   33680
15250   33680
15260   33680
15270   33680
15280   33680
15290   33680
15300   33680
15310   33680
15320   33680
15330   33680
15340   33680
15350   33680
15360   33680
15370   33680
15380   33680
15390   33680
15400   33680
15410   33680
15420   33680
15430   33680
15440   33680
15450   33680
15460   33680
15470   33680
15480   33680
15490   33680
15500   33680
15510   33680
15520   33680
15530   33680
15540   33680
15550   33680
15560   33680
15570   33680
15580   33680
15590   33680
15600   33680
15610   33680
15620   33680
15630   33680
15640   33680
15650   33680
15660   33680
15670   33680
15680   33680
15690   33680
15700   33680
15710   33680
15720   33680
15730   33680
15740   33680
15750   33680
15760   33680
15770   33680
15780   33680
15790   33680
15800   33680
15810   33680
15820   33680
15830   33680
15840   33680
15850   33680
15860   33680
15870   33680
15880   33680
15890   33680
15900   33680
15910   33680
15920   33680
15930   33680
15940   33680
15950   33680
15960   33680
15970   33680
15980   33680
15990   33680
16000   33680
16010   33680
16020   33680
16030   33680
16040   33680
16050   33680
16060   33680
16070   33680
16080   33680
16090   33680
16100   33680
16110   33680
16120   33680
16130   33680
16140   33680
16150   33680
16160   33680
16170   33680
16180   33680
16190   33680
16200   33680
16210   33680
16220   33680
16230   33680
16240   33680
16250   33680
16260   33680
16270   33680
16280   33680
16290   33680
16300   33680
16310   33680
16320   33680
16330   33680
16340   33680
16350   33680
16360   33680
16370   33680
16380   33680
16390   33680
16400   33680
16410   33680
16420   33680
16430   33680
16440   33680
16450   33680
16460   33680
16470   33680
16480   33680
16490   33680
16500   33680
16510   33680
16520   33680
16530   33680
16540   33680
16550   33680
16560   33680
16570   33680
16580   33680
16590   33680
16600   33680
16610   33680
16620   33680
16630   33680
16640   33680
16650   33680
16660   33680
16670   33680
16680   33680
16690   33680
16700   33680
16710   33680
16720   33680
16730   33680
16740   33680
16750   33680
16760   33680
16770   33680
16780   33680
16790   33680
16800   33680
16810   33680
16820   33680
16830   33680
16840   33680
16850   33680
16860   33680
16870   33680
16880   33680
16890   33680
16900   33680
16910   33680
16920   33680
16930   33680
16940   33680
16950   33680
16960   33680
16970   33680
16980   33680
16990   33680
17000   33680
17010   33680
17020   33680
17030   33680
17040   33680
17050   33680
17060   33680
17070   33680
17080   33680
17090   33680
17100   33680
17110   33680
17120   33680
17130   33680
17140   33680
17150   33680
17160   33680
17170   33680
17180   33680
17190   33680
17200   33680
17210   33680
17220   33680
17230   33680
17240   33680
17250   33680
17260   33680
17270   33680
17280   33680
17290   33680
17300   33680
17310   33680
17320   33680
17330   33680
17340   33680
17350   33680
17360   33680
17370   33680
17380   33680
17390   33680
17400   33680
17410   33680
17420   33680
17430   33680
17440   33680
17450   33680
17460   33680
17470   33680
17480   33680
17490   33680
17500   33680
17510   33680
17520   33680
17530   33680
17540   33680
17550   33680
17560   33680
17570   33680
17580   33680
17590   33680
17600   33680
17610   33680
17620   33680
17630   33680
17640   33680
17650   33680
17660   33680
17670   33680
17680   33680
17690   33680
17700   33680
17710   33680
17720   33680
17730   33680
17740   33680
17750   33680
17760   33680
17770   33680
17780   33680
17790   33680
17800   33680
17810   33680
17820   33680
17830   33680
17840   33680
17850   33680
17860   33680
17870   33680
17880   33680
17890   33680
17900   33680
17910   33680
17920   33680
17930   33680
17940   33680
17950   33680
17960   33680
17970   33680
17980   33680
17990   33680
18000   33680
18010   33680
18020   33680
18030   33680
18040   33680
18050   33680
18060   33680
18070   33680
18080   33680
18090   33680
18100   33680
18110   33680
18120   33680
18130   33680
18140   33680
18150   33680
18160   33680
18170   33680
18180   33680
18190   33680
18200   33680
18210   33680
18220   33680
18230   33680
18240   33680
18250   33680
18260   33680
18270   33680
18280   33680
18290   33680
18300   33680
18310   33680
18320   33680
18330   33680
18340   33680
18350   33680
18360   33680
18370   33680
18380   33680
18390   33680
18400   33680
18410   33680
18420   33680
18430   33680
18440   33680
18450   33680
18460   33680
18470   33680
18480   33680
18490   33680
18500   33680
18510   33680
18520   33680
18530   33680
18540   33680
18550   33680
18560   33680
18570   33680
18580   33680
18590   33680
18600   33680
18610   33680
18620   33680
18630   33680
18640   33680
18650   33680
18660   33680
18670   33680
18680   33680
18690   33680
18700   33680
18710   33680
18720   33680
18730   33680
18740   33680
18750   33680
18760   33680
18770   33680
18780   33680
18790   33680
18800   33680
18810   33680
18820   33680
18830   33680
18840   33680
18850   33680
18860   33680
18870   33680
18880   33680
18890   33680
18900   33680
18910   33680
18920   33680
18930   33680
18940   33680
18950   33680
18960   33680
18970   33680
18980   33680
18990   33680
19000   33680
19010   33680
19020   33680
19030   33680
19040   33680
19050   33680
19060   33680
19070   33680
19080   33680
19090   33680
19100   33680
19110   33680
19120   33680
19130   33680
19140   33680
19150   33680
19160   33680
19170   33680
19180   33680
19190   33680
19200   33680
19210   33680
19220   33680
19230   33680
19240   33680
19250   33680
19260   33680
19270   33680
19280   33680
19290   33680
19300   33680
19310   33680
19320   33680
19330   33680
19340   33680
19350   33680
19360   33680
19370   33680
19380   33680
19390   33680
19400   33680
19410   33680
19420   33680
19430   33680
19440   33680
19450   33680
19460   33680
19470   33680
19480   33680
19490   33680
19500   33680
19510   33680
19520   33680
19530   33680
19540   33680
19550   33680
19560   33680
19570   33680
19580   33680
19590   33680
19600   33680
19610   33680
19620   33680
19630   33680
19640   33680
19650   33680
19660   33680
19670   33680
19680   33680
19690   33680
19700   33680
19710   33680
19720   33680
19730   33680
19740   33680
19750   33680
19760   33680
19770   33680
19780   33680
19790   33680
19800   33680
19810   33680
19820   33680
19830   33680
19840   33680
19850   33680
19860   33680
19870   33680
19880   33680
19890   33680
19900   33680
19910   33680
19920   33680
19930   33680
19940   33680
19950   33680
19960   33680
19970   33680
19980   33680
19990   33680
20000   33680
20010   33680
20020   33680
20030   33680
20040   33680
20050   33680
20060   33680
20070   33680
20080   33680
20090   33680
20100   33680
20110   33680
20120   33680
20130   33680
20140   33680
20150   33680
20160   33680
20170   33680
20180   33680
20190   33680
20200   33680
20210   33680
20220   33680
20230   33680
20240   33680
20250   33680
20260   33680
20270   33680
20280   33680
20290   33680
20300   33680
20310   33680
20320   33680
20330   33680
20340   33680
20350   33680
20360   33680
20370   33680
20380   33680
20390   33680
20400   33680
20410   33680
20420   33680
20430   33680
20440   33680
20450   33680
20460   33680
20470   33680
20480   33680
20490   33680
20500   33680
20510   33680
20520   33680
20530   33680
20540   33680
20550   33680
20560   33680
20570   33680
20580   33680
20590   33680
20600   33680
20610   33680
20620   33680
20630   33680
20640   33680
20650   33680
20660   33680
20670   33680
20680   33680
20690   33680
20700   33680
20710   33680
20720   33680
20730   33680
20740   33680
20750   33680
20760   33680
20770   33680
20780   33680
20790   33680
20800   33680
20810   33680
20820   33680
20830   33680
20840   33680
20850   33680
20860   33680
20870   33680
20880   33680
20890   33680
20900   33680
20910   33680
20920   33680
20930   33680
20940   33680
20950   33680
20960   33680
20970   33680
20980   33680
20990   33680
21000   33680
21010   33680
21020   33680
21030   33680
21040   33680
21050   33680
21060   33680
21070   33680
21080   33680
21090   33680
21100   33680
21110   33680
21120   33680
21130   33680
21140   33680
21150   33680
21160   33680
21170   33680
21180   33680
21190   33680
21200   33680
21210   33680
21220   33680
21230   33680
21240   33680
21250   33680
21260   33680
21270   33680
21280   33680
21290   33680
21300   33680
21310   33680
21320   33680
21330   33680
21340   33680
21350   33680
21360   33680
21370   33680
21380   33680
21390   33680
21400   33680
21410   33680
21420   33680
21430   33680
21440   33680
21450   33680
21460   33680
21470   33680
21480   33680
21490   33680
21500   33680
21510   33680
21520   33680
21530   33680
21540   33680
21550   33680
21560   33680
21570   33680
21580   33680
21590   33680
21600   33680
21610   33680
21620   33680
21630   33680
21640   33680
21650   33680
21660   33680
21670   33680
21680   33680
21690   33680
21700   33680
21710   33680
21720   33680
21730   33680
21740   33680
21750   33680
21760   33680
21770   33680
21780   33680
21790   33680
21800   33680
21810   33680
21820   33680
21830   33680
21840   33680
21850   33680
21860   33680
21870   33680
21880   33680
21890   33680
21900   33680
21910   33680
21920   33680
21930   33680
21940   33680
21950   33680
21960   33680
21970   33680
21980   33680
21990   33680
22000   33680
22010   33680
22020   33680
22030   33680
22040   33680
22050   33680
22060   33680
22070   33680
22080   33680
22090   33680
22100   33680
22110   33680
22120   33680
22130   33680
22140   33680
22150   33680
22160   33680
22170   33680
22180   33680
22190   33680
22200   33680
22210   33680
22220   33680
22230   33680
22240   33680
22250   33680
22260   33680
22270   33680
22280   33680
22290   33680
22300   33680
22310   33680
22320   33680
22330   33680
22340   33680
22350   33680
22360   33680
22370   33680
22380   33680
22390   33680
22400   33680
22410   33680
22420   33680
22430   33680
22440   33680
22450   33680
22460   33680
22470   33680
22480   33680
22490   33680
22500   33680
22510   33680
22520   33680
22530   33680
22540   33680
22550   33680
22560   33680
22570   33680
22580   33680
22590   33680
22600   33680
22610   33680
22620   33680
22630   33680
22640   33680
22650   33680
22660   33680
22670   33680
22680   33680
22690   33680
22700   33680
22710   33680
22720   33680
22730   33680
22740   33680
22750   33680
22760   33680
22770   33680
22780   33680
22790   33680
22800   33680
22810   33680
22820   33680
22830   33680
22840   33680
22850   33680
22860   33680
22870   33680
22880   33680
22890   33680
22900   33680
22910   33680
22920   33680
22930   33680
22940   33680
22950   33680
22960   33680
22970   33680
22980   33680
22990   33680
23000   33680
23010   33680
23020   33680
23030   33680
23040   33680
23050   33680
23060   33680
23070   33680
23080   33680
23090   33680
23100   33680
23110   33680
23120   33680
23130   33680
23140   33680
23150   33680
23160   33680
23170   33680
23180   33680
23190   33680
23200   33680
23210   33680
23220   33680
23230   33680
23240   33680
23250   33680
23260   33680
23270   33680
23280   33680
23290   33680
23300   33680
23310   33680
23320   33680
23330   33680
23340   33680
23350   33680
23360   33680
23370   33680
23380   33680
23390   33680
23400   33680
23410   33680
23420   33680
23430   33680
23440   33680
23450   33680
23460   33680
23470   33680
23480   33680
23490   33680
23500   33680
23510   33680
23520   33680
23530   33680
23540   33680
23550   33680
23560   33680
23570   33680
23580   33680
23590   33680
23600   33680
23610   33680
23620   33680
23630   33680
23640   33680
23650   33680
23660   33680
23670   33680
23680   33680
23690   33680
23700   33680
23710   33680
23720   33680
23730   33680
23740   33680
23750   33680
23760   33680
23770   33680
23780   33680
23790   33680
23800   33680
23810   33680
23820   33680
23830   33680
23840   33680
23850   33680
23860   33680
23870   33680
23880   33680
23890   33680
23900   33680
23910   33680
23920   33680
23930   33680
23940   33680
23950   33680
23960   33680
23970   33680
23980   33680
23990   33680
24000   33680
24010   33680
24020   33680
24030   33680
24040   33680
24050   33680
24060   33680
24070   33680
24080   33680
24090   33680
24100   33680
24110   33680
24120   33680
24130   33680
24140   33680
24150   33680
24160   33680
24170   33680
24180   33680
24190   33680
24200   33680
24210   33680
24220   33680
24230   33680
24240   33680
24250   33680
24260   33680
24270   33680
24280   33680
24290   33680
24300   33680
24310   33680
24320   33680
24330   33680
24340   33680
24350   33680
24360   33680
24370   33680
24380   33680
24390   33680
24400   33680
24410   33680
24420   33680
24430   33680
24440   33680
24450   33680
24460   33680
24470   33680
24480   33680
24490   33680
24500   33680
24510   33680
24520   33680
24530   33680
24540   33680
24550   33680
24560   33680
24570   33680
24580   33680
24590   33680
24600   33680
24610   33680
24620   33680
24630   33680
24640   33680
24650   33680
24660   33680
24670   33680
24680   33680
24690   33680
24700   33680
24710   33680
24720   33680
24730   33680
24740   33680
24750   33680
24760   33680
24770   33680
24780   33680
24790   33680
24800   33680
24810   33680
24820   33680
24830   33680
24840   33680
24850   33680
24860   33680
24870   33680
24880   33680
24890   33680
24900   33680
24910   33680
24920   33680
24930   33680
24940   33680
24950   33680
24960   33680
24970   33680
24980   33680
24990   33680
25000   33680
25010   33680
25020   33680
25030   33680
25040   33680
25050   33680
25060   33680
25070   33680
25080   33680
25090   33680
25100   33680
25110   33680
25120   33680
25130   33680
25140   33680
25150   33680
25160   33680
25170   33680
25180   33680
25190   33680
25200   33680
25210   33680
25220   33680
25230   33680
25240   33680
25250   33680
25260   33680
25270   33680
25280   33680
25290   33680
25300   33680
25310   33680
25320   33680
25330   33680
25340   33680
25350   33680
25360   33680
25370   33680
25380   33680
25390   33680
25400   33680
25410   33680
25420   33680
25430   33680
25440   33680
25450   33680
25460   33680
25470   33680
25480   33680
25490   33680
25500   33680
25510   33680
25520   33680
25530   33680
25540   33680
25550   33680
25560   33680
25570   33680
25580   33680
25590   33680
25600   33680
25610   33680
25620   33680
25630   33680
25640   33680
25650   33680
25660   33680
25670   33680
25680   33680
25690   33680
25700   33680
25710   33680
25720   33680
25730   33680
25740   33680
25750   33680
25760   33680
25770   33680
25780   33680
25790   33680
25800   33680
25810   33680
25820   33680
25830   33680
25840   33680
25850   33680
25860   33680
25870   33680
25880   33680
25890   33680
25900   33680
25910   33680
25920   33680
25930   33680
25940   33680
25950   33680
25960   33680
25970   33680
25980   33680
25990   33680
26000   33680
26010   33680
26020   33680
26030   33680
26040   33680
26050   33680
26060   33680
26070   33680
26080   33680
26090   33680
26100   33680
26110   33680
26120   33680
26130   33680
26140   33680
26150   33680
26160   33680
26170   33680
26180   33680
26190   33680
26200   33680
26210   33680
26220   33680
26230   33680
26240   33680
26250   33680
26260   33680
26270   33680
26280   33680
26290   33680
26300   33680
26310   33680
26320   33680
26330   33680
26340   33680
26350   33680
26360   33680
26370   33680
26380   33680
26390   33680
26400   33680
26410   33680
26420   33680
26430   33680
26440   33680
26450   33680
26460   33680
26470   33680
26480   33680
26490   33680
26500   33680
26510   33680
26520   33680
26530   33680
26540   33680
26550   33680
26560   33680
26570   33680
26580   33680
26590   33680
26600   33680
26610   33680
26620   33680
26630   33680
26640   33680
26650   33680
26660   33680
26670   33680
26680   33680
26690   33680
26700   33680
26710   33680
26720   33680
26730   33680
26740   33680
26750   33680
26760   33680
26770   33680
26780   33680
26790   33680
26800   33680
26810   33680
26820   33680
26830   33680
26840   33680
26850   33680
26860   33680
26870   33680
26880   33680
26890   33680
26900   33680
26910   33680
26920   33680
26930   33680
26940   33680
26950   33680
26960   33680
26970   33680
26980   33680
26990   33680
27000   33680
27010   33680
27020   33680
27030   33680
27040   33680
27050   33680
27060   33680
27070   33680
27080   33680
27090   33680
27100   33680
27110   33680
27120   33680
27130   33680
27140   33680
27150   33680
27160   33680
27170   33680
27180   33680
27190   33680
27200   33680
27210   33680
27220   33680
27230   33680
27240   33680
27250   33680
27260   33680
27270   33680
27280   33680
27290   33680
27300   33680
27310   33680
27320   33680
27330   33680
27340   33680
27350   33680
27360   33680
27370   33680
27380   33680
27390   33680
27400   33680
27410   33680
27420   33680
27430   33680
27440   33680
27450   33680
27460   33680
27470   33680
27480   33680
27490   33680
27500   33680
27510   33680
27520   33680
27530   33680
27540   33680
27550   33680
27560   33680
27570   33680
27580   33680
27590   33680
27600   33680
27610   33680
27620   33680
27630   33680
27640   33680
27650   33680
27660   33680
27670   33680
27680   33680
27690   33680
27700   33680
27710   33680
27720   33680
27730   33680
27740   33680
27750   33680
27760   33680
27770   33680
27780   33680
27790   33680
27800   33680
27810   33680
27820   33680
27830   33680
27840   33680
27850   33680
27860   33680
27870   33680
27880   33680
27890   33680
27900   33680
27910   33680
27920   33680
27930   33680
27940   33680
27950   33680
27960   33680
27970   33680
27980   33680
27990   33680
28000   33680
28010   33680
28020   33680
28030   33680
28040   33680
28050   33680
28060   33680
28070   33680
28080   33680
28090   33680
28100   33680
28110   33680
28120   33680
28130   33680
28140   33680
28150   33680
28160   33680
28170   33680
28180   33680
28190   33680
28200   33680
28210   33680
28220   33680
28230   33680
28240   33680
28250   33680
28260   33680
28270   33680
28280   33680
28290   33680
28300   33680
28310   33680
28320   33680
28330   33680
28340   33680
28350   33680
28360   33680
28370   33680
28380   33680
28390   33680
28400   33680
28410   33680
28420   33680
28430   33680
28440   33680
28450   33680
28460   33680
28470   33680
28480   33680
28490   33680
28500   33680
28510   33680
28520   33680
28530   33680
28540   33680
28550   33680
28560   33680
28570   33680
28580   33680
28590   33680
28600   33680
28610   33680
28620   33680
28630   33680
28640   33680
28650   33680
28660   33680
28670   33680
28680   33680
28690   33680
28700   33680
28710   33680
28720   33680
28730   33680
28740   33680
28750   33680
28760   33680
28770   33680
28780   33680
28790   33680
28800   33680
28810   33680
28820   33680
28830   33680
28840   33680
28850   33680
28860   33680
28870   33680
28880   33680
28890   33680
28900   33680
28910   33680
28920   33680
28930   33680
28940   33680
28950   33680
28960   33680
28970   33680
28980   33680
28990   33680
29000   33680
29010   33680
29020   33680
29030   33680
29040   33680
29050   33680
29060   33680
29070   33680
29080   33680
29090   33680
29100   33680
29110   33680
29120   33680
29130   33680
29140   33680
29150   33680
29160   33680
29170   33680
29180   33680
29190   33680
29200   33680
29210   33680
29220   33680
29230   33680
29240   33680
29250   33680
29260   33680
29270   33680
29280   33680
29290   33680
29300   33680
29310   33680
29320   33680
29330   33680
29340   33680
29350   33680
29360   33680
29370   33680
29380   33680
29390   33680
29400   33680
29410   33680
29420   33680
29430   33680
29440   33680
29450   33680
29460   33680
29470   33680
29480   33680
29490   33680
29500   33680
29510   33680
29520   33680
29530   33680
29540   33680
29550   33680
29560   33680
29570   33680
29580   33680
29590   33680
29600   33680
29610   33680
29620   33680
29630   33680
29640   33680
29650   33680
29660   33680
29670   33680
29680   33680
29690   33680
29700   33680
29710   33680
29720   33680
29730   33680
29740   33680
29750   33680
29760   33680
29770   33680
29780   33680
29790   33680
29800   33680
29810   33680
29820   33680
29830   33680
29840   33680
29850   33680
29860   33680
29870   33680
29880   33680
29890   33680
29900   33680
29910   33680
29920   33680
29930   33680
29940   33680
29950   33680
29960   33680
29970   33680
29980   33680
29990   33680
30000   33680
30010   33680
30020   33680
30030   33680
30040   33680
30050   33680
30060   33680
30070   33680
30080   33680
30090   33680
30100   33680
30110   33680
30120   33680
30130   33680
30140   33680
30150   33680
30160   33680
30170   33680
30180   33680
30190   33680
30200   33680
30210   33680
30220   33680
30230   33680
30240   33680
30250   33680
30260   33680
30270   33680
30280   33680
30290   33680
30300   33680
30310   33680
30320   33680
30330   33680
30340   33680
30350   33680
30360   33680
30370   33680
30380   33680
30390   33680
30400   33680
30410   33680
30420   33680
30430   33680
30440   33680
30450   33680
30460   33680
30470   33680
30480   33680
30490   33680
30500   33680
30510   33680
30520   33680
30530   33680
30540   33680
30550   33680
30560   33680
30570   33680
30580   33680
30590   33680
30600   33680
30610   33680
30620   33680
30630   33680
30640   33680
30650   33680
30660   33680
30670   33680
30680   33680
30690   33680
30700   33680
30710   33680
30720   33680
30730   33680
30740   33680
30750   33680
30760   33680
30770   33680
30780   33680
30790   33680
30800   33680
30810   33680
30820   33680
30830   33680
30840   33680
30850   33680
30860   33680
30870   33680
30880   33680
30890   33680
30900   33680
30910   33680
30920   33680
30930   33680
30940   33680
30950   33680
30960   33680
30970   33680
30980   33680
30990   33680
31000   33680
31010   33680
31020   33680
31030   33680
31040   33680
31050   33680
31060   33680
31070   33680
31080   33680
31090   33680
31100   33680
31110   33680
31120   33680
31130   33680
31140   33680
31150   33680
31160   33680
31170   33680
31180   33680
31190   33680
31200   33680
31210   33680
31220   33680
31230   33680
31240   33680
31250   33680
31260   33680
31270   33680
31280   33680
31290   33680
31300   33680
31310   33680
31320   33680
31330   33680
31340   33680
31350   33680
31360   33680
31370   33680
31380   33680
31390   33680
31400   33680
31410   33680
31420   33680
31430   33680
31440   33680
31450   33680
31460   33680
31470   33680
31480   33680
31490   33680
31500   33680
31510   33680
31520   33680
31530   33680
31540   33680
31550   33680
31560   33680
31570   33680
31580   33680
31590   33680
31600   33680
31610   33680
31620   33680
31630   33680
31640   33680
31650   33680
31660   33680
31670   33680
31680   33680
31690   33680
31700   33680
31710   33680
31720   33680
31730   33680
31740   33680
31750   33680
31760   33680
31770   33680
31780   33680
31790   33680
31800   33680
31810   33680
31820   33680
31830   33680
31840   33680
31850   33680
31860   33680
31870   33680
31880   33680
31890   33680
31900   33680
31910   33680
31920   33680
31930   33680
31940   33680
31950   33680
31960   33680
31970   33680
31980   33680
31990   33680
32000   33680
32010   33680
32020   33680
32030   33680
32040   33680
32050   33680
32060   33680
32070   33680
32080   33680
32090   33680
32100   33680
32110   33680
32120   33680
32130   33680
32140   33680
32150   33680
32160   33680
32170   33680
32180   33680
32190   33680
32200   33680
32210   33680
32220   33680
32230   33680
32240   33680
32250   33680
32260   33680
32270   33680
32280   33680
32290   33680
32300   33680
32310   33680
32320   33680
32330   33680
32340   33680
32350   33680
32360   33680
32370   33680
32380   33680
32390   33680
32400   33680
32410   33680
32420   33680
32430   33680
32440   33680
32450   33680
32460   33680
32470   33680
32480   33680
32490   33680
32500   33680
32510   33680
32520   33680
32530   33680
32540   33680
32550   33680
32560   33680
32570   33680
32580   33680
32590   33680
32600   33680
32610   33680
32620   33680
32630   33680
32640   33680
32650   33680
32660   33680
32670   33680
32680   33680
32690   33680
32700   33680
32710   33680
32720   33680
32730   33680
32740   33680
32750   33680
32760   33680
32770   33680
32780   33680
32790   33680
32800   33680
32810   33680
32820   33680
32830   33680
32840   33680
32850   33680
32860   33680
32870   33680
32880   33680
32890   33680
32900   33680
32910   33680
32920   33680
32930   33680
32940   33680
32950   33680
32960   33680
32970   33680
32980   33680
32990   33680
33000   33680
33010   33680
33020   33680
33030   33680
33040   33680
33050   33680
33060   33680
33070   33680
33080   33680
33090   33680
33100   33680
33110   33680
33120   33680
33130   33680
33140   33680
33150   33680
33160   33680
33170   33680
33180   33680
33190   33680
33200   33680
33210   33680
33220   33680
33230   33680
33240   33680
33250   33680
33260   33680
33270   33680
33280   33680
33290   33680
33300   33680
33310   33680
33320   33680
33330   33680
33340   33680
33350   33680
33360   33680
33370   33680
33380   33680
33390   33680
33400   33680
33410   33680
33420   33680
33430   33680
33440   33680
33450   33680
33460   33680
33470   33680
33480   33680
33490   33680
33500   33680
33510   33680
33520   33680
33530   33680
33540   33680
33550   33680
33560   33680
33570   33680
33580   33680
33590   33680
33600   33680
33610   33680
33620   33680
33630   33680
33640   33680
33650   33680
33660   33680
33670   33680
33680   33680
33690   33680
33700   33680
33710   33680
33720   33680
33730   33680
33740   33680
33750   33680
33760   33680
33770   33680
33780   33680
33790   33680
33800   33680
33810   33680
33820   33680
33830   33680
33840   33680
33850   33680
33860   33680
33870   33680
33880   33680
33890   33680
33900   33680
33910   33680
33920   33680
33930   33680
33940   33680
33950   33680
33960   33680
33970   33680
33980   33680
33990   33680
34000   33680
34010   33680
34020   33680
34030   33680
34040   33680
34050   33680
34060   33680
34070   33680
34080   33680
34090   33680
34100   33680
34110   33680
34120   33680
34130   33680
34140   33680
34150   33680
34160   33680
34170   33680
34180   33680
34190   33680
34200   33680
34210   33680
34220   33680
34230   33680
34240   33680
34250   33680
34260   33680
34270   33680
34280   33680
34290   33680
34300   33680
34310   33680
34320   33680
34330   33680
34340   33680
34350   33680
34360   33680
34370   33680
34380   33680
34390   33680
34400   33680
34410   33680
34420   33680
34430   33680
34440   33680
34450   33680
34460   33680
34470   33680
34480   33680
34490   33680
34500   33680
34510   33680
34520   33680
34530   33680
34540   33680
34550   33680
34560   33680
34570   33680
34580   33680
34590   33680
34600   33680
34610   33680
34620   33680
34630   33680
34640   33680
34650   33680
34660   33680
34670   33680
34680   33680
34690   33680
34700   33680
34710   33680
34720   33680
34730   33680
34740   33680
34750   33680
34760   33680
34770   33680
34780   33680
34790   33680
34800   33680
34810   33680
34820   33680
34830   33680
34840   33680
34850   33680
34860   33680
34870   33680
34880   33680
34890   33680
34900   33680
34910   33680
34920   33680
34930   33680
34940   33680
34950   33680
34960   33680
34970   33680
34980   33680
34990   33680
35000   33680
35010   33680
35020   33680
35030   33680
35040   33680
35050   33680
35060   33680
35070   33680
35080   33680
35090   33680
35100   33680
35110   33680
35120   33680
35130   33680
35140   33680
35150   33680
35160   33680
35170   33680
35180   33680
35190   33680
35200   33680
35210   33680
35220   33680
35230   33680
35240   33680
35250   33680
35260   33680
35270   33680
35280   33680
35290   33680
35300   33680
35310   33680
35320   33680
35330   33680
35340   33680
35350   33680
35360   33680
35370   33680
35380   33680
35390   33680
35400   33680
35410   33680
35420   33680
35430   33680
35440   33680
35450   33680
35460   33680
35470   33680
35480   33680
35490   33680
35500   33680
35510   33680
35520   33680
35530   33680
35540   33680
35550   33680
35560   33680
35570   33680
35580   33680
35590   33680
35600   33680
35610   33680
35620   33680
35630   33680
35640   33680
35650   33680
35660   33680
35670   33680
35680   33680
35690   33680
35700   33680
35710   33680
35720   33680
35730   33680
35740   33680
35750   33680
35760   33680
35770   33680
35780   33680
35790   33680
35800   33680
35810   33680
35820   33680
35830   33680
35840   33680
35850   33680
35860   33680
35870   33680
35880   33680
35890   33680
35900   33680
35910   33680
35920   33680
35930   33680
35940   33680
35950   33680
35960   33680
35970   33680
35980   33680
35990   33680
36000   33680
36010   33680
36020   33680
36030   33680
36040   33680
36050   33680
36060   33680
36070   33680
36080   33680
36090   33680
36100   33680
36110   33680
36120   33680
36130   33680
36140   33680
36150   33680
36160   33680
36170   33680
36180   33680
36190   33680
36200   33680
36210   33680
36220   33680
36230   33680
36240   33680
36250   33680
36260   33680
36270   33680
36280   33680
36290   33680
36300   33680
36310   33680
36320   33680
36330   33680
36340   33680
36350   33680
36360   33680
36370   33680
36380   33680
36390   33680
36400   33680
36410   33680
36420   33680
36430   33680
36440   33680
36450   33680
36460   33680
36470   33680
36480   33680
36490   33680
36500   33680
36510   33680
36520   33680
36530   33680
36540   33680
36550   33680
36560   33680
36570   33680
36580   33680
36590   33680
36600   33680
36610   33680
36620   33680
36630   33680
36640   33680
36650   33680
36660   33680
36670   33680
36680   33680
36690   33680
36700   33680
36710   33680
36720   33680
36730   33680
36740   33680
36750   33680
36760   33680
36770   33680
36780   33680
36790   33680
36800   33680
36810   33680
36820   33680
36830   33680
36840   33680
36850   33680
36860   33680
36870   33680
36880   33680
36890   33680
36900   33680
36910   33680
36920   33680
36930   33680
36940   33680
36950   33680
36960   33680
36970   33680
36980   33680
36990   33680
37000   33680
37010   33680
37020   33680
37030   33680
37040   33680
37050   33680
37060   33680
37070   33680
37080   33680
37090   33680
37100   33680
37110   33680
37120   33680
37130   33680
37140   33680
37150   33680
37160   33680
37170   33680
37180   33680
37190   33680
37200   33680
37210   33680
37220   33680
37230   33680
37240   33680
37250   33680
37260   33680
37270   33680
37280   33680
37290   33680
37300   33680
37310   33680
37320   33680
37330   33680
37340   33680
37350   33680
37360   33680
37370   33680
37380   33680
37390   33680
37400   33680
37410   33680
37420   33680
37430   33680
37440   33680
37450   33680
37460   33680
37470   33680
37480   33680
37490   33680
37500   33680
37510   33680
37520   33680
37530   33680
37540   33680
37550   33680
37560   33680
37570   33680
37580   33680
37590   33680
37600   33680
37610   33680
37620   33680
37630   33680
37640   33680
37650   33680
37660   33680
37670   33680
37680   33680
37690   33680
37700   33680
37710   33680
37720   33680
37730   33680
37740   33680
37750   33680
37760   33680
37770   33680
37780   33680
37790   33680
37800   33680
37810   33680
37820   33680
37830   33680
37840   33680
37850   33680
37860   33680
37870   33680
37880   33680
37890   33680
37900   33680
37910   33680
37920   33680
37930   33680
37940   33680
37950   33680
37960   33680
37970   33680
37980   33680
37990   33680
38000   33680
38010   33680
38020   33680
38030   33680
38040   33680
38050   33680
38060   33680
38070   33680
38080   33680
38090   33680
38100   33680
38110   33680
38120   33680
38130   33680
38140   33680
38150   33680
38160   33680
38170   33680
38180   33680
38190   33680
38200   33680
38210   33680
38220   33680
38230   33680
38240   33680
38250   33680
38260   33680
38270   33680
38280   33680
38290   33680
38300   33680
38310   33680
38320   33680
38330   33680
38340   33680
38350   33680
38360   33680
38370   33680
38380   33680
38390   33680
38400   33680
38410   33680
38420   33680
38430   33680
38440   33680
38450   33680
38460   33680
38470   33680
38480   33680
38490   33680
38500   33680
38510   33680
38520   33680
38530   33680
38540   33680
38550   33680
38560   33680
38570   33680
38580   33680
38590   33680
38600   33680
38610   33680
38620   33680
38630   33680
38640   33680
38650   33680
38660   33680
38670   33680
38680   33680
38690   33680
38700   33680
38710   33680
38720   33680
38730   33680
38740   33680
38750   33680
38760   33680
38770   33680
38780   33680
38790   33680
38800   33680
38810   33680
38820   33680
38830   33680
38840   33680
38850   33680
38860   33680
38870   33680
38880   33680
38890   33680
38900   33680
38910   33680
38920   33680
38930   33680
38940   33680
38950   33680
38960   33680
38970   33680
38980   33680
38990   33680
39000   33680
39010   33680
39020   33680
39030   33680
39040   33680
39050   33680
39060   33680
39070   33680
39080   33680
39090   33680
39100   33680
39110   33680
39120   33680
39130   33680
39140   33680
39150   33680
39160   33680
39170   33680
39180   33680
39190   33680
39200   33680
39210   33680
39220   33680
39230   33680
39240   33680
39250   33680
39260   33680
39270   33680
39280   33680
39290   33680
39300   33680
39310   33680
39320   33680
39330   33680
39340   33680
39350   33680
39360   33680
39370   33680
39380   33680
39390   33680
39400   33680
39410   33680
39420   33680
39430   33680
39440   33680
39450   33680
39460   33680
39470   33680
39480   33680
39490   33680
39500   33680
39510   33680
39520   33680
39530   33680
39540   33680
39550   33680
39560   33680
39570   33680
39580   33680
39590   33680
39600   33680
39610   33680
39620   33680
39630   33680
39640   33680
39650   33680
39660   33680
39670   33680
39680   33680
39690   33680
39700   33680
39710   33680
39720   33680
39730   33680
39740   33680
39750   33680
39760   33680
39770   33680
39780   33680
39790   33680
39800   33680
39810   33680
39820   33680
39830   33680
39840   33680
39850   33680
39860   33680
39870   33680
39880   33680
39890   33680
39900   33680
39910   33680
39920   33680
39930   33680
39940   33680
39950   33680
39960   33680
39970   33680
39980   33680
39990   33680
40000   33680
40010   33680
40020   33680
40030   33680
40040   33680
40050   33680
40060   33680
40070   33680
40080   33680
40090   33680
40100   33680
40110   33680
40120   33680
40130   33680
40140   33680
40150   33680
40160   33680
40170   33680
40180   33680
40190   33680
40200   33680
40210   33680
40220   33680
40230   33680
40240   33680
40250   33680
40260   33680
40270   33680
40280   33680
40290   33680
40300   33680
40310   33680
40320   33680
40330   33680
40340   33680
40350   33680
40360   33680
40370   33680
40380   33680
40390   33680
40400   33680
40410   33680
40420   33680
40430   33680
40440   33680
40450   33680
40460   33680
40470   33680
40480   33680
40490   33680
40500   33680
40510   33680
40520   33680
40530   33680
40540   33680
40550   33680
40560   33680
40570   33680
40580   33680
40590   33680
40600   33680
40610   33680
40620   33680
40630   33680
40640   33680
40650   33680
40660   33680
40670   33680
40680   33680
40690   33680
40700   33680
40710   33680
40720   33680
40730   33680
40740   33680
40750   33680
40760   33680
40770   33680
40780   33680
40790   33680
40800   33680
40810   33680
40820   33680
40830   33680
40840   33680
40850   33680
40860   33680
40870   33680
40880   33680
40890   33680
40900   33680
40910   33680
40920   33680
40930   33680
40940   33680
40950   33680
40960   33680
40970   33680
40980   33680
40990   33680
41000   33680
41010   33680
41020   33680
41030   33680
41040   33680
41050   33680
41060   33680
41070   33680
41080   33680
41090   33680
41100   33680
41110   33680
41120   33680
41130   33680
41140   33680
41150   33680
41160   33680
41170   33680
41180   33680
41190   33680
41200   33680
41210   33680
41220   33680
41230   33680
41240   33680
41250   33680
41260   33680
41270   33680
41280   33680
41290   33680
41300   33680
41310   33680
41320   33680
41330   33680
41340   33680
41350   33680
41360   33680
41370   33680
41380   33680
41390   33680
41400   33680
41410   33680
41420   33680
41430   33680
41440   33680
41450   33680
41460   33680
41470   33680
41480   33680
41490   33680
41500   33680
41510   33680
41520   33680
41530   33680
41540   33680
41550   33680
41560   33680
41570   33680
41580   33680
41590   33680
41600   33680
41610   33680
41620   33680
41630   33680
41640   33680
41650   33680
41660   33680
41670   33680
41680   33680
41690   33680
41700   33680
41710   33680
41720   33680
41730   33680
41740   33680
41750   33680
41760   33680
41770   33680
41780   33680
41790   33680
41800   33680
41810   33680
41820   33680
41830   33680
41840   33680
41850   33680
41860   33680
41870   33680
41880   33680
41890   33680
41900   33680
41910   33680
41920   33680
41930   33680
41940   33680
41950   33680
41960   33680
41970   33680
41980   33680
41990   33680
42000   33680
42010   33680
42020   33680
42030   33680
42040   33680
42050   33680
42060   33680
42070   33680
42080   33680
42090   33680
42100   33680
42110   33680
42120   33680
42130   33680
42140   33680
42150   33680
42160   33680
42170   33680
42180   33680
42190   33680
42200   33680
42210   33680
42220   33680
42230   33680
42240   33680
42250   33680
42260   33680
42270   33680
42280   33680
42290   33680
42300   33680
42310   33680
42320   33680
42330   33680
42340   33680
42350   33680
42360   33680
42370   33680
42380   33680
42390   33680
42400   33680
42410   33680
42420   33680
42430   33680
42440   33680
42450   33680
42460   33680
42470   33680
42480   33680
42490   33680
42500   33680
42510   33680
42520   33680
42530   33680
42540   33680
42550   33680
42560   33680
42570   33680
42580   33680
42590   33680
42600   33680
42610   33680
42620   33680
42630   33680
42640   33680
42650   33680
42660   33680
42670   33680
42680   33680
42690   33680
42700   33680
42710   33680
42720   33680
42730   33680
42740   33680
42750   33680
42760   33680
42770   33680
42780   33680
42790   33680
42800   33680
42810   33680
42820   33680
42830   33680
42840   33680
42850   33680
42860   33680
42870   33680
42880   33680
42890   33680
42900   33680
42910   33680
42920   33680
42930   33680
42940   33680
42950   33680
42960   33680
42970   33680
42980   33680
42990   33680
43000   33680
43010   33680
43020   33680
43030   33680
43040   33680
43050   33680
43060   33680
43070   33680
43080   33680
43090   33680
43100   33680
43110   33680
43120   33680
43130   33680
43140   33680
43150   33680
43160   33680
43170   33680
43180   33680
43190   33680
43200   33680
43210   33680
43220   33680
43230   33680
43240   33680
43250   33680
43260   33680
43270   33680
43280   33680
43290   33680
43300   33680
43310   33680
43320   33680
43330   33680
43340   33680
43350   33680
43360   33680
43370   33680
43380   33680
43390   33680
43400   33680
43410   33680
43420   33680
43430   33680
43440   33680
43450   33680
43460   33680
43470   33680
43480   33680
43490   33680
43500   33680
43510   33680
43520   33680
43530   33680
43540   33680
43550   33680
43560   33680
43570   33680
43580   33680
43590   33680
43600   33680
43610   33680
43620   33680
43630   33680
43640   33680
43650   33680
43660   33680
43670   33680
43680   33680
43690   33680
43700   33680
43710   33680
43720   33680
43730   33680
43740   33680
43750   33680
43760   33680
43770   33680
43780   33680
43790   33680
43800   33680
43810   33680
43820   33680
43830   33680
43840   33680
43850   33680
43860   33680
43870   33680
43880   33680
43890   33680
43900   33680
43910   33680
43920   33680
43930   33680
43940   33680
43950   33680
43960   33680
43970   33680
43980   33680
43990   33680
44000   33680
44010   33680
44020   33680
44030   33680
44040   33680
44050   33680
44060   33680
44070   33680
44080   33680
44090   33680
44100   33680
44110   33680
44120   33680
44130   33680
44140   33680
44150   33680
44160   33680
44170   33680
44180   33680
44190   33680
44200   33680
44210   33680
44220   33680
44230   33680
44240   33680
44250   33680
44260   33680
44270   33680
44280   33680
44290   33680
44300   33680
44310   33680
44320   33680
44330   33680
44340   33680
44350   33680
44360   33680
44370   33680
44380   33680
44390   33680
44400   33680
44410   33680
44420   33680
44430   33680
44440   33680
44450   33680
44460   33680
44470   33680
44480   33680
44490   33680
44500   33680
44510   33680
44520   33680
44530   33680
44540   33680
44550   33680
44560   33680
44570   33680
44580   33680
44590   33680
44600   33680
44610   33680
44620   33680
44630   33680
44640   33680
44650   33680
44660   33680
44670   33680
44680   33680
44690   33680
44700   33680
44710   33680
44720   33680
44730   33680
44740   33680
44750   33680
44760   33680
44770   33680
44780   33680
44790   33680
44800   33680
44810   33680
44820   33680
44830   33680
44840   33680
44850   33680
44860   33680
44870   33680
44880   33680
44890   33680
44900   33680
44910   33680
44920   33680
44930   33680
44940   33680
44950   33680
44960   33680
44970   33680
44980   33680
44990   33680
45000   33680
45010   33680
45020   33680
45030   33680
45040   33680
45050   33680
45060   33680
45070   33680
45080   33680
45090   33680
45100   33680
45110   33680
45120   33680
45130   33680
45140   33680
45150   33680
45160   33680
45170   33680
45180   33680
45190   33680
45200   33680
45210   33680
45220   33680
45230   33680
45240   33680
45250   33680
45260   33680
45270   33680
45280   33680
45290   33680
45300   33680
45310   33680
45320   33680
45330   33680
45340   33680
45350   33680
45360   33680
45370   33680
45380   33680
45390   33680
45400   33680
45410   33680
45420   33680
45430   33680
45440   33680
45450   33680
45460   33680
45470   33680
45480   33680
45490   33680
45500   33680
45510   33680
45520   33680
45530   33680
45540   33680
45550   33680
45560   33680
45570   33680
45580   33680
45590   33680
45600   33680
45610   33680
45620   33680
45630   33680
45640   33680
45650   33680
45660   33680
45670   33680
45680   33680
45690   33680
45700   33680
45710   33680
45720   33680
45730   33680
45740   33680
45750   33680
45760   33680
45770   33680
45780   33680
45790   33680
45800   33680
45810   33680
45820   33680
45830   33680
45840   33680
45850   33680
45860   33680
45870   33680
45880   33680
45890   33680
45900   33680
45910   33680
45920   33680
45930   33680
45940   33680
45950   33680
45960   33680
45970   33680
45980   33680
45990   33680
46000   33680
46010   33680
46020   33624
46030   33624
46040   33624
46050   33624
46060   33624
46070   33624
46080   33624
46090   33624
46100   33624
46110   33624
46120   33624
46130   33624
46140   33624
46150   33624
46160   33624
46170   33624
46180   33624
46190   33624
46200   33624
46210   33624
46220   33624
46230   33624
46240   33624
46250   33624
46260   33624
46270   33624
46280   33624
46290   33624
46300   33624
46310   33624
46320   33624
46330   33624
46340   33624
46350   33624
46360   33624
46370   33624
46380   33624
46390   33624
46400   33624
46410   33624
46420   33624
46430   33624
46440   33624
46450   33624
46460   33624
46470   33624
46480   33624
46490   33624
46500   33624
46510   33624
46520   33624
46530   33624
46540   33624
46550   33624
46560   33624
46570   33624
46580   33624
46590   33624
46600   33624
46610   33624
46620   33624
46630   33624
46640   33624
46650   33624
46660   33624
46670   33624
46680   33624
46690   33624
46700   33624
46710   33624
46720   33624
46730   33624
46740   33624
46750   33624
46760   33624
46770   33624
46780   33624
46790   33624
46800   33624
46810   33624
46820   33624
46830   33624
46840   33624
46850   33624
46860   33624
46870   33624
46880   33624
46890   33624
46900   33624
46910   33624
46920   33624
46930   33624
46940   33624
46950   33624
46960   33624
46970   33624
46980   33624
46990   33624
47000   33624
47010   33624
47020   33624
47030   33624
47040   33624
47050   33624
47060   33624
47070   33624
47080   33624
47090   33624
47100   33624
47110   33624
47120   33624
47130   33624
47140   33624
47150   33624
47160   33624
47170   33624
47180   33624
47190   33624
47200   33624
47210   33624
47220   33624
47230   33624
47240   33624
47250   33624
47260   33624
47270   33624
47280   33624
47290   33624
47300   33624
47310   33624
47320   33624
47330   33624
47340   33624
47350   33624
47360   33624
47370   33624
47380   33624
47390   33624
47400   33624
47410   33624
47420   33624
47430   33624
47440   33624
47450   33624
47460   33624
47470   33624
47480   33624
47490   33624
47500   33624
47510   33624
47520   33624
47530   33624
47540   33624
47550   33624
47560   33624
47570   33624
47580   33624
47590   33624
47600   33624
47610   33624
47620   33624
47630   33624
47640   33624
47650   33624
47660   33624
47670   33624
47680   33624
47690   33624
47700   33624
47710   33624
47720   33624
47730   33624
47740   33624
47750   33624
47760   33624
47770   33624
47780   33624
47790   33624
47800   33624
47810   33624
47820   33624
47830   33624
47840   33624
47850   33624
47860   33624
47870   33624
47880   33624
47890   33624
47900   33624
47910   33624
47920   33624
47930   33624
47940   33624
47950   33624
47960   33624
47970   33624
47980   33624
47990   33624
48000   33624
48010   33624
48020   33624
48030   33624
48040   33624
48050   33624
48060   33624
48070   33624
48080   33624
48090   33624
48100   33624
48110   33624
48120   33624
48130   33624
48140   33624
48150   33624
48160   33624
48170   33624
48180   33624
48190   33624
48200   33624
48210   33624
48220   33624
48230   33624
48240   33624
48250   33624
48260   33624
48270   33624
48280   33624
48290   33624
48300   33624
48310   33624
48320   33624
48330   33624
48340   33624
48350   33624
48360   33624
48370   33624
48380   33624
48390   33624
48400   33624
48410   33624
48420   33624
48430   33624
48440   33624
48450   33624
48460   33624
48470   33624
48480   33624
48490   33624
48500   33624
48510   33624
48520   33624
48530   33624
48540   33624
48550   33624
48560   33624
48570   33624
48580   33624
48590   33624
48600   33624
48610   33624
48620   33624
48630   33624
48640   33624
48650   33624
48660   33624
48670   33624
48680   33624
48690   33624
48700   33624
48710   33624
48720   33624
48730   33624
48740   33624
48750   33624
48760   33624
48770   33624
48780   33624
48790   33624
48800   33624
48810   33624
48820   33624
48830   33624
48840   33624
48850   33624
48860   33624
48870   33624
48880   33624
48890   33624
48900   33624
48910   33624
48920   33624
48930   33624
48940   33624
48950   33624
48960   33624
48970   33624
48980   33624
48990   33624
49000   33624
49010   33624
49020   33624
49030   33624
49040   33624
49050   33624
49060   33624
49070   33624
49080   33624
49090   33624
49100   33624
49110   33624
49120   33624
49130   33624
49140   33624
49150   33624
49160   33624
49170   33624
49180   33624
49190   33624
49200   33624
49210   33624
49220   33624
49230   33624
49240   33624
49250   33624
49260   33624
49270   33624
49280   33624
49290   33624
49300   33624
49310   33624
49320   33624
49330   33624
49340   33624
49350   33624
49360   33624
49370   33624
49380   33624
49390   33624
49400   33624
49410   33624
49420   33624
49430   33624
49440   33624
49450   33624
49460   33624
49470   33624
49480   33624
49490   33624
49500   33624
49510   33624
49520   33624
49530   33624
49540   33624
49550   33624
49560   33624
49570   33624
49580   33624
49590   33624
49600   33624
49610   33624
49620   33624
49630   33624
49640   33624
49650   33624
49660   33624
49670   33624
49680   33624
49690   33624
49700   33624
49710   33624
49720   33624
49730   33624
49740   33624
49750   33624
49760   33624
49770   33624
49780   33624
49790   33624
49800   33624
49810   33624
49820   33624
49830   33624
49840   33624
49850   33624
49860   33624
49870   33624
49880   33624
49890   33624
49900   33624
49910   33624
49920   33624
49930   33624
49940   33624
49950   33624
49960   33624
49970   33624
49980   33624
49990   33624
50000   33624
50010   33624
50020   33624
50030   33624
50040   33624
50050   33624
50060   33624
50070   33624
50080   33624
50090   33624
50100   33624
50110   33624
50120   33624
50130   33624
50140   33624
50150   33624
50160   33624
50170   33624
50180   33624
50190   33624
50200   33624
50210   33624
50220   33624
50230   33624
50240   33624
50250   33624
50260   33624
50270   33624
50280   33624
50290   33624
50300   33624
50310   33624
50320   33624
50330   33624
50340   33624
50350   33624
50360   33624
50370   33624
50380   33624
50390   33624
50400   33624
50410   33624
50420   33624
50430   33624
50440   33624
50450   33624
50460   33624
50470   33624
50480   33624
50490   33624
50500   33624
50510   33624
50520   33624
50530   33624
50540   33624
50550   33624
50560   33624
50570   33624
50580   33624
50590   33624
50600   33624
50610   33624
50620   33624
50630   33624
50640   33624
50650   33624
50660   33624
50670   33624
50680   33624
50690   33624
50700   33624
50710   33624
50720   33624
50730   33624
50740   33624
50750   33624
50760   33624
50770   33624
50780   33624
50790   33624
50800   33624
50810   33624
50820   33624
50830   33624
50840   33624
50850   33624
50860   33624
50870   33624
50880   33624
50890   33624
50900   33624
50910   33624
50920   33624
50930   33624
50940   33624
50950   33624
50960   33624
50970   33624
50980   33624
50990   33624
51000   33624
51010   33624
51020   33624
51030   33624
51040   33624
51050   33624
51060   33624
51070   33624
51080   33624
51090   33624
51100   33624
51110   33624
51120   33624
51130   33624
51140   33624
51150   33624
51160   33624
51170   33624
51180   33624
51190   33624
51200   33624
51210   33624
51220   33624
51230   33624
51240   33624
51250   33624
51260   33624
51270   33624
51280   33624
51290   33624
51300   33624
51310   33624
51320   33624
51330   33624
51340   33624
51350   33624
51360   33624
51370   33624
51380   33624
51390   33624
51400   33624
51410   33624
51420   33624
51430   33624
51440   33624
51450   33624
51460   33624
51470   33624
51480   33624
51490   33624
51500   33624
51510   33624
51520   33624
51530   33624
51540   33624
51550   33624
51560   33624
51570   33624
51580   33624
51590   33624
51600   33624
51610   33624
51620   33624
51630   33624
51640   33624
51650   33624
51660   33624
51670   33624
51680   33624
51690   33624
51700   33624
51710   33624
51720   33624
51730   33624
51740   33624
51750   33624
51760   33624
51770   33624
51780   33624
51790   33624
51800   33624
51810   33624
51820   33624
51830   33624
51840   33624
51850   33624
51860   33624
51870   33624
51880   33624
51890   33624
51900   33624
51910   33624
51920   33624
51930   33624
51940   33624
51950   33624
