10   8624
20   8624
30   8624
40   8624
50   8624
60   8624
70   8624
80   8624
90   8624
100   8624
110   8624
120   8568
130   8568
140   8568
150   8568
160   8568
170   8568
180   8568
190   8568
200   8568
210   8568
220   8568
230   8568
240   8568
250   8568
260   8568
270   8568
280   8568
290   8568
300   8568
310   8568
320   8568
330   8568
340   8568
350   8568
360   8568
370   8568
380   8568
390   8568
400   8568
410   8568
420   8568
430   8568
440   8568
450   8568
460   8568
470   8568
480   8568
490   8568
500   8544
510   8544
520   8544
530   8544
540   8544
550   8544
560   8544
570   8544
580   8544
590   8544
600   8544
610   8544
620   8544
630   8544
640   8544
650   8544
660   8544
670   8544
680   8544
690   8544
700   8544
710   8544
720   8544
730   8544
740   8544
750   8544
760   8544
770   8544
780   8544
790   8544
800   8544
810   8544
820   8544
830   8544
840   8544
850   8544
860   8544
870   8544
880   8544
890   8544
900   8544
910   8544
920   8544
930   8544
940   8544
950   8544
960   8544
970   8544
980   8544
990   8480
1000   8480
1010   8480
1020   8480
1030   8480
1040   8480
1050   8480
1060   8480
1070   8480
1080   8480
1090   8480
1100   8480
1110   8480
1120   8480
1130   8480
1140   8480
1150   8480
1160   8480
1170   8480
1180   8480
1190   8480
1200   8480
1210   8480
1220   8480
1230   8480
1240   8480
1250   8480
1260   8480
1270   8480
1280   8480
1290   8480
1300   8480
1310   8480
1320   8480
1330   8480
1340   8480
1350   8480
1360   8480
1370   8480
1380   8480
1390   8480
1400   8480
1410   8480
1420   8480
1430   8480
1440   8480
1450   8480
1460   8480
1470   8480
1480   8480
1490   8480
1500   8480
1510   8480
1520   8480
1530   8480
1540   8480
1550   8480
1560   8480
1570   8480
1580   8480
1590   8480
1600   8480
1610   8480
1620   8480
1630   8480
1640   8480
1650   8480
1660   8480
1670   8480
1680   8480
1690   8480
1700   8480
1710   8480
1720   8480
1730   8480
1740   8480
1750   8480
1760   8480
1770   8480
1780   8480
1790   8480
1800   8480
1810   8480
1820   8480
1830   8480
1840   8480
1850   8480
1860   8480
1870   8480
1880   8480
1890   8480
1900   8480
1910   8480
1920   8480
1930   8480
1940   8480
1950   8480
1960   8480
1970   8480
1980   8480
1990   8480
2000   8480
2010   8480
2020   8480
2030   8480
2040   8480
2050   8480
2060   8480
2070   8480
2080   8480
2090   8480
2100   8480
2110   8480
2120   8480
2130   8480
2140   8480
2150   8480
2160   8480
2170   8480
2180   8480
2190   8480
2200   8480
2210   8480
2220   8480
2230   8480
2240   8480
2250   8480
2260   8480
2270   8480
2280   8480
2290   8480
2300   8480
2310   8480
2320   8480
2330   8480
2340   8480
2350   8480
2360   8480
2370   8480
2380   8480
2390   8480
2400   8480
2410   8480
2420   8480
2430   8480
2440   8480
2450   8480
2460   8480
2470   8480
2480   8480
2490   8480
2500   8480
2510   8480
2520   8480
2530   8480
2540   8480
2550   8480
2560   8480
2570   8480
2580   8480
2590   8480
2600   8480
2610   8480
2620   8480
2630   8480
2640   8480
2650   8480
2660   8480
2670   8480
2680   8480
2690   8480
2700   8480
2710   8480
2720   8480
2730   8480
2740   8480
2750   8480
2760   8480
2770   8480
2780   8480
2790   8480
2800   8480
2810   8480
2820   8480
2830   8480
2840   8480
2850   8480
2860   8480
2870   8480
2880   8480
2890   8480
2900   8480
2910   8480
2920   8480
2930   8448
2940   8448
2950   8448
2960   8448
2970   8448
2980   8448
2990   8448
3000   8448
3010   8448
3020   8448
3030   8448
3040   8448
3050   8448
3060   8448
3070   8448
3080   8448
3090   8448
3100   8448
3110   8448
3120   8448
3130   8448
3140   8448
3150   8448
3160   8448
3170   8448
3180   8448
3190   8448
3200   8448
3210   8448
3220   8448
3230   8448
3240   8448
3250   8448
3260   8448
3270   8448
3280   8448
3290   8448
3300   8448
3310   8448
3320   8448
3330   8448
3340   8448
3350   8448
3360   8448
3370   8448
3380   8448
3390   8448
3400   8448
3410   8448
3420   8448
3430   8448
3440   8448
3450   8448
3460   8448
3470   8448
3480   8448
3490   8448
3500   8448
3510   8448
3520   8448
3530   8448
3540   8448
3550   8448
3560   8448
3570   8448
3580   8448
3590   8448
3600   8448
3610   8448
3620   8448
3630   8448
3640   8448
3650   8448
3660   8448
3670   8448
3680   8448
3690   8448
3700   8448
3710   8448
3720   8448
3730   8448
3740   8448
3750   8448
3760   8448
3770   8448
3780   8448
3790   8448
3800   8448
3810   8448
3820   8448
3830   8448
3840   8448
3850   8448
3860   8448
3870   8448
3880   8448
3890   8448
3900   8448
3910   8448
3920   8448
3930   8448
3940   8448
3950   8448
3960   8448
3970   8440
3980   8440
3990   8440
4000   8440
4010   8440
4020   8440
4030   8440
4040   8440
4050   8440
4060   8440
4070   8440
4080   8440
4090   8440
4100   8440
4110   8440
4120   8440
4130   8440
4140   8440
4150   8440
4160   8440
4170   8440
4180   8440
4190   8440
4200   8440
4210   8440
4220   8440
4230   8440
4240   8440
4250   8440
4260   8440
4270   8440
4280   8440
4290   8440
4300   8440
4310   8440
4320   8440
4330   8440
4340   8440
4350   8440
4360   8440
4370   8440
4380   8440
4390   8440
4400   8440
4410   8440
4420   8440
4430   8440
4440   8440
4450   8440
4460   8440
4470   8440
4480   8440
4490   8440
4500   8440
4510   8440
4520   8440
4530   8440
4540   8440
4550   8440
4560   8440
4570   8440
4580   8440
4590   8440
4600   8440
4610   8440
4620   8440
4630   8440
4640   8440
4650   8440
4660   8440
4670   8440
4680   8440
4690   8440
4700   8440
4710   8440
4720   8440
4730   8440
4740   8440
4750   8440
4760   8440
4770   8440
4780   8440
4790   8440
4800   8440
4810   8440
4820   8440
4830   8440
4840   8440
4850   8440
4860   8440
4870   8440
4880   8440
4890   8440
4900   8440
4910   8440
4920   8440
4930   8440
4940   8440
4950   8440
4960   8440
4970   8440
4980   8440
4990   8440
5000   8440
5010   8440
5020   8440
5030   8440
5040   8440
5050   8440
5060   8440
5070   8440
5080   8440
5090   8440
5100   8440
5110   8440
5120   8440
5130   8440
5140   8440
5150   8440
5160   8440
5170   8440
5180   8440
5190   8440
5200   8440
5210   8440
5220   8440
5230   8440
5240   8440
5250   8440
5260   8440
5270   8440
5280   8440
5290   8440
5300   8440
5310   8440
5320   8440
5330   8440
5340   8440
5350   8440
5360   8440
5370   8440
5380   8440
5390   8440
5400   8440
5410   8440
5420   8440
5430   8440
5440   8440
5450   8440
5460   8440
5470   8440
5480   8440
5490   8440
5500   8440
5510   8440
5520   8440
5530   8440
5540   8440
5550   8440
5560   8440
5570   8440
5580   8440
5590   8440
5600   8440
5610   8440
5620   8440
5630   8440
5640   8440
5650   8440
5660   8440
5670   8440
5680   8440
5690   8440
5700   8440
5710   8440
5720   8440
5730   8440
5740   8440
5750   8440
5760   8440
5770   8440
5780   8440
5790   8440
5800   8440
5810   8440
5820   8440
5830   8440
5840   8440
5850   8440
5860   8440
5870   8408
5880   8408
5890   8408
5900   8408
5910   8408
5920   8408
5930   8408
5940   8408
5950   8408
5960   8408
5970   8408
5980   8408
5990   8408
6000   8408
6010   8408
6020   8408
6030   8408
6040   8408
6050   8408
6060   8408
6070   8408
6080   8408
6090   8408
6100   8408
6110   8408
6120   8408
6130   8408
6140   8408
6150   8408
6160   8408
6170   8408
6180   8408
6190   8408
6200   8408
6210   8408
6220   8408
6230   8408
6240   8408
6250   8408
6260   8408
6270   8408
6280   8408
6290   8408
6300   8408
6310   8408
6320   8408
6330   8408
6340   8408
6350   8408
6360   8408
6370   8408
6380   8408
6390   8408
6400   8408
6410   8408
6420   8408
6430   8408
6440   8408
6450   8408
6460   8408
6470   8408
6480   8408
6490   8408
6500   8408
6510   8408
6520   8408
6530   8408
6540   8408
6550   8408
6560   8408
6570   8408
6580   8408
6590   8408
6600   8408
6610   8408
6620   8408
6630   8408
6640   8408
6650   8408
6660   8408
6670   8408
6680   8408
6690   8408
6700   8408
6710   8408
6720   8408
6730   8408
6740   8408
6750   8408
6760   8408
6770   8408
6780   8408
6790   8408
6800   8408
6810   8408
6820   8408
6830   8408
6840   8408
6850   8408
6860   8408
6870   8408
6880   8408
6890   8408
6900   8408
6910   8408
6920   8408
6930   8408
6940   8408
6950   8408
6960   8408
6970   8408
6980   8408
6990   8408
7000   8408
7010   8408
7020   8408
7030   8408
7040   8408
7050   8408
7060   8408
7070   8408
7080   8408
7090   8408
7100   8408
7110   8408
7120   8408
7130   8408
7140   8408
7150   8408
7160   8408
7170   8408
7180   8408
7190   8408
7200   8408
7210   8408
7220   8408
7230   8408
7240   8408
7250   8408
7260   8408
7270   8408
7280   8408
7290   8408
7300   8408
7310   8408
7320   8408
7330   8408
7340   8408
7350   8408
7360   8408
7370   8408
7380   8408
7390   8408
7400   8408
7410   8408
7420   8408
7430   8408
7440   8408
7450   8408
7460   8408
7470   8408
7480   8408
7490   8408
7500   8408
7510   8408
7520   8408
7530   8408
7540   8408
7550   8408
7560   8408
7570   8408
7580   8408
7590   8408
7600   8408
7610   8408
7620   8408
7630   8408
7640   8408
7650   8408
7660   8408
7670   8408
7680   8408
7690   8408
7700   8408
7710   8408
7720   8408
7730   8408
7740   8408
7750   8408
7760   8408
7770   8408
7780   8408
7790   8408
7800   8408
7810   8408
7820   8408
7830   8408
7840   8408
7850   8408
7860   8408
7870   8408
7880   8408
7890   8408
7900   8408
7910   8408
7920   8408
7930   8408
7940   8408
7950   8408
7960   8408
7970   8408
7980   8408
7990   8408
8000   8408
8010   8408
8020   8408
8030   8408
8040   8408
8050   8408
8060   8408
8070   8408
8080   8408
8090   8408
8100   8408
8110   8408
8120   8408
8130   8408
8140   8408
8150   8408
8160   8408
8170   8408
8180   8408
8190   8408
8200   8408
8210   8408
8220   8408
8230   8408
8240   8408
8250   8408
8260   8408
8270   8408
8280   8408
8290   8408
8300   8408
8310   8408
8320   8408
8330   8408
8340   8408
8350   8408
8360   8408
8370   8408
8380   8408
8390   8408
8400   8408
8410   8408
8420   8408
8430   8408
8440   8408
8450   8408
8460   8408
8470   8408
8480   8408
8490   8408
8500   8408
8510   8408
8520   8408
8530   8408
8540   8408
8550   8408
8560   8408
8570   8408
8580   8408
8590   8408
8600   8408
8610   8408
8620   8408
8630   8408
8640   8408
8650   8408
8660   8408
8670   8408
8680   8408
8690   8408
8700   8408
8710   8408
8720   8408
8730   8408
8740   8408
8750   8408
8760   8408
8770   8408
8780   8408
8790   8408
8800   8408
8810   8408
8820   8408
8830   8408
8840   8408
8850   8408
8860   8408
8870   8408
8880   8408
8890   8408
8900   8408
8910   8408
8920   8408
8930   8408
8940   8408
8950   8408
8960   8408
8970   8408
8980   8408
8990   8408
9000   8408
9010   8408
9020   8408
9030   8408
9040   8408
9050   8408
9060   8408
9070   8408
9080   8408
9090   8408
9100   8408
9110   8408
9120   8408
9130   8408
9140   8408
9150   8408
9160   8408
9170   8408
9180   8408
9190   8408
9200   8408
9210   8408
9220   8408
9230   8408
9240   8408
9250   8408
9260   8408
9270   8408
9280   8408
9290   8408
9300   8408
9310   8408
9320   8408
9330   8408
9340   8408
9350   8408
9360   8408
9370   8408
9380   8408
9390   8408
9400   8408
9410   8408
9420   8408
9430   8408
9440   8408
9450   8408
9460   8408
9470   8408
9480   8408
9490   8408
9500   8408
9510   8408
9520   8408
9530   8408
9540   8408
9550   8408
9560   8408
9570   8408
9580   8408
9590   8408
9600   8408
9610   8408
9620   8408
9630   8408
9640   8408
9650   8408
9660   8408
9670   8408
9680   8408
9690   8408
9700   8408
9710   8408
9720   8408
9730   8408
9740   8408
9750   8408
9760   8408
9770   8408
9780   8408
9790   8408
9800   8408
9810   8408
9820   8408
9830   8408
9840   8408
9850   8408
9860   8408
9870   8408
9880   8408
9890   8408
9900   8408
9910   8408
9920   8408
9930   8408
9940   8408
9950   8408
9960   8408
9970   8408
9980   8408
9990   8408
10000   8408
10010   8408
10020   8408
10030   8408
10040   8408
10050   8408
10060   8408
10070   8408
10080   8408
10090   8408
10100   8408
10110   8408
10120   8408
10130   8408
10140   8408
10150   8408
10160   8408
10170   8408
10180   8408
10190   8408
10200   8408
10210   8408
10220   8408
10230   8408
10240   8408
10250   8408
10260   8408
10270   8408
10280   8408
10290   8408
10300   8408
10310   8408
10320   8408
10330   8408
10340   8408
10350   8408
10360   8408
10370   8408
10380   8408
10390   8408
10400   8408
10410   8408
10420   8408
10430   8408
10440   8408
10450   8408
10460   8408
10470   8408
10480   8408
10490   8408
10500   8408
10510   8408
10520   8408
10530   8408
10540   8408
10550   8408
10560   8408
10570   8408
10580   8408
10590   8408
10600   8408
10610   8408
10620   8408
10630   8408
10640   8408
10650   8408
10660   8408
10670   8408
10680   8408
10690   8408
10700   8408
10710   8408
10720   8408
10730   8408
10740   8408
10750   8408
10760   8408
10770   8408
10780   8408
10790   8408
10800   8408
10810   8408
10820   8408
10830   8408
10840   8408
10850   8408
10860   8408
10870   8408
10880   8408
10890   8408
10900   8408
10910   8408
10920   8408
10930   8408
10940   8408
10950   8408
10960   8408
10970   8408
10980   8408
10990   8408
11000   8408
11010   8408
11020   8408
11030   8408
11040   8408
11050   8408
11060   8408
11070   8408
11080   8408
11090   8408
11100   8408
11110   8408
11120   8408
11130   8408
11140   8408
11150   8408
11160   8408
11170   8408
11180   8408
11190   8408
11200   8408
11210   8408
11220   8408
11230   8408
11240   8408
11250   8408
11260   8408
11270   8408
11280   8408
11290   8408
11300   8408
11310   8408
11320   8408
11330   8408
11340   8408
11350   8408
11360   8408
11370   8408
11380   8408
11390   8408
11400   8408
11410   8408
11420   8408
11430   8408
11440   8408
11450   8408
11460   8408
11470   8408
11480   8408
11490   8408
11500   8408
11510   8408
11520   8408
11530   8408
11540   8408
11550   8408
11560   8408
11570   8408
11580   8408
11590   8408
11600   8408
11610   8408
11620   8408
11630   8408
11640   8408
11650   8408
11660   8408
11670   8408
11680   8408
11690   8408
11700   8408
11710   8408
11720   8408
11730   8408
11740   8408
11750   8408
11760   8408
11770   8408
11780   8408
11790   8408
11800   8408
11810   8408
11820   8408
11830   8408
11840   8408
11850   8408
11860   8408
11870   8408
11880   8408
11890   8408
11900   8408
11910   8408
11920   8408
11930   8408
11940   8408
11950   8408
11960   8408
11970   8408
11980   8408
11990   8408
12000   8408
12010   8408
12020   8408
12030   8408
12040   8408
12050   8408
12060   8408
12070   8408
12080   8408
12090   8408
12100   8408
12110   8408
12120   8408
12130   8408
12140   8408
12150   8408
12160   8408
12170   8408
12180   8408
12190   8408
12200   8408
12210   8408
12220   8408
12230   8408
12240   8408
12250   8408
12260   8408
12270   8408
12280   8408
12290   8408
12300   8408
12310   8408
12320   8408
12330   8408
12340   8408
12350   8408
12360   8408
12370   8408
12380   8408
12390   8408
12400   8408
12410   8408
12420   8408
12430   8408
12440   8408
12450   8408
12460   8408
12470   8408
12480   8408
12490   8408
12500   8408
12510   8408
12520   8408
12530   8408
12540   8408
12550   8408
12560   8408
12570   8408
12580   8408
12590   8408
12600   8408
12610   8408
12620   8408
12630   8408
12640   8408
12650   8408
12660   8408
12670   8408
12680   8408
12690   8408
12700   8408
12710   8408
12720   8408
12730   8408
12740   8408
12750   8408
12760   8408
12770   8408
12780   8408
12790   8408
12800   8408
12810   8408
12820   8408
12830   8408
12840   8408
12850   8408
12860   8408
12870   8408
12880   8408
12890   8408
12900   8408
12910   8408
12920   8408
12930   8408
12940   8408
12950   8408
12960   8408
12970   8408
12980   8408
12990   8408
13000   8408
13010   8408
13020   8408
13030   8408
13040   8408
13050   8408
13060   8408
13070   8408
13080   8408
13090   8408
13100   8408
13110   8408
13120   8408
13130   8408
13140   8408
13150   8408
13160   8408
13170   8408
13180   8408
13190   8408
13200   8408
13210   8408
13220   8408
13230   8408
13240   8408
13250   8408
13260   8408
13270   8408
13280   8408
13290   8408
13300   8408
13310   8408
13320   8408
13330   8408
13340   8408
13350   8408
13360   8408
13370   8408
13380   8408
13390   8408
13400   8408
13410   8408
13420   8408
13430   8408
13440   8408
13450   8408
13460   8408
13470   8408
13480   8408
13490   8408
13500   8408
13510   8408
13520   8408
13530   8408
13540   8408
13550   8408
13560   8408
13570   8408
13580   8408
13590   8408
13600   8408
13610   8408
13620   8408
13630   8408
13640   8408
13650   8408
13660   8408
13670   8408
13680   8408
13690   8408
13700   8408
13710   8408
13720   8408
13730   8408
13740   8400
13750   8400
13760   8400
13770   8400
13780   8400
13790   8400
13800   8400
13810   8400
13820   8400
13830   8400
13840   8400
13850   8400
13860   8400
13870   8400
13880   8400
13890   8400
13900   8400
13910   8400
13920   8400
13930   8400
13940   8400
13950   8400
13960   8400
13970   8400
13980   8400
13990   8400
14000   8400
14010   8400
14020   8400
14030   8400
14040   8400
14050   8400
14060   8400
14070   8400
14080   8400
14090   8400
14100   8400
14110   8400
14120   8400
14130   8400
14140   8400
14150   8400
14160   8400
14170   8400
14180   8400
14190   8400
14200   8400
14210   8400
14220   8400
14230   8400
14240   8400
14250   8400
14260   8400
14270   8400
14280   8400
14290   8400
14300   8400
14310   8400
14320   8400
14330   8400
14340   8400
14350   8400
14360   8400
14370   8400
14380   8400
14390   8400
14400   8400
14410   8400
14420   8400
14430   8400
14440   8400
14450   8400
14460   8400
14470   8400
14480   8400
14490   8400
14500   8400
14510   8400
14520   8400
14530   8400
14540   8400
14550   8400
14560   8400
14570   8400
14580   8400
14590   8400
14600   8400
14610   8400
14620   8400
14630   8400
14640   8400
14650   8400
14660   8400
14670   8400
14680   8400
14690   8400
14700   8400
14710   8400
14720   8400
14730   8400
14740   8400
14750   8400
14760   8400
14770   8400
14780   8400
14790   8400
14800   8400
14810   8400
14820   8400
14830   8400
14840   8400
14850   8400
14860   8400
14870   8400
14880   8400
14890   8400
14900   8400
14910   8400
14920   8400
14930   8400
14940   8400
14950   8400
14960   8400
14970   8400
14980   8400
14990   8400
15000   8400
15010   8400
15020   8400
15030   8400
15040   8400
15050   8400
15060   8400
15070   8400
15080   8400
15090   8400
15100   8400
15110   8400
15120   8400
15130   8400
15140   8400
15150   8400
15160   8400
15170   8400
15180   8400
15190   8400
15200   8400
15210   8400
15220   8400
15230   8400
15240   8400
15250   8400
15260   8400
15270   8400
15280   8400
15290   8400
15300   8400
15310   8400
15320   8400
15330   8400
15340   8400
15350   8400
15360   8400
15370   8400
15380   8400
15390   8400
15400   8400
15410   8400
15420   8400
15430   8400
15440   8400
15450   8400
15460   8400
15470   8400
15480   8400
15490   8400
15500   8400
15510   8400
15520   8400
15530   8400
15540   8400
15550   8400
15560   8400
15570   8400
15580   8400
15590   8400
15600   8400
15610   8400
15620   8400
15630   8400
15640   8400
15650   8400
15660   8400
15670   8400
15680   8400
15690   8400
15700   8400
15710   8400
15720   8400
15730   8400
15740   8400
15750   8400
15760   8400
15770   8400
15780   8400
15790   8400
15800   8400
15810   8400
15820   8400
15830   8400
15840   8400
15850   8400
15860   8400
15870   8400
15880   8400
15890   8400
15900   8400
15910   8400
15920   8400
15930   8400
15940   8400
15950   8400
15960   8400
15970   8400
15980   8400
15990   8400
16000   8400
16010   8400
16020   8400
16030   8400
16040   8400
16050   8400
16060   8400
16070   8400
16080   8400
16090   8400
16100   8400
16110   8400
16120   8400
16130   8400
16140   8400
16150   8400
16160   8400
16170   8400
16180   8400
16190   8400
16200   8400
16210   8400
16220   8400
16230   8400
16240   8400
16250   8400
16260   8400
16270   8400
16280   8400
16290   8400
16300   8400
16310   8400
16320   8400
16330   8400
16340   8400
16350   8400
16360   8400
16370   8400
16380   8400
16390   8400
16400   8400
16410   8400
16420   8400
16430   8400
16440   8400
16450   8400
16460   8400
16470   8400
16480   8400
16490   8400
16500   8400
16510   8400
16520   8400
16530   8400
16540   8400
16550   8400
16560   8400
16570   8400
16580   8400
16590   8400
16600   8400
16610   8400
16620   8400
16630   8400
16640   8400
16650   8400
16660   8400
16670   8400
16680   8400
16690   8400
16700   8400
16710   8400
16720   8400
16730   8400
16740   8400
16750   8400
16760   8400
16770   8400
16780   8400
16790   8400
16800   8400
16810   8400
16820   8400
16830   8400
16840   8400
16850   8400
16860   8400
16870   8400
16880   8400
16890   8400
16900   8400
16910   8400
16920   8400
16930   8400
16940   8400
16950   8400
16960   8400
16970   8400
16980   8400
16990   8400
17000   8400
17010   8400
17020   8400
17030   8400
17040   8400
17050   8400
17060   8400
17070   8400
17080   8400
17090   8400
17100   8400
17110   8400
17120   8400
17130   8400
17140   8400
17150   8400
17160   8400
17170   8400
17180   8400
17190   8400
17200   8400
17210   8400
17220   8400
17230   8400
17240   8400
17250   8400
17260   8400
17270   8400
17280   8400
17290   8400
17300   8400
17310   8400
17320   8400
17330   8400
17340   8400
17350   8400
17360   8400
17370   8400
17380   8400
17390   8400
17400   8400
17410   8400
17420   8400
17430   8400
17440   8400
17450   8400
17460   8400
17470   8400
17480   8400
17490   8400
17500   8400
17510   8400
17520   8400
17530   8400
17540   8400
17550   8400
17560   8400
17570   8400
17580   8400
17590   8400
17600   8400
17610   8400
17620   8400
17630   8400
17640   8400
17650   8400
17660   8400
17670   8400
17680   8400
17690   8400
17700   8400
17710   8400
17720   8400
17730   8400
17740   8400
17750   8400
17760   8400
17770   8400
17780   8400
17790   8400
17800   8400
17810   8400
17820   8400
17830   8400
17840   8400
17850   8400
17860   8400
17870   8400
17880   8400
17890   8400
17900   8400
17910   8400
17920   8400
17930   8400
17940   8400
17950   8400
17960   8400
17970   8400
17980   8400
17990   8400
18000   8400
18010   8400
18020   8400
18030   8400
18040   8400
18050   8400
18060   8400
18070   8400
18080   8400
18090   8400
18100   8400
18110   8400
18120   8400
18130   8400
18140   8400
18150   8400
18160   8400
18170   8400
18180   8400
18190   8400
18200   8400
18210   8400
18220   8400
18230   8400
18240   8400
18250   8400
18260   8400
18270   8400
18280   8400
18290   8400
18300   8400
18310   8400
18320   8400
18330   8400
18340   8400
18350   8400
18360   8400
18370   8400
18380   8400
18390   8400
18400   8400
18410   8400
18420   8400
18430   8400
18440   8400
18450   8400
18460   8400
18470   8400
18480   8400
18490   8400
18500   8400
18510   8400
18520   8400
18530   8400
18540   8400
18550   8400
18560   8400
18570   8400
18580   8400
18590   8400
18600   8400
18610   8400
18620   8400
18630   8400
18640   8400
18650   8400
18660   8400
18670   8400
18680   8400
18690   8400
18700   8400
18710   8400
18720   8400
18730   8400
18740   8400
18750   8400
18760   8400
18770   8400
18780   8400
18790   8400
18800   8400
18810   8400
18820   8400
18830   8400
18840   8400
18850   8400
18860   8400
18870   8400
18880   8400
18890   8400
18900   8400
18910   8400
18920   8400
18930   8400
18940   8400
18950   8400
18960   8400
18970   8400
18980   8400
18990   8400
19000   8400
19010   8400
19020   8400
19030   8400
19040   8400
19050   8400
19060   8400
19070   8400
19080   8400
19090   8400
19100   8400
19110   8400
19120   8400
19130   8400
19140   8400
19150   8400
19160   8400
19170   8400
19180   8400
19190   8400
19200   8400
19210   8400
19220   8400
19230   8400
19240   8400
19250   8400
19260   8400
19270   8400
19280   8400
19290   8400
19300   8400
19310   8400
19320   8400
19330   8400
19340   8400
19350   8400
19360   8400
19370   8400
19380   8400
19390   8400
19400   8400
19410   8400
19420   8400
19430   8400
19440   8400
19450   8400
19460   8400
19470   8400
19480   8400
19490   8400
19500   8400
19510   8400
19520   8400
19530   8400
19540   8400
19550   8400
19560   8400
19570   8400
19580   8400
19590   8400
19600   8400
19610   8400
19620   8400
19630   8400
19640   8400
19650   8400
19660   8400
19670   8400
19680   8400
19690   8400
19700   8400
19710   8400
19720   8400
19730   8400
19740   8400
19750   8400
19760   8400
19770   8400
19780   8400
19790   8400
19800   8400
19810   8400
19820   8400
19830   8400
19840   8400
19850   8400
19860   8400
19870   8400
19880   8400
19890   8400
19900   8400
19910   8400
19920   8400
19930   8400
19940   8400
19950   8400
19960   8400
19970   8400
19980   8400
19990   8400
20000   8400
20010   8400
20020   8400
20030   8400
20040   8400
20050   8400
20060   8400
20070   8400
20080   8400
20090   8400
20100   8400
20110   8400
20120   8400
20130   8400
20140   8400
20150   8400
20160   8400
20170   8400
20180   8400
20190   8400
20200   8400
20210   8400
20220   8400
20230   8400
20240   8400
20250   8400
20260   8400
20270   8400
20280   8400
20290   8400
20300   8400
20310   8400
20320   8400
20330   8400
20340   8400
20350   8400
20360   8400
20370   8400
20380   8400
20390   8400
20400   8400
20410   8400
20420   8400
20430   8400
20440   8400
20450   8400
20460   8400
20470   8400
20480   8400
20490   8400
20500   8400
20510   8400
20520   8400
20530   8400
20540   8400
20550   8400
20560   8400
20570   8400
20580   8400
20590   8400
20600   8400
20610   8400
20620   8400
20630   8400
20640   8400
20650   8400
20660   8400
20670   8400
20680   8400
20690   8400
20700   8400
20710   8400
20720   8400
20730   8400
20740   8400
20750   8400
20760   8400
20770   8400
20780   8400
20790   8400
20800   8400
20810   8400
20820   8400
20830   8400
20840   8400
20850   8400
20860   8400
20870   8400
20880   8400
20890   8400
20900   8400
20910   8400
20920   8400
20930   8400
20940   8400
20950   8400
20960   8400
20970   8400
20980   8400
20990   8400
21000   8400
21010   8400
21020   8400
21030   8400
21040   8400
21050   8400
21060   8400
21070   8400
21080   8400
21090   8400
21100   8400
21110   8400
21120   8400
21130   8400
21140   8400
21150   8400
21160   8400
21170   8400
21180   8400
21190   8400
21200   8400
21210   8400
21220   8400
21230   8400
21240   8400
21250   8400
21260   8400
21270   8400
21280   8400
21290   8400
21300   8400
21310   8400
21320   8400
21330   8400
21340   8400
21350   8400
21360   8400
21370   8400
21380   8400
21390   8400
21400   8400
21410   8400
21420   8400
21430   8400
21440   8400
21450   8400
21460   8400
21470   8400
21480   8400
21490   8400
21500   8400
21510   8400
21520   8400
21530   8400
21540   8400
21550   8400
21560   8400
21570   8400
21580   8400
21590   8400
21600   8400
21610   8400
21620   8400
21630   8400
21640   8400
21650   8400
21660   8400
21670   8400
21680   8400
21690   8400
21700   8400
21710   8400
21720   8400
21730   8400
21740   8400
21750   8400
21760   8400
21770   8400
21780   8400
21790   8400
21800   8400
21810   8400
21820   8400
21830   8400
21840   8400
21850   8400
21860   8400
21870   8400
21880   8400
21890   8400
21900   8400
21910   8400
21920   8400
21930   8400
21940   8400
21950   8400
21960   8400
21970   8400
21980   8400
21990   8400
22000   8400
22010   8400
22020   8400
22030   8400
22040   8400
22050   8400
22060   8400
22070   8400
22080   8400
22090   8400
22100   8400
22110   8400
22120   8400
22130   8400
22140   8400
22150   8400
22160   8400
22170   8400
22180   8400
22190   8400
22200   8400
22210   8400
22220   8400
22230   8400
22240   8400
22250   8400
22260   8400
22270   8400
22280   8400
22290   8400
22300   8400
22310   8400
22320   8400
22330   8400
22340   8400
22350   8400
22360   8400
22370   8400
22380   8400
22390   8400
22400   8400
22410   8400
22420   8400
22430   8400
22440   8400
22450   8400
22460   8400
22470   8400
22480   8400
22490   8400
22500   8400
22510   8400
22520   8400
22530   8400
22540   8400
22550   8400
22560   8400
22570   8400
22580   8400
22590   8400
22600   8400
22610   8400
22620   8400
22630   8400
22640   8400
22650   8400
22660   8400
22670   8400
22680   8400
22690   8400
22700   8400
22710   8400
22720   8400
22730   8400
22740   8400
22750   8400
22760   8400
22770   8400
22780   8400
22790   8400
22800   8400
22810   8400
22820   8400
22830   8400
22840   8400
22850   8400
22860   8400
22870   8400
22880   8400
22890   8400
22900   8400
22910   8400
22920   8400
22930   8400
22940   8400
22950   8400
22960   8400
22970   8400
22980   8400
22990   8400
23000   8400
23010   8400
23020   8400
23030   8400
23040   8400
23050   8400
23060   8400
23070   8400
23080   8400
23090   8400
23100   8400
23110   8400
23120   8400
23130   8400
23140   8400
23150   8400
23160   8400
23170   8400
23180   8400
23190   8400
23200   8400
23210   8400
23220   8400
23230   8400
23240   8400
23250   8400
23260   8400
23270   8400
23280   8400
23290   8400
23300   8400
23310   8400
23320   8400
23330   8400
23340   8400
23350   8400
23360   8400
23370   8400
23380   8400
23390   8400
23400   8400
23410   8400
23420   8400
23430   8400
23440   8400
23450   8400
23460   8400
23470   8400
23480   8400
23490   8400
23500   8400
23510   8400
23520   8400
23530   8400
23540   8400
23550   8400
23560   8400
23570   8400
23580   8400
23590   8400
23600   8400
23610   8400
23620   8400
23630   8400
23640   8400
23650   8400
23660   8400
23670   8400
23680   8400
23690   8400
23700   8400
23710   8400
23720   8400
23730   8400
23740   8400
23750   8400
23760   8400
23770   8400
23780   8400
23790   8400
23800   8400
23810   8400
23820   8400
23830   8400
23840   8400
23850   8400
23860   8400
23870   8400
23880   8400
23890   8400
23900   8400
23910   8400
23920   8400
23930   8400
23940   8400
23950   8400
23960   8400
23970   8400
23980   8400
23990   8400
24000   8400
24010   8400
24020   8400
24030   8400
24040   8400
24050   8400
24060   8400
24070   8400
24080   8400
24090   8400
24100   8400
24110   8400
24120   8400
24130   8400
24140   8400
24150   8400
24160   8400
24170   8400
24180   8400
24190   8400
24200   8400
24210   8400
24220   8400
24230   8400
24240   8400
24250   8400
24260   8400
24270   8400
24280   8400
24290   8400
24300   8400
24310   8400
24320   8400
24330   8400
24340   8400
24350   8400
24360   8400
24370   8400
24380   8400
24390   8400
24400   8400
24410   8400
24420   8400
24430   8400
24440   8400
24450   8400
24460   8400
24470   8400
24480   8400
24490   8400
24500   8400
24510   8400
24520   8400
24530   8400
24540   8400
24550   8400
24560   8400
24570   8400
24580   8400
24590   8400
24600   8400
24610   8400
24620   8400
24630   8400
24640   8400
24650   8400
24660   8400
24670   8400
24680   8400
24690   8400
24700   8400
24710   8400
24720   8400
24730   8400
24740   8400
24750   8400
24760   8400
24770   8400
24780   8400
24790   8400
24800   8400
24810   8400
24820   8400
24830   8400
24840   8400
24850   8400
24860   8400
24870   8400
24880   8400
24890   8400
24900   8400
24910   8400
24920   8400
24930   8400
24940   8400
24950   8400
24960   8400
24970   8400
24980   8400
24990   8400
25000   8400
25010   8400
25020   8400
25030   8400
25040   8400
25050   8400
25060   8400
25070   8400
25080   8400
25090   8400
25100   8400
25110   8400
25120   8400
25130   8400
25140   8400
25150   8400
25160   8400
25170   8400
25180   8400
25190   8400
25200   8400
25210   8400
25220   8400
25230   8400
25240   8400
25250   8400
25260   8400
25270   8400
25280   8400
25290   8400
25300   8400
25310   8400
25320   8400
25330   8400
25340   8400
25350   8400
25360   8400
25370   8400
25380   8400
25390   8400
25400   8400
25410   8400
25420   8400
25430   8400
25440   8400
25450   8400
25460   8400
25470   8400
25480   8400
25490   8400
25500   8400
25510   8400
25520   8400
25530   8400
25540   8400
25550   8400
25560   8400
25570   8400
25580   8400
25590   8400
25600   8400
25610   8400
25620   8400
25630   8400
25640   8400
25650   8400
25660   8400
25670   8400
25680   8400
25690   8400
25700   8400
25710   8400
25720   8400
25730   8400
25740   8400
25750   8400
25760   8400
25770   8400
25780   8400
25790   8400
25800   8400
25810   8400
25820   8400
25830   8400
25840   8400
25850   8400
25860   8400
25870   8400
25880   8400
25890   8400
25900   8400
25910   8400
25920   8400
25930   8400
25940   8400
25950   8400
25960   8400
25970   8400
25980   8400
25990   8400
26000   8400
26010   8400
26020   8400
26030   8400
26040   8400
26050   8400
26060   8400
26070   8400
26080   8400
26090   8400
26100   8400
26110   8400
26120   8400
26130   8400
26140   8400
26150   8400
26160   8400
26170   8400
26180   8400
26190   8400
26200   8400
26210   8400
26220   8400
26230   8400
26240   8400
26250   8400
26260   8400
26270   8400
26280   8400
26290   8400
26300   8400
26310   8400
26320   8400
26330   8400
26340   8400
26350   8400
26360   8400
26370   8400
26380   8400
26390   8400
26400   8400
26410   8400
26420   8400
26430   8400
26440   8400
26450   8400
26460   8400
26470   8400
26480   8400
26490   8400
26500   8400
26510   8400
26520   8400
26530   8400
26540   8400
26550   8400
26560   8400
26570   8400
26580   8400
26590   8400
26600   8400
26610   8400
26620   8400
26630   8400
26640   8400
26650   8400
26660   8400
26670   8400
26680   8400
26690   8400
26700   8400
26710   8400
26720   8400
26730   8400
26740   8400
26750   8400
26760   8400
26770   8400
26780   8400
26790   8400
26800   8400
26810   8400
26820   8400
26830   8400
26840   8400
26850   8400
26860   8400
26870   8400
26880   8400
26890   8400
26900   8400
26910   8400
26920   8400
26930   8400
26940   8400
26950   8400
26960   8400
26970   8400
26980   8400
26990   8400
27000   8400
27010   8400
27020   8400
27030   8400
27040   8400
27050   8400
27060   8400
27070   8400
27080   8400
27090   8400
27100   8400
27110   8400
27120   8400
27130   8400
27140   8400
27150   8400
27160   8400
27170   8400
27180   8400
27190   8400
27200   8400
27210   8400
27220   8400
27230   8400
27240   8400
27250   8400
27260   8400
27270   8400
27280   8400
27290   8400
27300   8400
27310   8400
27320   8400
27330   8400
27340   8400
27350   8400
27360   8400
27370   8400
27380   8400
27390   8400
27400   8400
27410   8400
27420   8400
27430   8400
27440   8400
27450   8400
27460   8400
27470   8400
27480   8400
27490   8400
27500   8400
27510   8400
27520   8400
27530   8400
27540   8400
27550   8400
27560   8400
27570   8400
27580   8400
27590   8400
27600   8400
27610   8400
27620   8400
27630   8400
27640   8400
27650   8400
27660   8400
27670   8400
27680   8400
27690   8400
27700   8400
27710   8400
27720   8400
27730   8400
27740   8400
27750   8400
27760   8400
27770   8400
27780   8400
27790   8400
27800   8400
27810   8400
27820   8400
27830   8400
27840   8400
27850   8400
27860   8400
27870   8400
27880   8400
27890   8400
27900   8400
27910   8400
27920   8400
27930   8400
27940   8400
27950   8400
27960   8400
27970   8400
27980   8400
27990   8400
28000   8400
28010   8400
28020   8400
28030   8400
28040   8400
28050   8400
28060   8400
28070   8400
28080   8400
28090   8400
28100   8400
28110   8400
28120   8400
28130   8400
28140   8400
28150   8400
28160   8400
28170   8400
28180   8400
28190   8400
28200   8400
28210   8400
28220   8400
28230   8400
28240   8400
28250   8400
28260   8400
28270   8400
28280   8400
28290   8400
28300   8400
28310   8400
28320   8400
28330   8400
28340   8400
28350   8400
28360   8400
28370   8400
28380   8400
28390   8400
28400   8400
28410   8400
28420   8400
28430   8400
28440   8400
28450   8400
28460   8400
28470   8400
28480   8400
28490   8400
28500   8400
28510   8400
28520   8400
28530   8400
28540   8400
28550   8400
28560   8400
28570   8400
28580   8400
28590   8400
28600   8400
28610   8400
28620   8400
28630   8400
28640   8400
28650   8400
28660   8400
28670   8400
28680   8400
28690   8400
28700   8400
28710   8400
28720   8400
28730   8400
28740   8400
28750   8400
28760   8400
28770   8400
28780   8400
28790   8400
28800   8400
28810   8400
28820   8400
28830   8400
28840   8400
28850   8400
28860   8400
28870   8400
28880   8400
28890   8400
28900   8400
28910   8400
28920   8400
28930   8400
28940   8400
28950   8400
28960   8400
28970   8400
28980   8400
28990   8400
29000   8400
29010   8400
29020   8400
29030   8400
29040   8400
29050   8400
29060   8400
29070   8400
29080   8400
29090   8400
29100   8400
29110   8400
29120   8400
29130   8400
29140   8400
29150   8400
29160   8400
29170   8400
29180   8400
29190   8400
29200   8400
29210   8400
29220   8400
29230   8400
29240   8400
29250   8400
29260   8400
29270   8400
29280   8400
29290   8400
29300   8400
29310   8400
29320   8400
29330   8400
29340   8400
29350   8400
29360   8400
29370   8400
29380   8400
29390   8400
29400   8400
29410   8400
29420   8400
29430   8400
29440   8400
29450   8400
29460   8400
29470   8400
29480   8400
29490   8400
29500   8400
29510   8400
29520   8400
29530   8400
29540   8400
29550   8400
29560   8400
29570   8400
29580   8400
29590   8400
29600   8400
29610   8400
29620   8400
29630   8400
29640   8400
29650   8400
29660   8400
29670   8400
29680   8400
29690   8400
29700   8400
29710   8400
29720   8400
29730   8400
29740   8400
29750   8400
29760   8400
29770   8400
29780   8400
29790   8400
29800   8400
29810   8400
29820   8400
29830   8400
29840   8400
29850   8400
29860   8400
29870   8400
29880   8400
29890   8400
29900   8400
29910   8400
29920   8400
29930   8400
29940   8400
29950   8400
29960   8400
29970   8400
29980   8400
29990   8400
30000   8400
30010   8400
30020   8400
30030   8400
30040   8400
30050   8400
30060   8400
30070   8400
30080   8400
30090   8400
30100   8400
30110   8400
30120   8400
30130   8400
30140   8400
30150   8400
30160   8400
30170   8400
30180   8400
30190   8400
30200   8400
30210   8400
30220   8400
30230   8400
30240   8400
30250   8400
30260   8400
30270   8400
30280   8400
30290   8400
30300   8400
30310   8400
30320   8400
30330   8400
30340   8400
30350   8400
30360   8400
30370   8400
30380   8400
30390   8400
30400   8400
30410   8400
30420   8400
30430   8400
30440   8400
30450   8400
30460   8400
30470   8400
30480   8400
30490   8400
30500   8400
30510   8400
30520   8400
30530   8400
30540   8400
30550   8400
30560   8400
30570   8400
30580   8400
30590   8400
30600   8400
30610   8400
30620   8400
30630   8400
30640   8400
30650   8400
30660   8400
30670   8400
30680   8400
30690   8400
30700   8400
30710   8400
30720   8400
30730   8400
30740   8400
30750   8400
30760   8400
30770   8400
30780   8400
30790   8400
30800   8400
30810   8400
30820   8400
30830   8400
30840   8400
30850   8400
30860   8400
30870   8400
30880   8400
30890   8400
30900   8400
30910   8400
30920   8400
30930   8400
30940   8400
30950   8400
30960   8400
30970   8400
30980   8400
30990   8400
31000   8400
31010   8400
31020   8400
31030   8400
31040   8400
31050   8400
31060   8400
31070   8400
31080   8400
31090   8400
31100   8400
31110   8400
31120   8400
31130   8400
31140   8400
31150   8400
31160   8400
31170   8400
31180   8400
31190   8400
31200   8400
31210   8400
31220   8400
31230   8400
31240   8400
31250   8400
31260   8400
31270   8400
31280   8400
31290   8400
31300   8400
31310   8400
31320   8400
31330   8400
31340   8400
31350   8400
31360   8400
31370   8400
31380   8400
31390   8400
31400   8400
31410   8400
31420   8400
31430   8400
31440   8400
31450   8400
31460   8400
31470   8400
31480   8400
31490   8400
31500   8400
31510   8400
31520   8400
31530   8400
31540   8400
31550   8400
31560   8400
31570   8400
31580   8400
31590   8400
31600   8400
31610   8400
31620   8400
31630   8400
31640   8400
31650   8400
31660   8400
31670   8400
31680   8400
31690   8400
31700   8400
31710   8400
31720   8400
31730   8400
31740   8400
31750   8400
31760   8400
31770   8400
31780   8400
31790   8400
31800   8400
31810   8400
31820   8400
31830   8400
31840   8400
31850   8400
31860   8400
31870   8400
31880   8400
31890   8400
31900   8400
31910   8400
31920   8400
31930   8400
31940   8400
31950   8400
31960   8400
31970   8400
31980   8400
31990   8400
32000   8400
32010   8400
32020   8400
32030   8400
32040   8400
32050   8400
32060   8400
32070   8400
32080   8400
32090   8400
32100   8400
32110   8400
32120   8400
32130   8400
32140   8400
32150   8400
32160   8400
32170   8400
32180   8400
32190   8400
32200   8400
32210   8400
32220   8400
32230   8400
32240   8400
32250   8400
32260   8400
32270   8400
32280   8400
32290   8400
32300   8400
32310   8400
32320   8400
32330   8400
32340   8400
32350   8400
32360   8400
32370   8400
32380   8400
32390   8400
32400   8400
32410   8400
32420   8400
32430   8400
32440   8400
32450   8400
32460   8400
32470   8400
32480   8400
32490   8400
32500   8400
32510   8400
32520   8400
32530   8400
32540   8400
32550   8400
32560   8400
32570   8400
32580   8400
32590   8400
32600   8400
32610   8400
32620   8400
32630   8400
32640   8400
32650   8400
32660   8400
32670   8400
32680   8400
32690   8400
32700   8400
32710   8400
32720   8400
32730   8400
32740   8400
32750   8400
32760   8400
32770   8400
32780   8400
32790   8400
32800   8400
32810   8400
32820   8400
32830   8400
32840   8400
32850   8400
32860   8400
32870   8400
32880   8400
32890   8400
32900   8400
32910   8400
32920   8400
32930   8400
32940   8400
32950   8400
32960   8400
32970   8400
32980   8400
32990   8400
33000   8400
33010   8400
33020   8400
33030   8400
33040   8400
33050   8400
33060   8400
33070   8400
33080   8400
33090   8400
33100   8400
33110   8400
33120   8400
33130   8400
33140   8400
33150   8400
33160   8400
33170   8400
33180   8400
33190   8400
33200   8400
33210   8400
33220   8400
33230   8400
33240   8400
33250   8400
33260   8400
33270   8400
33280   8400
33290   8400
33300   8400
33310   8400
33320   8400
33330   8400
33340   8400
33350   8400
33360   8400
33370   8400
33380   8400
33390   8400
33400   8400
33410   8400
33420   8400
33430   8400
33440   8400
33450   8400
33460   8400
33470   8400
33480   8400
33490   8400
33500   8400
33510   8400
33520   8400
33530   8400
33540   8400
33550   8400
33560   8400
33570   8400
33580   8400
33590   8400
33600   8400
33610   8400
33620   8400
33630   8400
33640   8400
33650   8400
33660   8400
33670   8400
33680   8400
33690   8400
33700   8400
33710   8400
33720   8400
33730   8400
33740   8400
33750   8400
33760   8400
33770   8400
33780   8400
33790   8400
33800   8400
33810   8400
33820   8400
33830   8400
33840   8400
33850   8400
33860   8400
33870   8400
33880   8400
33890   8400
33900   8400
33910   8400
33920   8400
33930   8400
33940   8400
33950   8400
33960   8400
33970   8400
33980   8400
33990   8400
34000   8400
34010   8400
34020   8400
34030   8400
34040   8400
34050   8400
34060   8400
34070   8400
34080   8400
34090   8400
34100   8400
34110   8400
34120   8400
34130   8400
34140   8400
34150   8400
34160   8400
34170   8400
34180   8400
34190   8400
34200   8400
34210   8400
34220   8400
34230   8400
34240   8400
34250   8400
34260   8400
34270   8400
34280   8400
34290   8400
34300   8400
34310   8400
34320   8400
34330   8400
34340   8400
34350   8400
34360   8400
34370   8400
34380   8400
34390   8400
34400   8400
34410   8400
34420   8400
34430   8400
34440   8400
34450   8400
34460   8400
34470   8400
34480   8400
34490   8400
34500   8400
34510   8400
34520   8400
34530   8400
34540   8400
34550   8400
34560   8400
34570   8400
34580   8400
34590   8400
34600   8400
34610   8400
34620   8400
34630   8400
34640   8400
34650   8400
34660   8400
34670   8400
34680   8400
34690   8400
34700   8400
34710   8400
34720   8400
34730   8400
34740   8400
34750   8400
34760   8400
34770   8400
34780   8400
34790   8400
34800   8400
34810   8400
34820   8400
34830   8400
34840   8400
34850   8400
34860   8400
34870   8400
34880   8400
34890   8400
34900   8400
34910   8400
34920   8400
34930   8400
34940   8400
34950   8400
34960   8400
34970   8400
34980   8400
34990   8400
35000   8400
35010   8400
35020   8400
35030   8400
35040   8400
35050   8400
35060   8400
35070   8400
35080   8400
35090   8400
35100   8400
35110   8400
35120   8400
35130   8400
35140   8400
35150   8400
35160   8400
35170   8400
35180   8400
35190   8400
35200   8400
35210   8400
35220   8400
35230   8400
35240   8400
35250   8400
35260   8400
35270   8400
35280   8400
35290   8400
35300   8400
35310   8400
35320   8400
35330   8400
35340   8400
35350   8400
35360   8400
35370   8400
35380   8400
35390   8400
35400   8400
35410   8400
35420   8400
35430   8400
35440   8400
35450   8400
35460   8400
35470   8400
35480   8400
35490   8400
35500   8400
35510   8400
35520   8400
35530   8400
35540   8400
35550   8400
35560   8400
35570   8400
35580   8400
35590   8400
35600   8400
35610   8400
35620   8400
35630   8400
35640   8400
35650   8400
35660   8400
35670   8400
35680   8400
35690   8400
35700   8400
35710   8400
35720   8400
35730   8400
35740   8400
35750   8400
35760   8400
35770   8400
35780   8400
35790   8400
35800   8400
35810   8400
35820   8400
35830   8400
35840   8400
35850   8400
35860   8400
35870   8400
35880   8400
35890   8400
35900   8400
35910   8400
35920   8400
35930   8400
35940   8400
35950   8400
35960   8400
35970   8400
35980   8400
35990   8400
36000   8400
36010   8400
36020   8400
36030   8400
36040   8400
36050   8400
36060   8400
36070   8400
36080   8400
36090   8400
36100   8400
36110   8400
36120   8400
36130   8400
36140   8400
36150   8400
36160   8400
36170   8400
36180   8400
36190   8400
36200   8400
36210   8400
36220   8400
36230   8400
36240   8400
36250   8400
36260   8400
36270   8400
36280   8400
36290   8400
36300   8400
36310   8400
36320   8400
36330   8400
36340   8400
36350   8400
36360   8400
36370   8400
36380   8400
36390   8400
36400   8400
36410   8400
36420   8400
36430   8400
36440   8400
36450   8400
36460   8400
36470   8400
36480   8400
36490   8400
36500   8400
36510   8400
36520   8400
36530   8400
36540   8400
36550   8400
36560   8400
36570   8400
36580   8400
36590   8400
36600   8400
36610   8400
36620   8400
36630   8400
36640   8400
36650   8400
36660   8400
36670   8400
36680   8400
36690   8400
36700   8400
36710   8400
36720   8400
36730   8400
36740   8400
36750   8400
36760   8400
36770   8400
36780   8400
36790   8400
36800   8400
36810   8400
36820   8400
36830   8400
36840   8400
36850   8400
36860   8400
36870   8400
36880   8400
36890   8400
36900   8400
36910   8400
36920   8400
36930   8400
36940   8400
36950   8400
36960   8400
36970   8400
36980   8400
36990   8400
37000   8400
37010   8400
37020   8400
37030   8400
37040   8400
37050   8400
37060   8400
37070   8400
37080   8400
37090   8400
37100   8400
37110   8400
37120   8400
37130   8400
37140   8400
37150   8400
37160   8400
37170   8400
37180   8400
37190   8400
37200   8400
37210   8400
37220   8400
37230   8400
37240   8400
37250   8400
37260   8400
37270   8400
37280   8400
37290   8400
37300   8400
37310   8400
37320   8400
37330   8400
37340   8400
37350   8400
37360   8400
37370   8400
37380   8400
37390   8400
37400   8400
37410   8400
37420   8400
37430   8400
37440   8400
37450   8400
37460   8400
37470   8400
37480   8400
37490   8400
37500   8400
37510   8400
37520   8400
37530   8400
37540   8400
37550   8400
37560   8400
37570   8400
37580   8400
37590   8400
37600   8400
37610   8400
37620   8400
37630   8400
37640   8400
37650   8400
37660   8400
37670   8400
37680   8400
37690   8400
37700   8400
37710   8400
37720   8400
37730   8400
37740   8400
37750   8400
37760   8400
37770   8400
37780   8400
37790   8400
37800   8400
37810   8400
37820   8400
37830   8400
37840   8400
37850   8400
37860   8400
37870   8400
37880   8400
37890   8400
37900   8400
37910   8400
37920   8400
37930   8400
37940   8400
37950   8400
37960   8400
37970   8400
37980   8400
37990   8400
38000   8400
38010   8400
38020   8400
38030   8400
38040   8400
38050   8400
38060   8400
38070   8400
38080   8400
38090   8400
38100   8400
38110   8400
38120   8400
38130   8400
38140   8400
38150   8400
38160   8400
38170   8400
38180   8400
38190   8400
38200   8400
38210   8400
38220   8400
38230   8400
38240   8400
38250   8400
38260   8400
38270   8400
38280   8400
38290   8400
38300   8400
38310   8400
38320   8400
38330   8400
38340   8400
38350   8400
38360   8400
38370   8400
38380   8400
38390   8400
38400   8400
38410   8400
38420   8400
38430   8400
38440   8400
38450   8400
38460   8400
38470   8400
38480   8400
38490   8400
38500   8400
38510   8400
38520   8400
38530   8400
38540   8400
38550   8400
38560   8400
38570   8400
38580   8400
38590   8400
38600   8400
38610   8400
38620   8400
38630   8400
38640   8400
38650   8400
38660   8400
38670   8400
38680   8400
38690   8400
38700   8400
38710   8400
38720   8400
38730   8400
38740   8400
38750   8400
38760   8400
38770   8400
38780   8400
38790   8400
38800   8400
38810   8400
38820   8400
38830   8400
38840   8400
38850   8400
38860   8400
38870   8400
38880   8400
38890   8400
38900   8400
38910   8400
38920   8400
38930   8400
38940   8400
38950   8400
38960   8400
38970   8400
38980   8400
38990   8400
39000   8400
39010   8400
39020   8400
39030   8400
39040   8400
39050   8400
39060   8400
39070   8400
39080   8400
39090   8400
39100   8400
39110   8400
39120   8400
39130   8400
39140   8400
39150   8400
39160   8400
39170   8400
39180   8400
39190   8400
39200   8400
39210   8400
39220   8400
39230   8400
39240   8400
39250   8400
39260   8400
39270   8400
39280   8400
39290   8400
39300   8400
39310   8400
39320   8400
39330   8400
39340   8400
39350   8400
39360   8400
39370   8400
39380   8400
39390   8400
39400   8400
39410   8400
39420   8400
39430   8400
39440   8400
39450   8400
39460   8400
39470   8400
39480   8400
39490   8400
39500   8400
39510   8400
39520   8400
39530   8400
39540   8400
39550   8400
39560   8400
39570   8400
39580   8400
39590   8400
39600   8400
39610   8400
39620   8400
39630   8400
39640   8400
39650   8400
39660   8400
39670   8400
39680   8400
39690   8400
39700   8400
39710   8400
39720   8400
39730   8400
39740   8400
39750   8400
39760   8400
39770   8400
39780   8400
39790   8400
39800   8400
39810   8400
39820   8400
39830   8400
39840   8400
39850   8400
39860   8400
39870   8400
39880   8400
39890   8400
39900   8400
39910   8400
39920   8400
39930   8400
39940   8400
39950   8400
39960   8400
39970   8400
39980   8400
39990   8400
40000   8400
40010   8400
40020   8400
40030   8400
40040   8400
40050   8400
40060   8400
40070   8400
40080   8400
40090   8400
40100   8400
40110   8400
40120   8400
40130   8400
40140   8400
40150   8400
40160   8400
40170   8400
40180   8400
40190   8400
40200   8400
40210   8400
40220   8400
40230   8400
40240   8400
40250   8400
40260   8400
40270   8400
40280   8400
40290   8400
40300   8400
40310   8400
40320   8400
40330   8400
40340   8400
40350   8400
40360   8400
40370   8400
40380   8400
40390   8400
40400   8400
40410   8400
40420   8400
40430   8400
40440   8400
40450   8400
40460   8400
40470   8400
40480   8400
40490   8400
40500   8400
40510   8400
40520   8400
40530   8400
40540   8400
40550   8400
40560   8400
40570   8400
40580   8400
40590   8400
40600   8400
40610   8400
40620   8400
40630   8400
40640   8400
40650   8400
40660   8400
40670   8400
40680   8400
40690   8400
40700   8400
40710   8400
40720   8400
40730   8400
40740   8400
40750   8400
40760   8400
40770   8400
40780   8400
40790   8400
40800   8400
40810   8400
40820   8400
40830   8400
40840   8400
40850   8400
40860   8400
40870   8400
40880   8400
40890   8400
40900   8400
40910   8400
40920   8400
40930   8400
40940   8400
40950   8400
40960   8400
40970   8400
40980   8400
40990   8400
41000   8400
41010   8400
41020   8400
41030   8400
41040   8400
41050   8400
41060   8400
41070   8400
41080   8400
41090   8400
41100   8400
41110   8400
41120   8400
41130   8400
41140   8400
41150   8400
41160   8400
41170   8400
41180   8400
41190   8400
41200   8400
41210   8400
41220   8400
41230   8400
41240   8400
41250   8400
41260   8400
41270   8400
41280   8400
41290   8400
41300   8400
41310   8400
41320   8400
41330   8400
41340   8400
41350   8400
41360   8400
41370   8400
41380   8400
41390   8400
41400   8400
41410   8400
41420   8400
41430   8400
41440   8400
41450   8400
41460   8400
41470   8400
41480   8400
41490   8400
41500   8400
41510   8400
41520   8400
41530   8400
41540   8400
41550   8400
41560   8400
41570   8400
41580   8400
41590   8400
41600   8400
41610   8400
41620   8400
41630   8400
41640   8400
41650   8400
41660   8400
41670   8400
41680   8400
41690   8400
41700   8400
41710   8400
41720   8400
41730   8400
41740   8400
41750   8400
41760   8400
41770   8400
41780   8400
41790   8400
41800   8400
41810   8400
41820   8400
41830   8400
41840   8400
41850   8400
41860   8400
41870   8400
41880   8400
41890   8400
41900   8400
41910   8400
41920   8400
41930   8400
41940   8400
41950   8400
41960   8400
41970   8400
41980   8400
41990   8400
42000   8400
42010   8400
42020   8400
42030   8400
42040   8400
42050   8400
42060   8400
42070   8400
42080   8400
42090   8400
42100   8400
42110   8400
42120   8400
42130   8400
42140   8400
42150   8400
42160   8400
42170   8400
42180   8400
42190   8400
42200   8400
42210   8400
42220   8400
42230   8400
42240   8400
42250   8400
42260   8400
42270   8400
42280   8400
42290   8400
42300   8400
42310   8400
42320   8400
42330   8400
42340   8400
42350   8400
42360   8400
42370   8400
42380   8400
42390   8400
42400   8400
42410   8400
42420   8400
42430   8400
42440   8400
42450   8400
42460   8400
42470   8400
42480   8400
42490   8400
42500   8400
42510   8400
42520   8400
42530   8400
42540   8400
42550   8400
42560   8400
42570   8400
42580   8400
42590   8400
42600   8400
42610   8400
42620   8400
42630   8400
42640   8400
42650   8400
42660   8400
42670   8400
42680   8400
42690   8400
42700   8400
42710   8400
42720   8400
42730   8400
42740   8400
42750   8400
42760   8400
42770   8400
42780   8400
42790   8400
42800   8400
42810   8400
42820   8400
42830   8400
42840   8400
42850   8400
42860   8400
42870   8400
42880   8400
42890   8400
42900   8400
42910   8400
42920   8400
42930   8400
42940   8400
42950   8400
42960   8400
42970   8400
42980   8400
42990   8400
43000   8400
43010   8400
43020   8400
43030   8400
43040   8400
43050   8400
43060   8400
43070   8400
43080   8400
43090   8400
43100   8400
43110   8400
43120   8400
43130   8400
43140   8400
43150   8400
43160   8400
43170   8400
43180   8400
43190   8400
43200   8400
43210   8400
43220   8400
43230   8400
43240   8400
43250   8400
43260   8400
43270   8400
43280   8400
43290   8400
43300   8400
43310   8400
43320   8400
43330   8400
43340   8400
43350   8400
43360   8400
43370   8400
43380   8400
43390   8400
43400   8400
43410   8400
43420   8400
43430   8400
43440   8400
43450   8400
43460   8400
43470   8400
43480   8400
43490   8400
43500   8400
43510   8400
43520   8400
43530   8400
43540   8400
43550   8400
43560   8400
43570   8400
43580   8400
43590   8400
43600   8400
43610   8400
43620   8400
43630   8400
43640   8400
43650   8400
43660   8400
43670   8400
43680   8400
43690   8400
43700   8400
43710   8400
43720   8400
43730   8400
43740   8400
43750   8400
43760   8400
43770   8400
43780   8400
43790   8400
43800   8400
43810   8400
43820   8400
43830   8400
43840   8400
43850   8400
43860   8400
43870   8400
43880   8400
43890   8400
43900   8400
43910   8400
43920   8400
43930   8400
43940   8400
43950   8400
43960   8400
43970   8400
43980   8400
43990   8400
44000   8400
44010   8400
44020   8400
44030   8400
44040   8400
44050   8400
44060   8400
44070   8400
44080   8400
44090   8400
44100   8400
44110   8400
44120   8400
44130   8400
44140   8400
44150   8400
44160   8400
44170   8400
44180   8400
44190   8400
44200   8400
44210   8400
44220   8400
44230   8400
44240   8400
44250   8400
44260   8400
44270   8400
44280   8400
44290   8400
44300   8400
44310   8400
44320   8400
44330   8400
44340   8400
44350   8400
44360   8400
44370   8400
44380   8400
44390   8400
44400   8400
44410   8400
44420   8400
44430   8400
44440   8400
44450   8400
44460   8400
44470   8400
44480   8400
44490   8400
44500   8400
44510   8400
44520   8400
44530   8400
44540   8400
44550   8400
44560   8400
44570   8400
44580   8400
44590   8400
44600   8400
44610   8400
44620   8400
44630   8400
44640   8400
44650   8400
44660   8400
44670   8400
44680   8400
44690   8400
44700   8400
44710   8400
44720   8400
44730   8400
44740   8400
44750   8400
44760   8400
44770   8400
44780   8400
44790   8400
44800   8400
44810   8400
44820   8400
44830   8400
44840   8400
44850   8400
44860   8400
44870   8400
44880   8400
44890   8400
44900   8400
44910   8400
44920   8400
44930   8400
44940   8400
44950   8400
44960   8400
44970   8400
44980   8400
44990   8400
45000   8400
45010   8400
45020   8400
45030   8400
45040   8400
45050   8400
45060   8400
45070   8400
45080   8400
45090   8400
45100   8400
45110   8400
45120   8400
45130   8400
45140   8400
45150   8400
45160   8400
45170   8400
45180   8400
45190   8400
45200   8400
45210   8400
45220   8400
45230   8400
45240   8400
45250   8400
45260   8400
45270   8400
45280   8400
45290   8400
45300   8400
45310   8400
45320   8400
45330   8400
45340   8400
45350   8400
45360   8400
45370   8400
45380   8400
45390   8400
45400   8400
45410   8400
45420   8400
45430   8400
45440   8400
45450   8400
45460   8400
45470   8400
45480   8400
45490   8400
45500   8400
45510   8400
45520   8400
45530   8400
45540   8400
45550   8400
45560   8400
45570   8400
45580   8400
45590   8400
45600   8400
45610   8400
45620   8400
45630   8400
45640   8400
45650   8400
45660   8400
45670   8400
45680   8400
45690   8400
45700   8400
45710   8400
45720   8400
45730   8400
45740   8400
45750   8400
45760   8400
45770   8400
45780   8400
45790   8400
45800   8400
45810   8400
45820   8400
45830   8400
45840   8400
45850   8400
45860   8400
45870   8400
45880   8400
45890   8400
45900   8400
45910   8400
45920   8400
45930   8400
45940   8400
45950   8400
45960   8400
45970   8400
45980   8400
45990   8400
46000   8400
46010   8400
46020   8400
46030   8400
46040   8400
46050   8400
46060   8400
46070   8400
46080   8400
46090   8400
46100   8400
46110   8400
46120   8400
46130   8400
46140   8400
46150   8400
46160   8400
46170   8400
46180   8400
46190   8400
46200   8400
46210   8400
46220   8400
46230   8400
46240   8400
46250   8400
46260   8400
46270   8400
46280   8400
46290   8400
46300   8400
46310   8400
46320   8400
46330   8400
46340   8400
46350   8400
46360   8400
46370   8400
46380   8400
46390   8400
46400   8400
46410   8400
46420   8400
46430   8400
46440   8400
46450   8400
46460   8400
46470   8400
46480   8400
46490   8400
46500   8400
46510   8400
46520   8400
46530   8400
46540   8400
46550   8400
46560   8400
46570   8400
46580   8400
46590   8400
46600   8400
46610   8400
46620   8400
46630   8400
46640   8400
46650   8400
46660   8400
46670   8400
46680   8400
46690   8400
46700   8400
46710   8400
46720   8400
46730   8400
46740   8400
46750   8400
46760   8400
46770   8400
46780   8400
46790   8400
46800   8400
46810   8400
46820   8400
46830   8400
46840   8400
46850   8400
46860   8400
46870   8400
46880   8400
46890   8400
46900   8400
46910   8400
46920   8400
46930   8400
46940   8400
46950   8400
46960   8400
46970   8400
46980   8400
46990   8400
47000   8400
47010   8400
47020   8400
47030   8400
47040   8400
47050   8400
47060   8400
47070   8400
47080   8400
47090   8400
47100   8400
47110   8400
47120   8400
47130   8400
47140   8400
47150   8400
47160   8400
47170   8400
47180   8320
47190   8320
47200   8320
47210   8320
47220   8320
47230   8320
47240   8320
47250   8320
47260   8320
47270   8320
47280   8320
47290   8320
47300   8320
47310   8320
47320   8320
47330   8320
47340   8320
47350   8320
47360   8320
47370   8320
47380   8320
47390   8320
47400   8320
47410   8320
47420   8320
47430   8320
47440   8320
47450   8320
47460   8320
47470   8320
47480   8320
47490   8320
47500   8320
47510   8320
47520   8320
47530   8320
47540   8320
47550   8320
47560   8320
47570   8320
47580   8320
47590   8320
47600   8320
47610   8320
47620   8320
47630   8320
47640   8320
47650   8320
47660   8320
47670   8320
47680   8320
47690   8320
47700   8320
47710   8320
47720   8320
47730   8320
47740   8320
47750   8320
47760   8320
47770   8320
47780   8320
47790   8320
47800   8320
47810   8320
47820   8320
47830   8320
47840   8320
47850   8320
47860   8320
47870   8320
47880   8320
47890   8320
47900   8320
47910   8320
47920   8320
47930   8320
47940   8320
47950   8320
47960   8320
47970   8320
47980   8320
47990   8320
48000   8320
48010   8320
48020   8320
48030   8320
48040   8320
48050   8320
48060   8320
48070   8320
48080   8320
48090   8320
48100   8320
48110   8320
48120   8320
48130   8320
48140   8320
48150   8320
48160   8320
48170   8320
48180   8320
48190   8320
48200   8320
48210   8320
48220   8320
48230   8320
48240   8320
48250   8320
48260   8320
48270   8320
48280   8320
48290   8320
48300   8320
48310   8320
48320   8320
48330   8320
48340   8320
48350   8320
48360   8320
48370   8320
48380   8320
48390   8320
48400   8320
48410   8320
48420   8320
48430   8320
48440   8320
48450   8320
48460   8320
48470   8320
48480   8320
48490   8320
48500   8320
48510   8320
48520   8320
48530   8320
48540   8320
48550   8320
48560   8320
48570   8320
48580   8320
48590   8320
48600   8320
48610   8320
48620   8320
48630   8320
48640   8320
48650   8320
48660   8320
48670   8320
48680   8320
48690   8320
48700   8320
48710   8320
48720   8320
48730   8320
48740   8320
48750   8320
48760   8320
48770   8320
48780   8320
48790   8320
48800   8320
48810   8320
48820   8320
48830   8320
48840   8320
48850   8320
48860   8320
48870   8320
48880   8320
48890   8320
48900   8320
48910   8320
48920   8320
48930   8320
48940   8320
48950   8320
48960   8320
48970   8320
48980   8320
48990   8320
49000   8320
49010   8320
49020   8320
49030   8320
49040   8320
49050   8320
49060   8320
49070   8320
49080   8320
49090   8320
49100   8320
49110   8320
49120   8320
49130   8320
49140   8320
49150   8320
49160   8320
49170   8320
49180   8320
49190   8320
49200   8320
49210   8320
49220   8320
49230   8320
49240   8320
49250   8320
49260   8320
49270   8320
49280   8320
49290   8320
49300   8320
49310   8320
49320   8320
49330   8320
49340   8320
49350   8320
49360   8320
49370   8320
49380   8320
49390   8320
49400   8320
49410   8320
49420   8320
49430   8320
49440   8320
49450   8320
49460   8320
49470   8320
49480   8320
49490   8320
49500   8320
49510   8320
49520   8320
49530   8320
49540   8320
49550   8320
49560   8320
49570   8320
49580   8320
49590   8320
49600   8320
49610   8320
49620   8320
49630   8320
49640   8320
49650   8320
49660   8320
49670   8320
49680   8320
49690   8320
49700   8320
49710   8320
49720   8320
49730   8320
49740   8320
49750   8320
49760   8320
49770   8320
49780   8320
49790   8320
49800   8320
49810   8320
49820   8320
49830   8320
49840   8320
49850   8320
49860   8320
49870   8320
49880   8320
49890   8320
49900   8320
49910   8320
49920   8320
49930   8320
49940   8320
49950   8320
49960   8320
49970   8320
49980   8320
49990   8320
50000   8320
50010   8320
50020   8320
50030   8320
50040   8320
50050   8320
50060   8320
50070   8320
50080   8320
50090   8320
50100   8320
50110   8320
50120   8320
50130   8320
50140   8320
50150   8320
50160   8320
50170   8320
50180   8320
50190   8320
50200   8320
50210   8320
50220   8320
50230   8320
50240   8320
50250   8320
50260   8320
50270   8320
50280   8320
50290   8320
50300   8320
50310   8320
50320   8320
50330   8320
50340   8320
50350   8320
50360   8320
50370   8320
50380   8320
50390   8320
50400   8320
50410   8320
50420   8320
50430   8320
50440   8320
50450   8320
50460   8320
50470   8320
50480   8320
50490   8320
50500   8320
50510   8320
50520   8320
50530   8320
50540   8320
50550   8320
50560   8320
50570   8320
50580   8320
50590   8320
50600   8320
50610   8320
50620   8320
50630   8320
50640   8320
50650   8320
50660   8320
50670   8320
50680   8320
50690   8320
50700   8320
50710   8320
50720   8320
50730   8320
50740   8320
50750   8320
50760   8320
50770   8320
50780   8320
50790   8320
50800   8320
50810   8320
50820   8320
50830   8320
50840   8320
50850   8320
50860   8320
50870   8320
50880   8320
50890   8320
50900   8320
50910   8320
50920   8320
50930   8320
50940   8320
50950   8320
50960   8320
50970   8320
50980   8320
50990   8320
51000   8320
51010   8320
51020   8320
51030   8320
51040   8320
51050   8320
51060   8320
51070   8320
51080   8320
51090   8320
