10   70294
20   70294
30   69754
40   69754
50   69754
60   69754
70   69754
80   69754
90   69754
100   69754
110   69754
120   69754
130   69754
140   69754
150   69754
160   69754
170   69754
180   69754
190   69754
200   69754
210   69754
220   69754
230   69754
240   69754
250   69754
260   69754
270   69754
280   69754
290   69754
300   69754
310   69754
320   69754
330   69754
340   69754
350   69754
360   69754
370   69754
380   69754
390   69754
400   69754
410   69754
420   69754
430   69754
440   69754
450   69754
460   69754
470   69754
480   69754
490   69754
500   69754
510   69754
520   69754
530   69754
540   69754
550   69754
560   69754
570   69754
580   69754
590   69754
600   69754
610   69706
620   69706
630   69706
640   69706
650   69706
660   69648
670   69648
680   69648
690   69648
700   69648
710   69648
720   69648
730   69648
740   69648
750   69648
760   69648
770   69648
780   69648
790   69648
800   69648
810   69648
820   69648
830   69648
840   69648
850   69648
860   69648
870   69648
880   69648
890   69648
900   69648
910   69648
920   69648
930   69648
940   69648
950   69648
960   69648
970   69648
980   69648
990   69648
1000   69648
1010   69648
1020   69648
1030   69648
1040   69648
1050   69648
1060   69648
1070   69648
1080   69648
1090   69648
1100   69648
1110   69648
1120   69648
1130   69648
1140   69648
1150   69648
1160   69648
1170   69648
1180   69648
1190   69648
1200   69648
1210   69648
1220   69648
1230   69648
1240   69648
1250   69648
1260   69648
1270   69648
1280   69648
1290   69648
1300   69648
1310   69648
1320   69648
1330   69648
1340   69648
1350   69648
1360   69648
1370   69648
1380   69494
1390   69494
1400   69494
1410   69494
1420   69494
1430   69494
1440   69494
1450   69494
1460   69494
1470   69494
1480   69494
1490   69494
1500   69494
1510   69494
1520   69494
1530   69494
1540   69494
1550   69494
1560   69494
1570   69494
1580   69494
1590   69494
1600   69494
1610   69494
1620   69494
1630   69494
1640   69494
1650   69494
1660   69494
1670   69494
1680   69494
1690   69494
1700   69494
1710   69494
1720   69494
1730   69494
1740   69494
1750   69494
1760   69494
1770   69494
1780   69494
1790   69494
1800   69494
1810   69494
1820   69494
1830   69494
1840   69494
1850   69494
1860   69494
1870   69494
1880   69494
1890   69494
1900   69494
1910   69494
1920   69494
1930   69494
1940   69494
1950   69494
1960   69494
1970   69494
1980   69494
1990   69494
2000   69494
2010   69494
2020   69494
2030   69494
2040   69494
2050   69494
2060   69494
2070   69494
2080   69494
2090   69494
2100   69494
2110   69494
2120   69494
2130   69494
2140   69494
2150   69494
2160   69494
2170   69494
2180   69494
2190   69494
2200   69494
2210   69494
2220   69494
2230   69494
2240   69494
2250   69494
2260   69494
2270   69494
2280   69494
2290   69494
2300   69494
2310   69494
2320   69494
2330   69494
2340   69494
2350   69494
2360   69494
2370   69494
2380   69494
2390   69494
2400   69494
2410   69494
2420   69494
2430   69494
2440   69442
2450   69442
2460   69442
2470   69442
2480   69442
2490   69442
2500   69442
2510   69442
2520   69442
2530   69442
2540   69442
2550   69442
2560   69442
2570   69442
2580   69442
2590   69442
2600   69442
2610   69442
2620   69442
2630   69442
2640   69442
2650   69442
2660   69442
2670   69442
2680   69442
2690   69442
2700   69442
2710   69442
2720   69442
2730   69442
2740   69442
2750   69442
2760   69442
2770   69442
2780   69442
2790   69442
2800   69442
2810   69442
2820   69442
2830   69442
2840   69442
2850   69442
2860   69442
2870   69442
2880   69442
2890   69442
2900   69442
2910   69442
2920   69442
2930   69442
2940   69442
2950   69442
2960   69442
2970   69442
2980   69442
2990   69442
3000   69442
3010   69442
3020   69442
3030   69442
3040   69442
3050   69442
3060   69442
3070   69442
3080   69442
3090   69442
3100   69442
3110   69442
3120   69442
3130   69442
3140   69442
3150   69442
3160   69442
3170   69442
3180   69442
3190   69442
3200   69442
3210   69442
3220   69442
3230   69442
3240   69442
3250   69442
3260   69442
3270   69442
3280   69442
3290   69442
3300   69442
3310   69442
3320   69442
3330   69442
3340   69442
3350   69442
3360   69442
3370   69442
3380   69442
3390   69442
3400   69442
3410   69442
3420   69442
3430   69442
3440   69442
3450   69442
3460   69442
3470   69442
3480   69442
3490   69442
3500   69442
3510   69442
3520   69442
3530   69442
3540   69442
3550   69442
3560   69442
3570   69442
3580   69442
3590   69442
3600   69442
3610   69442
3620   69442
3630   69442
3640   69442
3650   69442
3660   69442
3670   69442
3680   69442
3690   69442
3700   69442
3710   69442
3720   69442
3730   69442
3740   69442
3750   69442
3760   69442
3770   69442
3780   69442
3790   69442
3800   69442
3810   69442
3820   69442
3830   69442
3840   69442
3850   69442
3860   69442
3870   69442
3880   69442
3890   69442
3900   69442
3910   69442
3920   69442
3930   69442
3940   69442
3950   69442
3960   69442
3970   69442
3980   69442
3990   69442
4000   69442
4010   69442
4020   69442
4030   69442
4040   69442
4050   69442
4060   69442
4070   69442
4080   69442
4090   69442
4100   69442
4110   69442
4120   69442
4130   69442
4140   69442
4150   69442
4160   69442
4170   69442
4180   69442
4190   69442
4200   69442
4210   69442
4220   69442
4230   69442
4240   69442
4250   69442
4260   69442
4270   69442
4280   69442
4290   69442
4300   69442
4310   69442
4320   69442
4330   69442
4340   69442
4350   69442
4360   69442
4370   69442
4380   69442
4390   69442
4400   69442
4410   69442
4420   69442
4430   69442
4440   69442
4450   69442
4460   69442
4470   69442
4480   69442
4490   69442
4500   69442
4510   69442
4520   69442
4530   69442
4540   69442
4550   69442
4560   69442
4570   69442
4580   69442
4590   69442
4600   69442
4610   69442
4620   69442
4630   69442
4640   69442
4650   69442
4660   69442
4670   69442
4680   69442
4690   69442
4700   69442
4710   69442
4720   69442
4730   69442
4740   69442
4750   69442
4760   69442
4770   69442
4780   69442
4790   69442
4800   69442
4810   69442
4820   69442
4830   69442
4840   69442
4850   69442
4860   69442
4870   69442
4880   69442
4890   69442
4900   69442
4910   69442
4920   69442
4930   69442
4940   69442
4950   69442
4960   69442
4970   69442
4980   69442
4990   69442
5000   69442
5010   69442
5020   69442
5030   69442
5040   69442
5050   69442
5060   69442
5070   69442
5080   69442
5090   69442
5100   69442
5110   69442
5120   69442
5130   69442
5140   69442
5150   69442
5160   69442
5170   69442
5180   69442
5190   69442
5200   69442
5210   69442
5220   69442
5230   69442
5240   69442
5250   69442
5260   69442
5270   69442
5280   69442
5290   69442
5300   69442
5310   69442
5320   69442
5330   69442
5340   69442
5350   69442
5360   69442
5370   69442
5380   69442
5390   69442
5400   69442
5410   69442
5420   69442
5430   69442
5440   69442
5450   69442
5460   69442
5470   69442
5480   69442
5490   69442
5500   69442
5510   69442
5520   69442
5530   69442
5540   69442
5550   69442
5560   69442
5570   69442
5580   69442
5590   69442
5600   69442
5610   69442
5620   69442
5630   69442
5640   69442
5650   69442
5660   69442
5670   69442
5680   69442
5690   69442
5700   69442
5710   69442
5720   69442
5730   69442
5740   69442
5750   69442
5760   69442
5770   69442
5780   69442
5790   69442
5800   69442
5810   69442
5820   69442
5830   69442
5840   69442
5850   69442
5860   69442
5870   69442
5880   69442
5890   69442
5900   69442
5910   69442
5920   69442
5930   69442
5940   69442
5950   69442
5960   69442
5970   69442
5980   69442
5990   69442
6000   69442
6010   69442
6020   69442
6030   69442
6040   69442
6050   69442
6060   69442
6070   69442
6080   69442
6090   69442
6100   69442
6110   69442
6120   69442
6130   69442
6140   69442
6150   69442
6160   69442
6170   69442
6180   69442
6190   69442
6200   69442
6210   69442
6220   69442
6230   69442
6240   69442
6250   69442
6260   69442
6270   69442
6280   69442
6290   69442
6300   69442
6310   69442
6320   69442
6330   69442
6340   69442
6350   69442
6360   69442
6370   69442
6380   69442
6390   69442
6400   69442
6410   69442
6420   69442
6430   69442
6440   69442
6450   69442
6460   69442
6470   69442
6480   69442
6490   69442
6500   69442
6510   69442
6520   69442
6530   69442
6540   69442
6550   69442
6560   69442
6570   69442
6580   69442
6590   69442
6600   69442
6610   69442
6620   69442
6630   69442
6640   69442
6650   69442
6660   69442
6670   69442
6680   69442
6690   69442
6700   69442
6710   69442
6720   69442
6730   69442
6740   69442
6750   69442
6760   69442
6770   69442
6780   69442
6790   69442
6800   69442
6810   69442
6820   69442
6830   69442
6840   69442
6850   69442
6860   69442
6870   69442
6880   69442
6890   69442
6900   69442
6910   69442
6920   69442
6930   69442
6940   69442
6950   69442
6960   69442
6970   69442
6980   69442
6990   69442
7000   69442
7010   69442
7020   69442
7030   69400
7040   69400
7050   69400
7060   69400
7070   69400
7080   69400
7090   69400
7100   69400
7110   69400
7120   69400
7130   69400
7140   69400
7150   69400
7160   69400
7170   69400
7180   69400
7190   69400
7200   69400
7210   69400
7220   69400
7230   69400
7240   69400
7250   69400
7260   69400
7270   69400
7280   69400
7290   69400
7300   69400
7310   69400
7320   69400
7330   69400
7340   69400
7350   69400
7360   69400
7370   69400
7380   69400
7390   69400
7400   69400
7410   69400
7420   69400
7430   69400
7440   69400
7450   69400
7460   69400
7470   69400
7480   69400
7490   69400
7500   69400
7510   69400
7520   69400
7530   69400
7540   69400
7550   69400
7560   69400
7570   69400
7580   69400
7590   69400
7600   69400
7610   69400
7620   69400
7630   69400
7640   69400
7650   69400
7660   69400
7670   69400
7680   69400
7690   69400
7700   69400
7710   69400
7720   69400
7730   69400
7740   69400
7750   69400
7760   69400
7770   69400
7780   69400
7790   69400
7800   69400
7810   69400
7820   69400
7830   69400
7840   69400
7850   69400
7860   69400
7870   69400
7880   69400
7890   69400
7900   69400
7910   69400
7920   69400
7930   69400
7940   69400
7950   69400
7960   69400
7970   69400
7980   69400
7990   69400
8000   69400
8010   69400
8020   69400
8030   69400
8040   69400
8050   69400
8060   69400
8070   69400
8080   69400
8090   69400
8100   69400
8110   69400
8120   69400
8130   69400
8140   69400
8150   69400
8160   69400
8170   69400
8180   69400
8190   69400
8200   69400
8210   69400
8220   69400
8230   69400
8240   69400
8250   69400
8260   69400
8270   69400
8280   69400
8290   69400
8300   69400
8310   69400
8320   69400
8330   69400
8340   69400
8350   69400
8360   69400
8370   69400
8380   69400
8390   69400
8400   69400
8410   69400
8420   69400
8430   69400
8440   69400
8450   69400
8460   69400
8470   69400
8480   69400
8490   69400
8500   69400
8510   69400
8520   69400
8530   69400
8540   69400
8550   69400
8560   69400
8570   69400
8580   69400
8590   69400
8600   69400
8610   69400
8620   69400
8630   69400
8640   69400
8650   69400
8660   69400
8670   69400
8680   69400
8690   69400
8700   69400
8710   69400
8720   69400
8730   69400
8740   69400
8750   69400
8760   69400
8770   69400
8780   69400
8790   69400
8800   69400
8810   69400
8820   69400
8830   69400
8840   69400
8850   69400
8860   69400
8870   69400
8880   69400
8890   69400
8900   69400
8910   69400
8920   69400
8930   69400
8940   69400
8950   69400
8960   69400
8970   69400
8980   69400
8990   69400
9000   69400
9010   69400
9020   69400
9030   69400
9040   69400
9050   69400
9060   69400
9070   69400
9080   69400
9090   69400
9100   69400
9110   69400
9120   69400
9130   69400
9140   69400
9150   69400
9160   69400
9170   69400
9180   69400
9190   69400
9200   69400
9210   69400
9220   69400
9230   69400
9240   69400
9250   69400
9260   69400
9270   69400
9280   69400
9290   69400
9300   69400
9310   69400
9320   69400
9330   69400
9340   69400
9350   69400
9360   69400
9370   69400
9380   69400
9390   69400
9400   69400
9410   69400
9420   69400
9430   69400
9440   69400
9450   69400
9460   69400
9470   69400
9480   69400
9490   69400
9500   69400
9510   69400
9520   69400
9530   69400
9540   69400
9550   69400
9560   69400
9570   69400
9580   69400
9590   69400
9600   69400
9610   69400
9620   69400
9630   69400
9640   69400
9650   69400
9660   69400
9670   69400
9680   69400
9690   69400
9700   69400
9710   69400
9720   69400
9730   69400
9740   69400
9750   69400
9760   69400
9770   69400
9780   69400
9790   69400
9800   69400
9810   69400
9820   69400
9830   69400
9840   69400
9850   69400
9860   69400
9870   69400
9880   69400
9890   69400
9900   69400
9910   69400
9920   69400
9930   69400
9940   69400
9950   69400
9960   69400
9970   69400
9980   69400
9990   69400
10000   69400
10010   69400
10020   69400
10030   69400
10040   69400
10050   69400
10060   69400
10070   69400
10080   69400
10090   69400
10100   69400
10110   69400
10120   69400
10130   69400
10140   69400
10150   69400
10160   69400
10170   69400
10180   69400
10190   69400
10200   69400
10210   69400
10220   69400
10230   69400
10240   69400
10250   69400
10260   69400
10270   69400
10280   69400
10290   69400
10300   69400
10310   69400
10320   69400
10330   69400
10340   69400
10350   69400
10360   69400
10370   69400
10380   69400
10390   69400
10400   69400
10410   69400
10420   69400
10430   69400
10440   69400
10450   69400
10460   69400
10470   69400
10480   69400
10490   69400
10500   69400
10510   69400
10520   69400
10530   69400
10540   69400
10550   69400
10560   69400
10570   69400
10580   69400
10590   69400
10600   69400
10610   69400
10620   69400
10630   69400
10640   69400
10650   69400
10660   69400
10670   69400
10680   69400
10690   69400
10700   69400
10710   69400
10720   69400
10730   69400
10740   69400
10750   69400
10760   69400
10770   69400
10780   69400
10790   69400
10800   69400
10810   69400
10820   69400
10830   69400
10840   69400
10850   69400
10860   69400
10870   69400
10880   69400
10890   69400
10900   69400
10910   69400
10920   69400
10930   69400
10940   69400
10950   69400
10960   69400
10970   69400
10980   69400
10990   69400
11000   69400
11010   69400
11020   69400
11030   69400
11040   69400
11050   69400
11060   69400
11070   69400
11080   69400
11090   69400
11100   69400
11110   69400
11120   69400
11130   69400
11140   69400
11150   69400
11160   69400
11170   69400
11180   69400
11190   69400
11200   69400
11210   69400
11220   69400
11230   69400
11240   69400
11250   69400
11260   69400
11270   69400
11280   69400
11290   69400
11300   69400
11310   69400
11320   69112
11330   69112
11340   69112
11350   69112
11360   69112
11370   69112
11380   69112
11390   69112
11400   69112
11410   69112
11420   69112
11430   69112
11440   69112
11450   69112
11460   69112
11470   69112
11480   69112
11490   69112
11500   69112
11510   69112
11520   69112
11530   69112
11540   69112
11550   69112
11560   69112
11570   69112
11580   69112
11590   69112
11600   69112
11610   69112
11620   69112
11630   69112
11640   69112
11650   69112
11660   69112
11670   69112
11680   69112
11690   69112
11700   69112
11710   69112
11720   69112
11730   69112
11740   69112
11750   69112
11760   69112
11770   69112
11780   69112
11790   69112
11800   69112
11810   69112
11820   69112
11830   69112
11840   69112
11850   69112
11860   69112
11870   69112
11880   69112
11890   69112
11900   69112
11910   69112
11920   69112
11930   69112
11940   69112
11950   69112
11960   69112
11970   69112
11980   69112
11990   69112
12000   69112
12010   69112
12020   69112
12030   69112
12040   69112
12050   69112
12060   69112
12070   69112
12080   69112
12090   69112
12100   69112
12110   69112
12120   69112
12130   69112
12140   69112
12150   69112
12160   69112
12170   69112
12180   69112
12190   69112
12200   69112
12210   69112
12220   69112
12230   69112
12240   69112
12250   69112
12260   69112
12270   69112
12280   69112
12290   69112
12300   69112
12310   69112
12320   69112
12330   69112
12340   69112
12350   69112
12360   69112
12370   69112
12380   69112
12390   69112
12400   69112
12410   69112
12420   69112
12430   69112
12440   69112
12450   69112
12460   69112
12470   69112
12480   69112
12490   69112
12500   69112
12510   69112
12520   69112
12530   69112
12540   69112
12550   69112
12560   69112
12570   69112
12580   69112
12590   69112
12600   69112
12610   69112
12620   69112
12630   69112
12640   69112
12650   69112
12660   69112
12670   69112
12680   69112
12690   69112
12700   69112
12710   69112
12720   69112
12730   69112
12740   69112
12750   69112
12760   69112
12770   69112
12780   69112
12790   69112
12800   69112
12810   69112
12820   69112
12830   69112
12840   69112
12850   69112
12860   69112
12870   69112
12880   69112
12890   69112
12900   69112
12910   69112
12920   69112
12930   69112
12940   69112
12950   69112
12960   69112
12970   69112
12980   69112
12990   69112
13000   69112
13010   69112
13020   69112
13030   69112
13040   69112
13050   69112
13060   69112
13070   69112
13080   69112
13090   69112
13100   69112
13110   69112
13120   69112
13130   69112
13140   69112
13150   69112
13160   69112
13170   69112
13180   69112
13190   69112
13200   69112
13210   69112
13220   69112
13230   69112
13240   69112
13250   69112
13260   69112
13270   69112
13280   69112
13290   69112
13300   69112
13310   69112
13320   69112
13330   69112
13340   69112
13350   69112
13360   69112
13370   69112
13380   69112
13390   69112
13400   69112
13410   69112
13420   69112
13430   69112
13440   69112
13450   69112
13460   69112
13470   69112
13480   69112
13490   69112
13500   69112
13510   69112
13520   69112
13530   69112
13540   69112
13550   69112
13560   69112
13570   69112
13580   69112
13590   69112
13600   69112
13610   69112
13620   69112
13630   69112
13640   69112
13650   69112
13660   69112
13670   69112
13680   69112
13690   69112
13700   69112
13710   69112
13720   69112
13730   69112
13740   69112
13750   69112
13760   69112
13770   69112
13780   69112
13790   69112
13800   69112
13810   69112
13820   69112
13830   69112
13840   69112
13850   69112
13860   69112
13870   69112
13880   69112
13890   69112
13900   69112
13910   69112
13920   69112
13930   69112
13940   69112
13950   69112
13960   69112
13970   69112
13980   69112
13990   69112
14000   69112
14010   69112
14020   69112
14030   69112
14040   69112
14050   69112
14060   69112
14070   69112
14080   69112
14090   69112
14100   69112
14110   69112
14120   69112
14130   69112
14140   69112
14150   69112
14160   69112
14170   69112
14180   69112
14190   69112
14200   69112
14210   69112
14220   69112
14230   69112
14240   69112
14250   69112
14260   69112
14270   69112
14280   69112
14290   69112
14300   69112
14310   69112
14320   69112
14330   69112
14340   69112
14350   69112
14360   69112
14370   69112
14380   69112
14390   69112
14400   69112
14410   69112
14420   69112
14430   69112
14440   69112
14450   69112
14460   69112
14470   69112
14480   69112
14490   69112
14500   69112
14510   69112
14520   69112
14530   69112
14540   69112
14550   69112
14560   69112
14570   69112
14580   69112
14590   69112
14600   69112
14610   69112
14620   69112
14630   69112
14640   69112
14650   69112
14660   69112
14670   69112
14680   69112
14690   69112
14700   69112
14710   69112
14720   69112
14730   69112
14740   69112
14750   69112
14760   69112
14770   69112
14780   69112
14790   69112
14800   69112
14810   69112
14820   69112
14830   69112
14840   69112
14850   69112
14860   69112
14870   69112
14880   69112
14890   69112
14900   69112
14910   69112
14920   69112
14930   69112
14940   69112
14950   69112
14960   69112
14970   69112
14980   69112
14990   69112
15000   69112
15010   69112
15020   69112
15030   69112
15040   69112
15050   69112
15060   69112
15070   69112
15080   69112
15090   69112
15100   69112
15110   69112
15120   69112
15130   69112
15140   69112
15150   69112
15160   69112
15170   69112
15180   69112
15190   69112
15200   69112
15210   69112
15220   69112
15230   69112
15240   69112
15250   69112
15260   69112
15270   69112
15280   69112
15290   69112
15300   69112
15310   69112
15320   69112
15330   69112
15340   69112
15350   69112
15360   69112
15370   69112
15380   69112
15390   69112
15400   69112
15410   69112
15420   69112
15430   69112
15440   69112
15450   69112
15460   69112
15470   69112
15480   69112
15490   69112
15500   69112
15510   69112
15520   69112
15530   69112
15540   69112
15550   69112
15560   69112
15570   69112
15580   69112
15590   69112
15600   69112
15610   69112
15620   69112
15630   69112
15640   69112
15650   69112
15660   69112
15670   69112
15680   69112
15690   69112
15700   69112
15710   69112
15720   69112
15730   69112
15740   69112
15750   69112
15760   69112
15770   69112
15780   69112
15790   69112
15800   69112
15810   69112
15820   69112
15830   69112
15840   69112
15850   69112
15860   69112
15870   69112
15880   69112
15890   69112
15900   69112
15910   69112
15920   69112
15930   69112
15940   69112
15950   69112
15960   69112
15970   69112
15980   69112
15990   69112
16000   69112
16010   69112
16020   69112
16030   69112
16040   69112
16050   69112
16060   69112
16070   69112
16080   69112
16090   69112
16100   69112
16110   69112
16120   69112
16130   69112
16140   69112
16150   69112
16160   69112
16170   69112
16180   69112
16190   69112
16200   69112
16210   69112
16220   69112
16230   69112
16240   69112
16250   69112
16260   69112
16270   69112
16280   69112
16290   69112
16300   69112
16310   69112
16320   69112
16330   69112
16340   69112
16350   69112
16360   69112
16370   69112
16380   69112
16390   69112
16400   69112
16410   69112
16420   69112
16430   69112
16440   69112
16450   69112
16460   69112
16470   69112
16480   69112
16490   69112
16500   69112
16510   69112
16520   69112
16530   69112
16540   69112
16550   69112
16560   69112
16570   69112
16580   69112
16590   69112
16600   69112
16610   69112
16620   69112
16630   69112
16640   69112
16650   69112
16660   69112
16670   69112
16680   69112
16690   69112
16700   69112
16710   69112
16720   69112
16730   69112
16740   69112
16750   69112
16760   69112
16770   69112
16780   69112
16790   69112
16800   69112
16810   69112
16820   69112
16830   69112
16840   69112
16850   69112
16860   69112
16870   69112
16880   69112
16890   69112
16900   69112
16910   69112
16920   69112
16930   69112
16940   69112
16950   69112
16960   69112
16970   69112
16980   69112
16990   69112
17000   69112
17010   69112
17020   69112
17030   69112
17040   69112
17050   69112
17060   69112
17070   69112
17080   69112
17090   69112
17100   69112
17110   69112
17120   69112
17130   69112
17140   69112
17150   69112
17160   69112
17170   69112
17180   69112
17190   69112
17200   69112
17210   69112
17220   69112
17230   69112
17240   69112
17250   69112
17260   69112
17270   69112
17280   69112
17290   69112
17300   69112
17310   69112
17320   69112
17330   69112
17340   69112
17350   69112
17360   69112
17370   69112
17380   69112
17390   69112
17400   69112
17410   69112
17420   69112
17430   69112
17440   69112
17450   69112
17460   69112
17470   69112
17480   69112
17490   69112
17500   69112
17510   69112
17520   69112
17530   69112
17540   69112
17550   69112
17560   69112
17570   69112
17580   69112
17590   69112
17600   69112
17610   69112
17620   69112
17630   69112
17640   69112
17650   69112
17660   69112
17670   69112
17680   69112
17690   69112
17700   69112
17710   69112
17720   69112
17730   69112
17740   69112
17750   69112
17760   69112
17770   69112
17780   69112
17790   69112
17800   69112
17810   69112
17820   69112
17830   69112
17840   69112
17850   69112
17860   69112
17870   69112
17880   69112
17890   69112
17900   69112
17910   69112
17920   69112
17930   69112
17940   69112
17950   69112
17960   69112
17970   69112
17980   69112
17990   69112
18000   69112
18010   69112
18020   69112
18030   69112
18040   69112
18050   69112
18060   69112
18070   69112
18080   69112
18090   69112
18100   69112
18110   69112
18120   69112
18130   69112
18140   69112
18150   69112
18160   69112
18170   69112
18180   69112
18190   69112
18200   69112
18210   69112
18220   69112
18230   69112
18240   69112
18250   69112
18260   69112
18270   69112
18280   69112
18290   69112
18300   69112
18310   69112
18320   69112
18330   69112
18340   69112
18350   69112
18360   69112
18370   69112
18380   69112
18390   69112
18400   69112
18410   69112
18420   69112
18430   69112
18440   69112
18450   69112
18460   69112
18470   69112
18480   69112
18490   69112
18500   69112
18510   69112
18520   69112
18530   69112
18540   69112
18550   69112
18560   69112
18570   69112
18580   69112
18590   69112
18600   69112
18610   69112
18620   69112
18630   69112
18640   69112
18650   69112
18660   69112
18670   69112
18680   69112
18690   69112
18700   69112
18710   69112
18720   69112
18730   69112
18740   69112
18750   69112
18760   69112
18770   69112
18780   69112
18790   69112
18800   69112
18810   69112
18820   69112
18830   69112
18840   69112
18850   69112
18860   69112
18870   69112
18880   69112
18890   69112
18900   69112
18910   69112
18920   69112
18930   69112
18940   69112
18950   69112
18960   69112
18970   69112
18980   69112
18990   69112
19000   69112
19010   69112
19020   69112
19030   69112
19040   69112
19050   69112
19060   69112
19070   69112
19080   69112
19090   69112
19100   69112
19110   69112
19120   69112
19130   69112
19140   69112
19150   69112
19160   69112
19170   69112
19180   69112
19190   69112
19200   69112
19210   69112
19220   69112
19230   69112
19240   69112
19250   69112
19260   69112
19270   69112
19280   69112
19290   69112
19300   69112
19310   69112
19320   69112
19330   69112
19340   69112
19350   69112
19360   69112
19370   69112
19380   69112
19390   69112
19400   69112
19410   69112
19420   69112
19430   69112
19440   69112
19450   69112
19460   69112
19470   69112
19480   69112
19490   69112
19500   69112
19510   69112
19520   69112
19530   69112
19540   69112
19550   69112
19560   69112
19570   69112
19580   69112
19590   69112
19600   69112
19610   69112
19620   69112
19630   69112
19640   69112
19650   69112
19660   69112
19670   69112
19680   69112
19690   69112
19700   69112
19710   69112
19720   69112
19730   69112
19740   69112
19750   69112
19760   69112
19770   69112
19780   69112
19790   69112
19800   69112
19810   69112
19820   69112
19830   69112
19840   69112
19850   69112
19860   69112
19870   69112
19880   69112
19890   69112
19900   69112
19910   69112
19920   69112
19930   69112
19940   69112
19950   69112
19960   69112
19970   69112
19980   69112
19990   69112
20000   69112
20010   69112
20020   69112
20030   69112
20040   69112
20050   69112
20060   69112
20070   69112
20080   69112
20090   69112
20100   69112
20110   69112
20120   69112
20130   69112
20140   69112
20150   69112
20160   69112
20170   69112
20180   69112
20190   69112
20200   69112
20210   69112
20220   69112
20230   69112
20240   69112
20250   69112
20260   69112
20270   69112
20280   69112
20290   69112
20300   69112
20310   69112
20320   69112
20330   69112
20340   69112
20350   69112
20360   69112
20370   69112
20380   69112
20390   69112
20400   69112
20410   69112
20420   69112
20430   69112
20440   69112
20450   69112
20460   69112
20470   69112
20480   69112
20490   69112
20500   69112
20510   69112
20520   69112
20530   69112
20540   69112
20550   69112
20560   69112
20570   69112
20580   69112
20590   69112
20600   69112
20610   69112
20620   69112
20630   69112
20640   69112
20650   69112
20660   69112
20670   69112
20680   69112
20690   69112
20700   69112
20710   69112
20720   69112
20730   69112
20740   69112
20750   69112
20760   69112
20770   69112
20780   69112
20790   69112
20800   69112
20810   69112
20820   69112
20830   69112
20840   69112
20850   69112
20860   69112
20870   69112
20880   69112
20890   69112
20900   69112
20910   69112
20920   69112
20930   69112
20940   69112
20950   69112
20960   69112
20970   69112
20980   69112
20990   69112
21000   69112
21010   69112
21020   69112
21030   69112
21040   69112
21050   69112
21060   69112
21070   69112
21080   69112
21090   69112
21100   69112
21110   69112
21120   69112
21130   69112
21140   69112
21150   69112
21160   69112
21170   69112
21180   69112
21190   69112
21200   69112
21210   69112
21220   69112
21230   69112
21240   69112
21250   69112
21260   69112
21270   69112
21280   69112
21290   69112
21300   69112
21310   69112
21320   69112
21330   69112
21340   69112
21350   69112
21360   69112
21370   69112
21380   69112
21390   69112
21400   69112
21410   69112
21420   69112
21430   69112
21440   69112
21450   69112
21460   69112
21470   69112
21480   69112
21490   69112
21500   69112
21510   69112
21520   69112
21530   69112
21540   69112
21550   69112
21560   69112
21570   69112
21580   69112
21590   69112
21600   69112
21610   69112
21620   69112
21630   69112
21640   69112
21650   69112
21660   69112
21670   69112
21680   69112
21690   69112
21700   69112
21710   69112
21720   69112
21730   69112
21740   69112
21750   69112
21760   69112
21770   69112
21780   69112
21790   69112
21800   69112
21810   69112
21820   69112
21830   69112
21840   69112
21850   69112
21860   69112
21870   69112
21880   69112
21890   69112
21900   69112
21910   69112
21920   69112
21930   69112
21940   69112
21950   69112
21960   69112
21970   69112
21980   69112
21990   69112
22000   69112
22010   69112
22020   69112
22030   69112
22040   69112
22050   69112
22060   69112
22070   69112
22080   69112
22090   69112
22100   69112
22110   69112
22120   69112
22130   69112
22140   69112
22150   69112
22160   69112
22170   69112
22180   69112
22190   69112
22200   69112
22210   69112
22220   69112
22230   69112
22240   69112
22250   69112
22260   69112
22270   69112
22280   69112
22290   69112
22300   69112
22310   69112
22320   69112
22330   69112
22340   69112
22350   69112
22360   69112
22370   69112
22380   69112
22390   69112
22400   69112
22410   69112
22420   69112
22430   69112
22440   69112
22450   69112
22460   69112
22470   69112
22480   69112
22490   69112
22500   69112
22510   69112
22520   69112
22530   69112
22540   69112
22550   69112
22560   69112
22570   69112
22580   69112
22590   69112
22600   69112
22610   69112
22620   69112
22630   69112
22640   69112
22650   69112
22660   69112
22670   69112
22680   69112
22690   69112
22700   69112
22710   69112
22720   69112
22730   69112
22740   69112
22750   69112
22760   69112
22770   69112
22780   69112
22790   69112
22800   69112
22810   69112
22820   69112
22830   69112
22840   69112
22850   69112
22860   69112
22870   69112
22880   69112
22890   69112
22900   69112
22910   69112
22920   69112
22930   69112
22940   69112
22950   69112
22960   69112
22970   69112
22980   69112
22990   69112
23000   69112
23010   69112
23020   69112
23030   69112
23040   69112
23050   69112
23060   69112
23070   69112
23080   69112
23090   69112
23100   69112
23110   69112
23120   69112
23130   69112
23140   69112
23150   69112
23160   69112
23170   69112
23180   69112
23190   69112
23200   69112
23210   69112
23220   69112
23230   69112
23240   69112
23250   69112
23260   69112
23270   69112
23280   69112
23290   69112
23300   69112
23310   69112
23320   69112
23330   69112
23340   69112
23350   69112
23360   69112
23370   69112
23380   69112
23390   69112
23400   69112
23410   69112
23420   69112
23430   69112
23440   69112
23450   69112
23460   69112
23470   69112
23480   69112
23490   69112
23500   69112
23510   69112
23520   69112
23530   69112
23540   69112
23550   69112
23560   69112
23570   69112
23580   69112
23590   69112
23600   69112
23610   69112
23620   69112
23630   69112
23640   69112
23650   69112
23660   69112
23670   69112
23680   69112
23690   69112
23700   69112
23710   69112
23720   69112
23730   69112
23740   69112
23750   69112
23760   69112
23770   69112
23780   69112
23790   69112
23800   69112
23810   69112
23820   69112
23830   69112
23840   69112
23850   69112
23860   69112
23870   69112
23880   69112
23890   69112
23900   69112
23910   69112
23920   69112
23930   69112
23940   69112
23950   69112
23960   69112
23970   69112
23980   69112
23990   69112
24000   69112
24010   69112
24020   69112
24030   69112
24040   69112
24050   69112
24060   69112
24070   69112
24080   69112
24090   69112
24100   69112
24110   69112
24120   69112
24130   69112
24140   69112
24150   69112
24160   69112
24170   69112
24180   69112
24190   69112
24200   69112
24210   69112
24220   69112
24230   69112
24240   69112
24250   69112
24260   69112
24270   69112
24280   69112
24290   69112
24300   69112
24310   69112
24320   69112
24330   69112
24340   69112
24350   69112
24360   69112
24370   69112
24380   69112
24390   69112
24400   69112
24410   69112
24420   69112
24430   69112
24440   69112
24450   69112
24460   69112
24470   69112
24480   69112
24490   69112
24500   69112
24510   69112
24520   69112
24530   69112
24540   69112
24550   69112
24560   69112
24570   69112
24580   69112
24590   69112
24600   69112
24610   69112
24620   69112
24630   69112
24640   69112
24650   69112
24660   69112
24670   69112
24680   69112
24690   69112
24700   69112
24710   69112
24720   69112
24730   69112
24740   69112
24750   69112
24760   69112
24770   69112
24780   69112
24790   69112
24800   69112
24810   69112
24820   69112
24830   69112
24840   69112
24850   69112
24860   69112
24870   69112
24880   69112
24890   69112
24900   69112
24910   69112
24920   69112
24930   69112
24940   69112
24950   69112
24960   69112
24970   69112
24980   69112
24990   69112
25000   69112
25010   69112
25020   69112
25030   69112
25040   69112
25050   69112
25060   69112
25070   69112
25080   69112
25090   69112
25100   69112
25110   69112
25120   69112
25130   69112
25140   69112
25150   69112
25160   69112
25170   69112
25180   69112
25190   69112
25200   69112
25210   69112
25220   69112
25230   69112
25240   69112
25250   69112
25260   69112
25270   69112
25280   69112
25290   69112
25300   69112
25310   69112
25320   69112
25330   69112
25340   69112
25350   69112
25360   69112
25370   69112
25380   69112
25390   69112
25400   69112
25410   69112
25420   69112
25430   69112
25440   69112
25450   69112
25460   69112
25470   69112
25480   69112
25490   69112
25500   69112
25510   69112
25520   69112
25530   69112
25540   69112
25550   69112
25560   69112
25570   69112
25580   69112
25590   69112
25600   69112
25610   69112
25620   69112
25630   69112
25640   69112
25650   69112
25660   69112
25670   69112
25680   69112
25690   69112
25700   69112
25710   69112
25720   69112
25730   69112
25740   69112
25750   69112
25760   69112
25770   69112
25780   69112
25790   69112
25800   69112
25810   69112
25820   69112
25830   69112
25840   69112
25850   69112
25860   69112
25870   69112
25880   69112
25890   69112
25900   69112
25910   69112
25920   69112
25930   69112
25940   69112
25950   69112
25960   69112
25970   69112
25980   69112
25990   69112
26000   69112
26010   69112
26020   69112
26030   69112
26040   69112
26050   69112
26060   69112
26070   69112
26080   69112
26090   69112
26100   69112
26110   69112
26120   69112
26130   69112
26140   69112
26150   69112
26160   69112
26170   69112
26180   69112
26190   69112
26200   69112
26210   69112
26220   69112
26230   69112
26240   69112
26250   69112
26260   69112
26270   69112
26280   69112
26290   69112
26300   69112
26310   69112
26320   69112
26330   69112
26340   69112
26350   69112
26360   69112
26370   69112
26380   69080
26390   69080
26400   69080
26410   69080
26420   69080
26430   69080
26440   69080
26450   69080
26460   69080
26470   69080
26480   69080
26490   69080
26500   69080
26510   69080
26520   69080
26530   69080
26540   69080
26550   69080
26560   69080
26570   69080
26580   69080
26590   69080
26600   69080
26610   69080
26620   69080
26630   69080
26640   69080
26650   69080
26660   69080
26670   69080
26680   69080
26690   69080
26700   69080
26710   69080
26720   69080
26730   69080
26740   69080
26750   69080
26760   69080
26770   69080
26780   69080
26790   69080
26800   69080
26810   69080
26820   69080
26830   69080
26840   69080
26850   69080
26860   69080
26870   69080
26880   69080
26890   69080
26900   69080
26910   69080
26920   69080
26930   69080
26940   69080
26950   69080
26960   69080
26970   69080
26980   69080
26990   69080
27000   69080
27010   69080
27020   69080
27030   69080
27040   69080
27050   69080
27060   69080
27070   69080
27080   69080
27090   69080
27100   69080
27110   69080
27120   69080
27130   69080
27140   69080
27150   69080
27160   69080
27170   69080
27180   69080
27190   69080
27200   69080
27210   69080
27220   69080
27230   69080
27240   69080
27250   69080
27260   69080
27270   69080
27280   69080
27290   69080
27300   69080
27310   69080
27320   69080
27330   69080
27340   69080
27350   69080
27360   69080
27370   69080
27380   69080
27390   69080
27400   69080
27410   69080
27420   69080
27430   69080
27440   69080
27450   69080
27460   69080
27470   69080
27480   69080
27490   69080
27500   69080
27510   69080
27520   69080
27530   69080
27540   69080
27550   69080
27560   69080
27570   69080
27580   69080
27590   69080
27600   69080
27610   69080
27620   69080
27630   69080
27640   69080
27650   69080
27660   69080
27670   69080
27680   69080
27690   69080
27700   69080
27710   69080
27720   69080
27730   69080
27740   69080
27750   69080
27760   69080
27770   69080
27780   69080
27790   69080
27800   69080
27810   69080
27820   69080
27830   69080
27840   69080
27850   69080
27860   69080
27870   69080
27880   69080
27890   69080
27900   69080
27910   69080
27920   69080
27930   69080
27940   69080
27950   69080
27960   69080
27970   69080
27980   69080
27990   69080
28000   69080
28010   69080
28020   69080
28030   69080
28040   69080
28050   69080
28060   69080
28070   69080
28080   69080
28090   69080
28100   69080
28110   69080
28120   69080
28130   69080
28140   69080
28150   69080
28160   69080
28170   69080
28180   69080
28190   69080
28200   69080
28210   69080
28220   69080
28230   69080
28240   69080
28250   69080
28260   69080
28270   69080
28280   69080
28290   69080
28300   69080
28310   69080
28320   69080
28330   69080
28340   69080
28350   69080
28360   69080
28370   69080
28380   69080
28390   69080
28400   69080
28410   69080
28420   69080
28430   69080
28440   69080
28450   69080
28460   69080
28470   69080
28480   69080
28490   69080
28500   69080
28510   69080
28520   69080
28530   69080
28540   69080
28550   69080
28560   69080
28570   69080
28580   69080
28590   69080
28600   69080
28610   69080
28620   69080
28630   69080
28640   69080
28650   69080
28660   69080
28670   69080
28680   69080
28690   69080
28700   69080
28710   69080
28720   69080
28730   69080
28740   69080
28750   69080
28760   69080
28770   69080
28780   69080
28790   69080
28800   69080
28810   69080
28820   69080
28830   69080
28840   69080
28850   69080
28860   69080
28870   69080
28880   69080
28890   69080
28900   69080
28910   69080
28920   69080
28930   69080
28940   69080
28950   69080
28960   69080
28970   69080
28980   69080
28990   69080
29000   69080
29010   69080
29020   69080
29030   69080
29040   69080
29050   69080
29060   69080
29070   69080
29080   69080
29090   69080
29100   69080
29110   69080
29120   69080
29130   69080
29140   69080
29150   69080
29160   69080
29170   69080
29180   69080
29190   69080
29200   69080
29210   69080
29220   69080
29230   69080
29240   69080
29250   69080
29260   69080
29270   69080
29280   69080
29290   69080
29300   69080
29310   69080
29320   69080
29330   69080
29340   69080
29350   69080
29360   69080
29370   69080
29380   69080
29390   69080
29400   69080
29410   69080
29420   69080
29430   69080
29440   69080
29450   69080
29460   69080
29470   69080
29480   69080
29490   69080
29500   69080
29510   69080
29520   69080
29530   69080
29540   69080
29550   69080
29560   69080
29570   69080
29580   69080
29590   69080
29600   69080
29610   69080
29620   69080
29630   69080
29640   69080
29650   69080
29660   69080
29670   69080
29680   69080
29690   69080
29700   69080
29710   69080
29720   69080
29730   69080
29740   69080
29750   69080
29760   69080
29770   69080
29780   69080
29790   69080
29800   69080
29810   69080
29820   69080
29830   69080
29840   69080
29850   69080
29860   69080
29870   69080
29880   69080
29890   69080
29900   69080
29910   69080
29920   69080
29930   69080
29940   69080
29950   69080
29960   69080
29970   69080
29980   69080
29990   69080
30000   69080
30010   69080
30020   69080
30030   69080
30040   69080
30050   69080
30060   69080
30070   69080
30080   69080
30090   69080
30100   69080
30110   69080
30120   69080
30130   69080
30140   69080
30150   69080
30160   69080
30170   69080
30180   69080
30190   69080
30200   69080
30210   69080
30220   69080
30230   69080
30240   69080
30250   69080
30260   69080
30270   69080
30280   69080
30290   69080
30300   69080
30310   69080
30320   69080
30330   69080
30340   69080
30350   69080
30360   69080
30370   69080
30380   69080
30390   69080
30400   69080
30410   69080
30420   69080
30430   69080
30440   69080
30450   69080
30460   69080
30470   69080
30480   69080
30490   69080
30500   69080
30510   69080
30520   69080
30530   69080
30540   69080
30550   69080
30560   69080
30570   69080
30580   69080
30590   69080
30600   69080
30610   69080
30620   69080
30630   69080
30640   69080
30650   69080
30660   69080
30670   69080
30680   69080
30690   69080
30700   69080
30710   69080
30720   69080
30730   69080
30740   69080
30750   69080
30760   69080
30770   69080
30780   69080
30790   69080
30800   69080
30810   69080
30820   69080
30830   69080
30840   69080
30850   69080
30860   69080
30870   69080
30880   69080
30890   69080
30900   69080
30910   69080
30920   69080
30930   69080
30940   69080
30950   69080
30960   69080
30970   69080
30980   69080
30990   69080
31000   69080
31010   69080
31020   69080
31030   69080
31040   69080
31050   69080
31060   69080
31070   69080
31080   69080
31090   69080
31100   69080
31110   69080
31120   69080
31130   69080
31140   69080
31150   69080
31160   69080
31170   69080
31180   69080
31190   69080
31200   69080
31210   69080
31220   69080
31230   69080
31240   69080
31250   69080
31260   69080
31270   69080
31280   69080
31290   69080
31300   69080
31310   69080
31320   69080
31330   69080
31340   69080
31350   69080
31360   69080
31370   69080
31380   69080
31390   69080
31400   69080
31410   69080
31420   69080
31430   69080
31440   69080
31450   69080
31460   69080
31470   69080
31480   69080
31490   69080
31500   69080
31510   69080
31520   69080
31530   69080
31540   69080
31550   69080
31560   69080
31570   69080
31580   69080
31590   69080
31600   69080
31610   69080
31620   69080
31630   69080
31640   69080
31650   69080
31660   69080
31670   69080
31680   69080
31690   69080
31700   69080
31710   69080
31720   69080
31730   69080
31740   69080
31750   69080
31760   69080
31770   69080
31780   69080
31790   69080
31800   69080
31810   69080
31820   69080
31830   69080
31840   69080
31850   69080
31860   69080
31870   69080
31880   69080
31890   69080
31900   69080
31910   69080
31920   69080
31930   69080
31940   69080
31950   69080
31960   69080
31970   69080
31980   69080
31990   69080
32000   69080
32010   69080
32020   69080
32030   69080
32040   69080
32050   69080
32060   69080
32070   69080
32080   69080
32090   69080
32100   69080
32110   69080
32120   69080
32130   69080
32140   69080
32150   69080
32160   69080
32170   69080
32180   69080
32190   69080
32200   69080
32210   69080
32220   69080
32230   69080
32240   69080
32250   69080
32260   69080
32270   69080
32280   69080
32290   69080
32300   69080
32310   69080
32320   69080
32330   69080
32340   69080
32350   69080
32360   69080
32370   69080
32380   69080
32390   69080
32400   69080
32410   69080
32420   69080
32430   69080
32440   69080
32450   69080
32460   69080
32470   69080
32480   69080
32490   69080
32500   69080
32510   69080
32520   69080
32530   69080
32540   69080
32550   69080
32560   69080
32570   69080
32580   69080
32590   69080
32600   69080
32610   69080
32620   69080
32630   69080
32640   69080
32650   69080
32660   69080
32670   69080
32680   69080
32690   69080
32700   69080
32710   69080
32720   69080
32730   69080
32740   69080
32750   69080
32760   69080
32770   69080
32780   69080
32790   69080
32800   69080
32810   69080
32820   69080
32830   69080
32840   69080
32850   69080
32860   69080
32870   69080
32880   69080
32890   69080
32900   69080
32910   69080
32920   69080
32930   69080
32940   69080
32950   69080
32960   69080
32970   69080
32980   69080
32990   69080
33000   69080
33010   69080
33020   69080
33030   69080
33040   69080
33050   69080
33060   69080
33070   69080
33080   69080
33090   69080
33100   69080
33110   69080
33120   69080
33130   69080
33140   69080
33150   69080
33160   69080
33170   69080
33180   69080
33190   69080
33200   69080
33210   69080
33220   69080
33230   69080
33240   69080
33250   69080
33260   69080
33270   69080
33280   69080
33290   69080
33300   69080
33310   69080
33320   69080
33330   69080
33340   69080
33350   69080
33360   69080
33370   69080
33380   69080
33390   69080
33400   69080
33410   69080
33420   69080
33430   69080
33440   69080
33450   69080
33460   69080
33470   69080
33480   69080
33490   69080
33500   69080
33510   69080
33520   69080
33530   69080
33540   69080
33550   69080
33560   69080
33570   69080
33580   69080
33590   69080
33600   69080
33610   69080
33620   69080
33630   69080
33640   69080
33650   69080
33660   69080
33670   69080
33680   69080
33690   69080
33700   69080
33710   69080
33720   69080
33730   69080
33740   69080
33750   69080
33760   69080
33770   69080
33780   69080
33790   69080
33800   69080
33810   69080
33820   69080
33830   69080
33840   69080
33850   69080
33860   69080
33870   69080
33880   69080
33890   69080
33900   69080
33910   69080
33920   69080
33930   69080
33940   69080
33950   69080
33960   69080
33970   69080
33980   69080
33990   69080
34000   69080
34010   69080
34020   69080
34030   69080
34040   69080
34050   69080
34060   69080
34070   69080
34080   69080
34090   69080
34100   69080
34110   69080
34120   69080
34130   69080
34140   69080
34150   69080
34160   69080
34170   69080
34180   69080
34190   69080
34200   69080
34210   69080
34220   69080
34230   69080
34240   69080
34250   69080
34260   69080
34270   69080
34280   69080
34290   69080
34300   69080
34310   69080
34320   69080
34330   69080
34340   69080
34350   69080
34360   69080
34370   69080
34380   69080
34390   69080
34400   69080
34410   69080
34420   69080
34430   69080
34440   69080
34450   69080
34460   69080
34470   69080
34480   69080
34490   69080
34500   69080
34510   69080
34520   69080
34530   69080
34540   69080
34550   69080
34560   69080
34570   69080
34580   69080
34590   69080
34600   69080
34610   69080
34620   69080
34630   69080
34640   69080
34650   69080
34660   69080
34670   69080
34680   69080
34690   69080
34700   69080
34710   69080
34720   69080
34730   69080
34740   69080
34750   69080
34760   69080
34770   69080
34780   69080
34790   69080
34800   69080
34810   69080
34820   69080
34830   69080
34840   69080
34850   69080
34860   69080
34870   69080
34880   69080
34890   69080
34900   69080
34910   69080
34920   69080
34930   69080
34940   69080
34950   69080
34960   69080
34970   69080
34980   69080
34990   69080
35000   69080
35010   69080
35020   69080
35030   69080
35040   69080
35050   69080
35060   69080
35070   69080
35080   69080
35090   69080
35100   69080
35110   69080
35120   69080
35130   69080
35140   69080
35150   69080
35160   69080
35170   69080
35180   69080
35190   69080
35200   69080
35210   69080
35220   69080
35230   69080
35240   69080
35250   69080
35260   69080
35270   69080
35280   69080
35290   69080
35300   69080
35310   69080
35320   69080
35330   69080
35340   69080
35350   69080
35360   69080
35370   69080
35380   69080
35390   69080
35400   69080
35410   69080
35420   69080
35430   69080
35440   69080
35450   69080
35460   69080
35470   69080
35480   69080
35490   69080
35500   69080
35510   69080
35520   69080
35530   69080
35540   69080
35550   69080
35560   69080
35570   69080
35580   69080
35590   69080
35600   69080
35610   69080
35620   69080
35630   69080
35640   69080
35650   69080
35660   69080
35670   69080
35680   69080
35690   69080
35700   69080
35710   69080
35720   69080
35730   69080
35740   69080
35750   69080
35760   69080
35770   69080
35780   69080
35790   69080
35800   69080
35810   69080
35820   69080
35830   69080
35840   69080
35850   69080
35860   69080
35870   69080
35880   69080
35890   69080
35900   69080
35910   69080
35920   69080
35930   69080
35940   69080
35950   69080
35960   69080
35970   69080
35980   69080
35990   69080
36000   69080
36010   69080
36020   69080
36030   69080
36040   69080
36050   69080
36060   69080
36070   69080
36080   69080
36090   69080
36100   69080
36110   69080
36120   69080
36130   69080
36140   69080
36150   69080
36160   69080
36170   69080
36180   69080
36190   69080
36200   69080
36210   69080
36220   69080
36230   69080
36240   69080
36250   69080
36260   69080
36270   69080
36280   69080
36290   69080
36300   69080
36310   69080
36320   69080
36330   69080
36340   69080
36350   69080
36360   69080
36370   69080
36380   69080
36390   69080
36400   69080
36410   69080
36420   69080
36430   69080
36440   69080
36450   69080
36460   69080
36470   69080
36480   69080
36490   69080
36500   69080
36510   69080
36520   69080
36530   69080
36540   69080
36550   69080
36560   69080
36570   69080
36580   69080
36590   69080
36600   69080
36610   69080
36620   69080
36630   69080
36640   69080
36650   69080
36660   69080
36670   69080
36680   69080
36690   69080
36700   69080
36710   69080
36720   69080
36730   69080
36740   69080
36750   69080
36760   69080
36770   69080
36780   69080
36790   69080
36800   69080
36810   69080
36820   69080
36830   69080
36840   69080
36850   69080
36860   69080
36870   69080
36880   69080
36890   69080
36900   69080
36910   69080
36920   69080
36930   69080
36940   69080
36950   69080
36960   69080
36970   69080
36980   69080
36990   69080
37000   69080
37010   69080
37020   69080
37030   69080
37040   69080
37050   69080
37060   69080
37070   69080
37080   69080
37090   69080
37100   69080
37110   69080
37120   69080
37130   69080
37140   69080
37150   69080
37160   69080
37170   69080
37180   69080
37190   69080
37200   69080
37210   69080
37220   69080
37230   69080
37240   69080
37250   69080
37260   69080
37270   69080
37280   69080
37290   69080
37300   69080
37310   69080
37320   69080
37330   69080
37340   69080
37350   69080
37360   69080
37370   69080
37380   69080
37390   69080
37400   69080
37410   69080
37420   69080
37430   69080
37440   69080
37450   69080
37460   69080
37470   69080
37480   69080
37490   69080
37500   69080
37510   69080
37520   69080
37530   69080
37540   69080
37550   69080
37560   69080
37570   69080
37580   69080
37590   69080
37600   69080
37610   69080
37620   69080
37630   69080
37640   69080
37650   69080
37660   69080
37670   69080
37680   69080
37690   69080
37700   69080
37710   69080
37720   69080
37730   69080
37740   69080
37750   69080
37760   69080
37770   69080
37780   69080
37790   69080
37800   69080
37810   69080
37820   69080
37830   69080
37840   69080
37850   69080
37860   69080
37870   69080
37880   69080
37890   69080
37900   69080
37910   69080
37920   69080
37930   69080
37940   69080
37950   69080
37960   69080
37970   69080
37980   69080
37990   69080
38000   69080
38010   69080
38020   69080
38030   69080
38040   69080
38050   69080
38060   69080
38070   69080
38080   69080
38090   69080
38100   69080
38110   69080
38120   69080
38130   69080
38140   69080
38150   69080
38160   69080
38170   69080
38180   69080
38190   69080
38200   69080
38210   69080
38220   69080
38230   69080
38240   69080
38250   69080
38260   69080
38270   69080
38280   69080
38290   69080
38300   69080
38310   69080
38320   69080
38330   69080
38340   69080
38350   69080
38360   69080
38370   69080
38380   69080
38390   69080
38400   69080
38410   69080
38420   69080
38430   69080
38440   69080
38450   69080
38460   69080
38470   69080
38480   69080
38490   69080
38500   69080
38510   69080
38520   69080
38530   69080
38540   69080
38550   69080
38560   69080
38570   69080
38580   69080
38590   69080
38600   69080
38610   69080
38620   69080
38630   69080
38640   69080
38650   69080
38660   69080
38670   69080
38680   69080
38690   69080
38700   69080
38710   69080
38720   69080
38730   69080
38740   69080
38750   69080
38760   69080
38770   69080
38780   69080
38790   69080
38800   69080
38810   69080
38820   69080
38830   69080
38840   69080
38850   69080
38860   69080
38870   69080
38880   69080
38890   69080
38900   69080
38910   69080
38920   69080
38930   69080
38940   69080
38950   69080
38960   69080
38970   69080
38980   69080
38990   69080
39000   69080
39010   69080
39020   69080
39030   69080
39040   69080
39050   69080
39060   69080
39070   69080
39080   69080
39090   69080
39100   69080
39110   69080
39120   69080
39130   69080
39140   69080
39150   69080
39160   69080
39170   69080
39180   69080
39190   69080
39200   69080
39210   69080
39220   69080
39230   69080
39240   69080
39250   69080
39260   69080
39270   69080
39280   69080
39290   69080
39300   69080
39310   69080
39320   69080
39330   69080
39340   69080
39350   69080
39360   69080
39370   69080
39380   69080
39390   69080
39400   69080
39410   69080
39420   69080
39430   69080
39440   69080
39450   69080
39460   69080
39470   69080
39480   69080
39490   69080
39500   69080
39510   69080
39520   69080
39530   69080
39540   69080
39550   69080
39560   69080
39570   69080
39580   69080
39590   69080
39600   69080
39610   69080
39620   69080
39630   69080
39640   69080
39650   69080
39660   69080
39670   69080
39680   69080
39690   69080
39700   69080
39710   69080
39720   69080
39730   69080
39740   69080
39750   69080
39760   69080
39770   69080
39780   69080
39790   69080
39800   69080
39810   69080
39820   69080
39830   69080
39840   69080
39850   69080
39860   69080
39870   69080
39880   69080
39890   69080
39900   69080
39910   69080
39920   69080
39930   69080
39940   69080
39950   69080
39960   69080
39970   69080
39980   69080
39990   69080
40000   69080
40010   69080
40020   69080
40030   69080
40040   69080
40050   69080
40060   69080
40070   69080
40080   69080
40090   69080
40100   69080
40110   69080
40120   69080
40130   69080
40140   69080
40150   69080
40160   69080
40170   69080
40180   69080
40190   69080
40200   69080
40210   69080
40220   69080
40230   69080
40240   69080
40250   69080
40260   69080
40270   69080
40280   69080
40290   69080
40300   69080
40310   69080
40320   69080
40330   69080
40340   69080
40350   69080
40360   69080
40370   69080
40380   69080
40390   69080
40400   69080
40410   69080
40420   69080
40430   69080
40440   69080
40450   69080
40460   69080
40470   69080
40480   69080
40490   69080
40500   69080
40510   69080
40520   69080
40530   69080
40540   69080
40550   69080
40560   69080
40570   69080
40580   69080
40590   69080
40600   69080
40610   69080
40620   69080
40630   69080
40640   69080
40650   69080
40660   69080
40670   69080
40680   69080
40690   69080
40700   69080
40710   69080
40720   69080
40730   69080
40740   69080
40750   69080
40760   69080
40770   69080
40780   69080
40790   69080
40800   69080
40810   69080
40820   69080
40830   69080
40840   69080
40850   69080
40860   69080
40870   69080
40880   69080
40890   69080
40900   69080
40910   69080
40920   69080
40930   69080
40940   69080
40950   69080
40960   69080
40970   69080
40980   69080
40990   69080
41000   69080
41010   69080
41020   69080
41030   69080
41040   69080
41050   69080
41060   69080
41070   69080
41080   69080
41090   69080
41100   69080
41110   69080
41120   69080
41130   69080
41140   69080
41150   69080
41160   69080
41170   69080
41180   69080
41190   69080
41200   69080
41210   69080
41220   69080
41230   69080
41240   69080
41250   69080
41260   69080
41270   69080
41280   69080
41290   69080
41300   69080
41310   69080
41320   69080
41330   69080
41340   69080
41350   69080
41360   69080
41370   69080
41380   69080
41390   69080
41400   69080
41410   69080
41420   69080
41430   69080
41440   69080
41450   69080
41460   69080
41470   69080
41480   69080
41490   69080
41500   69080
41510   69080
41520   69080
41530   69080
41540   69080
41550   69080
41560   69080
41570   69080
41580   69080
41590   69080
41600   69080
41610   69080
41620   69080
41630   69080
41640   69080
41650   69080
41660   69080
41670   69080
41680   69080
41690   69080
41700   69080
41710   69080
41720   69080
41730   69080
41740   69080
41750   69080
41760   69080
41770   69080
41780   69080
41790   69080
41800   69080
41810   69080
41820   69080
41830   69080
41840   69080
41850   69080
41860   69080
41870   69080
41880   69080
41890   69080
41900   69080
41910   69080
41920   69080
41930   69080
41940   69080
41950   69080
41960   69080
41970   69080
41980   69080
41990   69080
42000   69080
42010   69080
42020   69080
42030   69080
42040   69080
42050   69080
42060   69080
42070   69080
42080   69080
42090   69080
42100   69080
42110   69080
42120   69080
42130   69080
42140   69080
42150   69080
42160   69080
42170   69080
42180   69080
42190   69080
42200   69080
42210   69080
42220   69080
42230   69080
42240   69080
42250   69080
42260   69080
42270   69080
42280   69080
42290   69080
42300   69080
42310   69080
42320   69080
42330   69080
42340   69080
42350   69080
42360   69080
42370   69080
42380   69080
42390   69080
42400   69080
42410   69080
42420   69080
42430   69080
42440   69080
42450   69080
42460   69080
42470   69080
42480   69080
42490   69080
42500   69080
42510   69080
42520   69080
42530   69080
42540   69080
42550   69080
42560   69080
42570   69080
42580   69080
42590   69080
42600   69080
42610   69080
42620   69080
42630   69080
42640   69080
42650   69080
42660   69080
42670   69080
42680   69080
42690   69080
42700   69080
42710   69080
42720   69080
42730   69080
42740   69080
42750   69080
42760   69080
42770   69080
42780   69080
42790   69080
42800   69080
42810   69080
42820   69080
42830   69080
42840   69080
42850   69080
42860   69080
42870   69080
42880   69080
42890   69080
42900   69080
42910   69080
42920   69080
42930   69080
42940   69080
42950   69080
42960   69080
42970   69080
42980   69080
42990   69080
43000   69080
43010   69080
43020   69080
43030   69080
43040   69080
43050   69080
43060   69080
43070   69080
43080   69080
43090   69080
43100   69080
43110   69080
43120   69080
43130   69080
43140   69080
43150   69080
43160   69080
43170   69080
43180   69080
43190   69080
43200   69080
43210   69080
43220   69080
43230   69080
43240   69080
43250   69080
43260   69080
43270   69080
43280   69080
43290   69080
43300   69080
43310   69080
43320   69080
43330   69080
43340   69080
43350   69080
43360   69080
43370   69080
43380   69080
43390   69080
43400   69080
43410   69080
43420   69080
43430   69080
43440   69080
43450   69080
43460   69080
43470   69080
43480   69080
43490   69080
43500   69080
43510   69080
43520   69080
43530   69080
43540   69080
43550   69080
43560   69080
43570   69080
43580   69080
43590   69080
43600   69080
43610   69080
43620   69080
43630   69080
43640   69080
43650   69080
43660   69080
43670   69080
43680   69080
43690   69080
43700   69080
43710   69080
43720   69080
43730   69080
43740   69080
43750   69080
43760   69080
43770   69080
43780   69080
43790   69080
43800   69080
43810   69080
43820   69080
43830   69080
43840   69080
43850   69080
43860   69080
43870   69080
43880   69080
43890   69080
43900   69080
43910   69080
43920   69080
43930   69080
43940   69080
43950   69080
43960   69080
43970   69080
43980   69080
43990   69080
44000   69080
44010   69080
44020   69080
44030   69080
44040   69080
44050   69080
44060   69080
44070   69080
44080   69080
44090   69080
44100   69080
44110   69080
44120   69080
44130   69080
44140   69080
44150   69080
44160   69080
44170   69080
44180   69080
44190   69080
44200   69080
44210   69080
44220   69080
44230   69080
44240   69080
44250   69080
44260   69080
44270   69080
44280   69080
44290   69080
44300   69080
44310   69080
44320   69080
44330   69080
44340   69080
44350   69080
44360   69080
44370   69080
44380   69080
44390   69080
44400   69080
44410   69080
44420   69080
44430   69080
44440   69080
44450   69080
44460   69080
44470   69080
44480   69080
44490   69080
44500   69080
44510   69080
44520   69080
44530   69080
44540   69080
44550   69080
44560   69080
44570   69080
44580   69080
44590   69080
44600   69080
44610   69080
44620   69080
44630   69080
44640   69080
44650   69080
44660   69080
44670   69080
44680   69080
44690   69080
44700   69080
44710   69080
44720   69080
44730   69080
44740   69080
44750   69080
