10   21300
20   21098
30   21098
40   21098
50   20908
60   20908
70   20908
80   20908
90   20908
100   20908
110   20908
120   20908
130   20908
140   20838
150   20838
160   20838
170   20838
180   20838
190   20838
200   20838
210   20838
220   20586
230   20586
240   20586
250   19188
260   19188
270   19188
280   19188
290   19188
300   19188
310   19188
320   19188
330   19188
340   19188
350   19188
360   19188
370   19188
380   19188
390   19188
400   19188
410   19188
420   19188
430   19188
440   19188
450   19188
460   19188
470   19188
480   19188
490   19188
500   19188
510   19188
520   19188
530   19188
540   19188
550   19188
560   19188
570   19188
580   19188
590   19188
600   19188
610   19188
620   19188
630   19188
640   19188
650   19188
660   19188
670   19188
680   19188
690   19188
700   19188
710   19188
720   19188
730   19188
740   19188
750   19188
760   19188
770   19188
780   19188
790   19188
800   19188
810   19188
820   19188
830   19188
840   19188
850   19188
860   19188
870   19188
880   19188
890   19188
900   19188
910   19188
920   19188
930   19188
940   19188
950   19188
960   19188
970   19188
980   19188
990   19188
1000   19188
1010   18856
1020   18856
1030   18856
1040   18856
1050   18856
1060   18856
1070   18856
1080   18856
1090   18856
1100   18856
1110   18856
1120   18856
1130   18856
1140   18856
1150   18856
1160   18856
1170   18856
1180   18856
1190   18856
1200   18856
1210   18856
1220   18856
1230   18856
1240   18856
1250   18856
1260   18856
1270   18856
1280   18856
1290   18856
1300   18856
1310   18856
1320   18856
1330   18856
1340   18856
1350   18856
1360   18856
1370   18856
1380   18856
1390   18856
1400   18856
1410   18856
1420   18856
1430   18856
1440   18856
1450   18856
1460   18856
1470   18856
1480   18856
1490   18856
1500   18856
1510   18856
1520   18856
1530   18856
1540   18824
1550   18824
1560   18824
1570   18824
1580   18824
1590   18824
1600   18824
1610   18824
1620   18824
1630   18824
1640   18824
1650   18824
1660   18824
1670   18824
1680   18824
1690   18824
1700   18824
1710   18824
1720   18824
1730   18824
1740   18824
1750   18824
1760   18824
1770   18824
1780   18824
1790   18824
1800   18824
1810   18824
1820   18824
1830   18824
1840   18824
1850   18824
1860   18824
1870   18824
1880   18824
1890   18824
1900   18824
1910   18824
1920   18824
1930   18824
1940   18824
1950   18824
1960   18824
1970   18824
1980   18824
1990   18824
2000   18824
2010   18824
2020   18824
2030   18824
2040   18824
2050   18824
2060   18824
2070   18824
2080   18824
2090   18824
2100   18824
2110   18824
2120   18824
2130   18824
2140   18824
2150   18824
2160   18824
2170   18824
2180   18824
2190   18824
2200   18824
2210   18824
2220   18824
2230   18824
2240   18824
2250   18824
2260   18824
2270   18824
2280   18824
2290   18824
2300   18824
2310   18824
2320   18824
2330   18824
2340   18824
2350   18824
2360   18824
2370   18824
2380   18824
2390   18824
2400   18824
2410   18824
2420   18824
2430   18824
2440   18824
2450   18824
2460   18824
2470   18824
2480   18824
2490   18824
2500   18824
2510   18824
2520   18824
2530   18824
2540   18824
2550   18824
2560   18824
2570   18824
2580   18824
2590   18824
2600   18824
2610   18824
2620   18824
2630   18824
2640   18824
2650   18824
2660   18824
2670   18824
2680   18824
2690   18824
2700   18824
2710   18824
2720   18824
2730   18824
2740   18824
2750   18824
2760   18824
2770   18824
2780   18824
2790   18824
2800   18824
2810   18824
2820   18824
2830   18824
2840   18824
2850   18824
2860   18824
2870   18824
2880   18824
2890   18824
2900   18824
2910   18824
2920   18824
2930   18824
2940   18824
2950   18824
2960   18824
2970   18824
2980   18824
2990   18824
3000   18824
3010   18824
3020   18824
3030   18824
3040   18824
3050   18824
3060   18824
3070   18824
3080   18824
3090   18824
3100   18824
3110   18824
3120   18824
3130   18824
3140   18824
3150   18824
3160   18824
3170   18824
3180   18824
3190   18824
3200   18824
3210   18824
3220   18824
3230   18824
3240   18824
3250   18824
3260   18824
3270   18824
3280   18824
3290   18824
3300   18824
3310   18824
3320   18824
3330   18824
3340   18824
3350   18824
3360   18824
3370   18824
3380   18824
3390   18824
3400   18824
3410   18824
3420   18824
3430   18824
3440   18824
3450   18824
3460   18824
3470   18824
3480   18824
3490   18824
3500   18824
3510   18824
3520   18824
3530   18824
3540   18824
3550   18824
3560   18824
3570   18824
3580   18824
3590   18824
3600   18824
3610   18824
3620   18824
3630   18824
3640   18824
3650   18824
3660   18824
3670   18824
3680   18824
3690   18824
3700   18824
3710   18824
3720   18824
3730   18824
3740   18824
3750   18824
3760   18824
3770   18824
3780   18824
3790   18824
3800   18824
3810   18824
3820   18824
3830   18824
3840   18824
3850   17992
3860   17992
3870   17992
3880   17992
3890   17992
3900   17992
3910   17992
3920   17992
3930   17992
3940   17992
3950   17992
3960   17992
3970   17992
3980   17992
3990   17992
4000   17992
4010   17992
4020   17992
4030   17992
4040   17992
4050   17992
4060   17992
4070   17992
4080   17992
4090   17992
4100   17992
4110   17992
4120   17992
4130   17992
4140   17992
4150   17992
4160   17992
4170   17992
4180   17992
4190   17992
4200   17992
4210   17992
4220   17992
4230   17992
4240   17992
4250   17992
4260   17992
4270   17992
4280   17992
4290   17992
4300   17992
4310   17992
4320   17992
4330   17992
4340   17992
4350   17992
4360   17992
4370   17992
4380   17992
4390   17992
4400   17992
4410   17992
4420   17992
4430   17992
4440   17992
4450   17992
4460   17992
4470   17992
4480   17992
4490   17992
4500   17992
4510   17992
4520   17992
4530   17992
4540   17992
4550   17992
4560   17992
4570   17992
4580   17992
4590   17992
4600   17992
4610   17992
4620   17992
4630   17992
4640   17992
4650   17992
4660   17992
4670   17992
4680   17992
4690   17992
4700   17992
4710   17992
4720   17992
4730   17992
4740   17992
4750   17992
4760   17992
4770   17992
4780   17992
4790   17992
4800   17992
4810   17992
4820   17992
4830   17992
4840   17992
4850   17992
4860   17992
4870   17992
4880   17992
4890   17992
4900   17992
4910   17992
4920   17992
4930   17992
4940   17992
4950   17992
4960   17992
4970   17992
4980   17992
4990   17992
5000   17992
5010   17992
5020   17992
5030   17992
5040   17992
5050   17992
5060   17992
5070   17992
5080   17992
5090   17992
5100   17992
5110   17992
5120   17992
5130   17992
5140   17992
5150   17992
5160   17992
5170   17992
5180   17992
5190   17992
5200   17992
5210   17992
5220   17992
5230   17992
5240   17992
5250   17992
5260   17992
5270   17992
5280   17992
5290   17992
5300   17992
5310   17992
5320   17992
5330   17992
5340   17992
5350   17992
5360   17992
5370   17992
5380   17992
5390   17992
5400   17992
5410   17992
5420   17992
5430   17992
5440   17992
5450   17992
5460   17992
5470   17992
5480   17992
5490   17992
5500   17992
5510   17992
5520   17992
5530   17992
5540   17992
5550   17992
5560   17992
5570   17992
5580   17992
5590   17992
5600   17992
5610   17992
5620   17992
5630   17992
5640   17992
5650   17992
5660   17992
5670   17992
5680   17992
5690   17992
5700   17992
5710   17992
5720   17992
5730   17992
5740   17992
5750   17992
5760   17992
5770   17992
5780   17992
5790   17992
5800   17992
5810   17992
5820   17992
5830   17992
5840   17992
5850   17992
5860   17992
5870   17992
5880   17992
5890   17992
5900   17992
5910   17992
5920   17992
5930   17992
5940   17992
5950   17992
5960   17992
5970   17992
5980   17992
5990   17992
6000   17992
6010   17992
6020   17992
6030   17992
6040   17992
6050   17992
6060   17992
6070   17992
6080   17992
6090   17992
6100   17992
6110   17992
6120   17992
6130   17992
6140   17992
6150   17992
6160   17992
6170   17992
6180   17992
6190   17992
6200   17992
6210   17992
6220   17992
6230   17992
6240   17992
6250   17992
6260   17992
6270   17992
6280   17992
6290   17992
6300   17992
6310   17992
6320   17992
6330   17992
6340   17992
6350   17992
6360   17992
6370   17992
6380   17992
6390   17992
6400   17992
6410   17992
6420   17992
6430   17992
6440   17992
6450   17992
6460   17992
6470   17992
6480   17992
6490   17992
6500   17992
6510   17992
6520   17992
6530   17992
6540   17992
6550   17992
6560   17992
6570   17992
6580   17992
6590   17992
6600   17992
6610   17992
6620   17992
6630   17992
6640   17992
6650   17992
6660   17992
6670   17992
6680   17992
6690   17992
6700   17992
6710   17992
6720   17992
6730   17992
6740   17992
6750   17992
6760   17992
6770   17992
6780   17992
6790   17992
6800   17992
6810   17992
6820   17992
6830   17992
6840   17992
6850   17992
6860   17992
6870   17992
6880   17992
6890   17992
6900   17992
6910   17992
6920   17992
6930   17992
6940   17992
6950   17992
6960   17992
6970   17992
6980   17992
6990   17992
7000   17992
7010   17992
7020   17992
7030   17992
7040   17992
7050   17992
7060   17992
7070   17992
7080   17992
7090   17992
7100   17992
7110   17992
7120   17992
7130   17992
7140   17992
7150   17992
7160   17992
7170   17992
7180   17992
7190   17992
7200   17992
7210   17992
7220   17992
7230   17992
7240   17992
7250   17992
7260   17992
7270   17992
7280   17992
7290   17992
7300   17992
7310   17992
7320   17992
7330   17992
7340   17992
7350   17992
7360   17992
7370   17992
7380   17992
7390   17992
7400   17992
7410   17992
7420   17992
7430   17992
7440   17992
7450   17992
7460   17992
7470   17992
7480   17992
7490   17992
7500   17992
7510   17992
7520   17992
7530   17992
7540   17992
7550   17992
7560   17992
7570   17992
7580   17992
7590   17992
7600   17992
7610   17992
7620   17992
7630   17992
7640   17992
7650   17992
7660   17992
7670   17992
7680   17992
7690   17992
7700   17992
7710   17992
7720   17992
7730   17992
7740   17992
7750   17992
7760   17992
7770   17992
7780   17992
7790   17992
7800   17992
7810   17992
7820   17992
7830   17992
7840   17992
7850   17992
7860   17992
7870   17992
7880   17992
7890   17992
7900   17992
7910   17992
7920   17992
7930   17992
7940   17992
7950   17992
7960   17992
7970   17992
7980   17992
7990   17992
8000   17992
8010   17992
8020   17992
8030   17992
8040   17992
8050   17992
8060   17992
8070   17992
8080   17992
8090   17992
8100   17992
8110   17992
8120   17992
8130   17992
8140   17992
8150   17992
8160   17992
8170   17992
8180   17992
8190   17992
8200   17992
8210   17992
8220   17992
8230   17992
8240   17992
8250   17992
8260   17992
8270   17992
8280   17992
8290   17992
8300   17992
8310   17992
8320   17992
8330   17992
8340   17992
8350   17992
8360   17992
8370   17992
8380   17992
8390   17992
8400   17992
8410   17992
8420   17992
8430   17992
8440   17992
8450   17992
8460   17992
8470   17992
8480   17992
8490   17992
8500   17992
8510   17992
8520   17992
8530   17992
8540   17992
8550   17992
8560   17992
8570   17992
8580   17992
8590   17992
8600   17992
8610   17992
8620   17992
8630   17992
8640   17992
8650   17992
8660   17992
8670   17992
8680   17992
8690   17992
8700   17992
8710   17992
8720   17992
8730   17992
8740   17992
8750   17992
8760   17992
8770   17992
8780   17992
8790   17992
8800   17992
8810   17992
8820   17992
8830   17992
8840   17992
8850   17992
8860   17992
8870   17992
8880   17992
8890   17992
8900   17992
8910   17992
8920   17992
8930   17992
8940   17992
8950   17992
8960   17992
8970   17992
8980   17992
8990   17992
9000   17992
9010   17992
9020   17992
9030   17992
9040   17992
9050   17992
9060   17992
9070   17992
9080   17992
9090   17992
9100   17992
9110   17992
9120   17992
9130   17992
9140   17992
9150   17992
9160   17992
9170   17992
9180   17992
9190   17992
9200   17992
9210   17992
9220   17992
9230   17992
9240   17992
9250   17992
9260   17992
9270   17992
9280   17992
9290   17992
9300   17992
9310   17992
9320   17992
9330   17992
9340   17992
9350   17992
9360   17992
9370   17992
9380   17992
9390   17992
9400   17992
9410   17992
9420   17992
9430   17992
9440   17992
9450   17992
9460   17992
9470   17992
9480   17992
9490   17992
9500   17992
9510   17992
9520   17992
9530   17992
9540   17992
9550   17992
9560   17992
9570   17992
9580   17992
9590   17992
9600   17992
9610   17992
9620   17992
9630   17992
9640   17992
9650   17992
9660   17992
9670   17992
9680   17992
9690   17992
9700   17992
9710   17992
9720   17992
9730   17992
9740   17992
9750   17992
9760   17992
9770   17992
9780   17992
9790   17992
9800   17992
9810   17992
9820   17992
9830   17992
9840   17992
9850   17992
9860   17992
9870   17992
9880   17992
9890   17992
9900   17992
9910   17992
9920   17992
9930   17992
9940   17992
9950   17992
9960   17992
9970   17992
9980   17992
9990   17992
10000   17992
10010   17992
10020   17992
10030   17992
10040   17992
10050   17992
10060   17992
10070   17992
10080   17992
10090   17992
10100   17992
10110   17992
10120   17992
10130   17992
10140   17992
10150   17992
10160   17992
10170   17992
10180   17992
10190   17992
10200   17992
10210   17992
10220   17992
10230   17992
10240   17992
10250   17992
10260   17992
10270   17992
10280   17992
10290   17992
10300   17992
10310   17992
10320   17992
10330   17992
10340   17992
10350   17992
10360   17992
10370   17992
10380   17992
10390   17992
10400   17992
10410   17992
10420   17992
10430   17992
10440   17992
10450   17992
10460   17992
10470   17992
10480   17992
10490   17992
10500   17992
10510   17992
10520   17992
10530   17992
10540   17992
10550   17992
10560   17992
10570   17992
10580   17992
10590   17992
10600   17992
10610   17992
10620   17992
10630   17992
10640   17992
10650   17992
10660   17992
10670   17992
10680   17992
10690   17992
10700   17992
10710   17992
10720   17992
10730   17992
10740   17992
10750   17992
10760   17992
10770   17992
10780   17992
10790   17992
10800   17992
10810   17992
10820   17992
10830   17992
10840   17992
10850   17992
10860   17992
10870   17992
10880   17992
10890   17992
10900   17992
10910   17992
10920   17992
10930   17992
10940   17992
10950   17992
10960   17992
10970   17992
10980   17992
10990   17992
11000   17992
11010   17992
11020   17992
11030   17992
11040   17992
11050   17992
11060   17992
11070   17992
11080   17992
11090   17992
11100   17992
11110   17992
11120   17992
11130   17992
11140   17992
11150   17992
11160   17992
11170   17992
11180   17992
11190   17992
11200   17992
11210   17992
11220   17992
11230   17992
11240   17992
11250   17992
11260   17992
11270   17992
11280   17992
11290   17992
11300   17992
11310   17992
11320   17992
11330   17992
11340   17992
11350   17992
11360   17992
11370   17992
11380   17992
11390   17992
11400   17992
11410   17992
11420   17992
11430   17992
11440   17992
11450   17992
11460   17992
11470   17992
11480   17992
11490   17992
11500   17992
11510   17992
11520   17992
11530   17992
11540   17992
11550   17992
11560   17992
11570   17992
11580   17992
11590   17992
11600   17992
11610   17992
11620   17992
11630   17992
11640   17992
11650   17992
11660   17992
11670   17992
11680   17992
11690   17992
11700   17992
11710   17992
11720   17992
11730   17992
11740   17992
11750   17992
11760   17992
11770   17992
11780   17992
11790   17992
11800   17992
11810   17992
11820   17992
11830   17992
11840   17992
11850   17992
11860   17992
11870   17992
11880   17992
11890   17992
11900   17992
11910   17992
11920   17992
11930   17992
11940   17992
11950   17992
11960   17992
11970   17992
11980   17992
11990   17992
12000   17992
12010   17992
12020   17992
12030   17992
12040   17992
12050   17992
12060   17992
12070   17992
12080   17992
12090   17992
12100   17992
12110   17992
12120   17992
12130   17992
12140   17992
12150   17992
12160   17992
12170   17992
12180   17992
12190   17992
12200   17992
12210   17992
12220   17992
12230   17992
12240   17992
12250   17992
12260   17992
12270   17992
12280   17992
12290   17992
12300   17992
12310   17992
12320   17992
12330   17992
12340   17992
12350   17992
12360   17992
12370   17992
12380   17992
12390   17992
12400   17992
12410   17992
12420   17992
12430   17992
12440   17992
12450   17992
12460   17992
12470   17992
12480   17992
12490   17992
12500   17992
12510   17992
12520   17992
12530   17992
12540   17992
12550   17992
12560   17992
12570   17992
12580   17992
12590   17992
12600   17992
12610   17992
12620   17992
12630   17992
12640   17992
12650   17992
12660   17992
12670   17992
12680   17992
12690   17992
12700   17992
12710   17992
12720   17992
12730   17992
12740   17992
12750   17992
12760   17992
12770   17992
12780   17992
12790   17992
12800   17992
12810   17992
12820   17992
12830   17992
12840   17992
12850   17992
12860   17992
12870   17992
12880   17992
12890   17992
12900   17992
12910   17992
12920   17992
12930   17992
12940   17992
12950   17992
12960   17992
12970   17992
12980   17992
12990   17992
13000   17992
13010   17992
13020   17992
13030   17992
13040   17992
13050   17992
13060   17992
13070   17992
13080   17992
13090   17992
13100   17992
13110   17992
13120   17992
13130   17992
13140   17992
13150   17992
13160   17992
13170   17992
13180   17992
13190   17992
13200   17992
13210   17992
13220   17992
13230   17992
13240   17992
13250   17992
13260   17992
13270   17992
13280   17992
13290   17992
13300   17992
13310   17992
13320   17992
13330   17992
13340   17992
13350   17992
13360   17992
13370   17992
13380   17992
13390   17992
13400   17992
13410   17992
13420   17992
13430   17992
13440   17992
13450   17992
13460   17992
13470   17992
13480   17992
13490   17992
13500   17992
13510   17992
13520   17992
13530   17992
13540   17992
13550   17992
13560   17992
13570   17992
13580   17992
13590   17992
13600   17992
13610   17992
13620   17992
13630   17992
13640   17992
13650   17992
13660   17992
13670   17992
13680   17992
13690   17992
13700   17992
13710   17992
13720   17992
13730   17992
13740   17992
13750   17992
13760   17992
13770   17992
13780   17992
13790   17992
13800   17992
13810   17992
13820   17992
13830   17992
13840   17992
13850   17992
13860   17992
13870   17992
13880   17992
13890   17992
13900   17992
13910   17992
13920   17992
13930   17992
13940   17992
13950   17992
13960   17992
13970   17992
13980   17992
13990   17992
14000   17992
14010   17992
14020   17992
14030   17992
14040   17992
14050   17992
14060   17992
14070   17992
14080   17992
14090   17992
14100   17992
14110   17992
14120   17992
14130   17992
14140   17992
14150   17992
14160   17992
14170   17992
14180   17992
14190   17992
14200   17992
14210   17992
14220   17992
14230   17992
14240   17992
14250   17992
14260   17992
14270   17992
14280   17992
14290   17992
14300   17992
14310   17992
14320   17992
14330   17992
14340   17992
14350   17992
14360   17992
14370   17992
14380   17992
14390   17992
14400   17992
14410   17992
14420   17992
14430   17992
14440   17992
14450   17992
14460   17992
14470   17992
14480   17992
14490   17992
14500   17992
14510   17992
14520   17992
14530   17992
14540   17992
14550   17992
14560   17992
14570   17992
14580   17992
14590   17992
14600   17992
14610   17992
14620   17992
14630   17992
14640   17992
14650   17992
14660   17992
14670   17992
14680   17992
14690   17992
14700   17992
14710   17992
14720   17992
14730   17992
14740   17992
14750   17992
14760   17992
14770   17992
14780   17992
14790   17992
14800   17992
14810   17992
14820   17992
14830   17992
14840   17992
14850   17992
14860   17992
14870   17992
14880   17992
14890   17992
14900   17992
14910   17992
14920   17992
14930   17992
14940   17992
14950   17992
14960   17992
14970   17992
14980   17992
14990   17992
15000   17992
15010   17992
15020   17992
15030   17992
15040   17992
15050   17992
15060   17992
15070   17992
15080   17992
15090   17992
15100   17992
15110   17992
15120   17992
15130   17992
15140   17992
15150   17992
15160   17992
15170   17992
15180   17992
15190   17992
15200   17992
15210   17992
15220   17992
15230   17992
15240   17992
15250   17992
15260   17992
15270   17992
15280   17992
15290   17992
15300   17992
15310   17992
15320   17992
15330   17992
15340   17992
15350   17992
15360   17992
15370   17992
15380   17992
15390   17992
15400   17992
15410   17992
15420   17992
15430   17992
15440   17992
15450   17992
15460   17992
15470   17992
15480   17992
15490   17992
15500   17992
15510   17992
15520   17992
15530   17992
15540   17992
15550   17992
15560   17992
15570   17992
15580   17992
15590   17992
15600   17992
15610   17992
15620   17992
15630   17992
15640   17992
15650   17992
15660   17992
15670   17992
15680   17992
15690   17992
15700   17992
15710   17992
15720   17992
15730   17992
15740   17992
15750   17992
15760   17992
15770   17992
15780   17992
15790   17992
15800   17992
15810   17992
15820   17992
15830   17992
15840   17992
15850   17992
15860   17992
15870   17992
15880   17992
15890   17992
15900   17992
15910   17992
15920   17992
15930   17992
15940   17992
15950   17992
15960   17992
15970   17992
15980   17992
15990   17992
16000   17992
16010   17992
16020   17992
16030   17992
16040   17992
16050   17992
16060   17992
16070   17992
16080   17992
16090   17992
16100   17992
16110   17992
16120   17992
16130   17992
16140   17992
16150   17992
16160   17992
16170   17992
16180   17992
16190   17992
16200   17992
16210   17992
16220   17992
16230   17992
16240   17992
16250   17992
16260   17992
16270   17992
16280   17992
16290   17992
16300   17992
16310   17992
16320   17992
16330   17992
16340   17992
16350   17992
16360   17992
16370   17992
16380   17992
16390   17992
16400   17992
16410   17992
16420   17992
16430   17992
16440   17992
16450   17992
16460   17992
16470   17992
16480   17992
16490   17992
16500   17992
16510   17992
16520   17992
16530   17992
16540   17992
16550   17992
16560   17992
16570   17992
16580   17992
16590   17992
16600   17992
16610   17992
16620   17992
16630   17992
16640   17992
16650   17992
16660   17992
16670   17992
16680   17992
16690   17992
16700   17992
16710   17992
16720   17992
16730   17992
16740   17992
16750   17992
16760   17992
16770   17992
16780   17992
16790   17992
16800   17992
16810   17992
16820   17992
16830   17992
16840   17992
16850   17992
16860   17992
16870   17992
16880   17992
16890   17992
16900   17992
16910   17992
16920   17992
16930   17992
16940   17992
16950   17992
16960   17992
16970   17992
16980   17992
16990   17992
17000   17992
17010   17992
17020   17992
17030   17992
17040   17992
17050   17992
17060   17992
17070   17992
17080   17992
17090   17992
17100   17992
17110   17992
17120   17992
17130   17992
17140   17992
17150   17992
17160   17992
17170   17992
17180   17992
17190   17992
17200   17992
17210   17992
17220   17992
17230   17992
17240   17992
17250   17992
17260   17992
17270   17992
17280   17992
17290   17992
17300   17992
17310   17992
17320   17992
17330   17992
17340   17992
17350   17992
17360   17992
17370   17992
17380   17992
17390   17992
17400   17992
17410   17992
17420   17992
17430   17992
17440   17992
17450   17992
17460   17992
17470   17992
17480   17992
17490   17992
17500   17992
17510   17992
17520   17992
17530   17992
17540   17992
17550   17992
17560   17992
17570   17992
17580   17992
17590   17992
17600   17992
17610   17992
17620   17992
17630   17992
17640   17992
17650   17992
17660   17992
17670   17992
17680   17992
17690   17992
17700   17992
17710   17992
17720   17992
17730   17992
17740   17992
17750   17992
17760   17992
17770   17992
17780   17992
17790   17992
17800   17992
17810   17992
17820   17992
17830   17992
17840   17992
17850   17992
17860   17992
17870   17992
17880   17992
17890   17992
17900   17992
17910   17992
17920   17992
17930   17992
17940   17992
17950   17992
17960   17992
17970   17992
17980   17992
17990   17992
18000   17992
18010   17992
18020   17992
18030   17992
18040   17992
18050   17992
18060   17992
18070   17992
18080   17992
18090   17992
18100   17992
18110   17992
18120   17992
18130   17992
18140   17992
18150   17992
18160   17992
18170   17992
18180   17992
18190   17992
18200   17992
18210   17992
18220   17992
18230   17992
18240   17992
18250   17992
18260   17992
18270   17992
18280   17992
18290   17992
18300   17992
18310   17992
18320   17992
18330   17992
18340   17992
18350   17992
18360   17992
18370   17992
18380   17992
18390   17992
18400   17992
18410   17992
18420   17992
18430   17992
18440   17992
18450   17992
18460   17992
18470   17992
18480   17992
18490   17992
18500   17992
18510   17992
18520   17992
18530   17992
18540   17992
18550   17992
18560   17992
18570   17992
18580   17992
18590   17992
18600   17992
18610   17992
18620   17992
18630   17992
18640   17992
18650   17992
18660   17992
18670   17992
18680   17992
18690   17992
18700   17992
18710   17992
18720   17992
18730   17992
18740   17992
18750   17992
18760   17992
18770   17992
18780   17992
18790   17992
18800   17992
18810   17992
18820   17992
18830   17992
18840   17992
18850   17992
18860   17992
18870   17992
18880   17992
18890   17992
18900   17992
18910   17992
18920   17992
18930   17992
18940   17992
18950   17992
18960   17992
18970   17992
18980   17992
18990   17992
19000   17992
19010   17992
19020   17992
19030   17992
19040   17992
19050   17992
19060   17992
19070   17992
19080   17992
19090   17992
19100   17992
19110   17992
19120   17992
19130   17992
19140   17992
19150   17992
19160   17992
19170   17992
19180   17992
19190   17992
19200   17992
19210   17992
19220   17992
19230   17992
19240   17992
19250   17992
19260   17992
19270   17992
19280   17992
19290   17992
19300   17992
19310   17992
19320   17992
19330   17992
19340   17992
19350   17992
19360   17992
19370   17992
19380   17992
19390   17992
19400   17992
19410   17992
19420   17992
19430   17992
19440   17992
19450   17992
19460   17992
19470   17992
19480   17992
19490   17992
19500   17992
19510   17992
19520   17992
19530   17992
19540   17992
19550   17992
19560   17992
19570   17992
19580   17992
19590   17992
19600   17992
19610   17992
19620   17992
19630   17992
19640   17992
19650   17992
19660   17992
19670   17992
19680   17992
19690   17992
19700   17992
19710   17992
19720   17992
19730   17992
19740   17992
19750   17992
19760   17992
19770   17992
19780   17992
19790   17992
19800   17992
19810   17992
19820   17992
19830   17992
19840   17992
19850   17992
19860   17992
19870   17992
19880   17992
19890   17992
19900   17992
19910   17992
19920   17992
19930   17992
19940   17992
19950   17992
19960   17992
19970   17992
19980   17992
19990   17992
20000   17992
20010   17992
20020   17992
20030   17992
20040   17992
20050   17992
20060   17992
20070   17992
20080   17992
20090   17992
20100   17992
20110   17992
20120   17992
20130   17992
20140   17992
20150   17992
20160   17992
20170   17992
20180   17992
20190   17992
20200   17992
20210   17992
20220   17992
20230   17992
20240   17992
20250   17992
20260   17992
20270   17992
20280   17992
20290   17992
20300   17992
20310   17992
20320   17992
20330   17992
20340   17992
20350   17992
20360   17992
20370   17992
20380   17992
20390   17992
20400   17992
20410   17992
20420   17992
20430   17992
20440   17992
20450   17992
20460   17992
20470   17992
20480   17992
20490   17992
20500   17992
20510   17992
20520   17992
20530   17992
20540   17992
20550   17992
20560   17992
20570   17992
20580   17992
20590   17992
20600   17992
20610   17992
20620   17992
20630   17992
20640   17992
20650   17992
20660   17992
20670   17992
20680   17992
20690   17992
20700   17992
20710   17992
20720   17992
20730   17992
20740   17992
20750   17992
20760   17992
20770   17992
20780   17992
20790   17992
20800   17992
20810   17992
20820   17992
20830   17992
20840   17992
20850   17992
20860   17992
20870   17992
20880   17992
20890   17992
20900   17992
20910   17992
20920   17992
20930   17992
20940   17992
20950   17992
20960   17992
20970   17992
20980   17992
20990   17992
21000   17992
21010   17992
21020   17992
21030   17992
21040   17992
21050   17992
21060   17992
21070   17992
21080   17992
21090   17992
21100   17992
21110   17992
21120   17992
21130   17992
21140   17992
21150   17992
21160   17992
21170   17992
21180   17992
21190   17992
21200   17992
21210   17992
21220   17992
21230   17992
21240   17992
21250   17992
21260   17992
21270   17992
21280   17992
21290   17992
21300   17992
21310   17992
21320   17992
21330   17992
21340   17992
21350   17992
21360   17992
21370   17992
21380   17992
21390   17992
21400   17992
21410   17992
21420   17992
21430   17992
21440   17992
21450   17992
21460   17992
21470   17992
21480   17992
21490   17992
21500   17992
21510   17992
21520   17992
21530   17992
21540   17992
21550   17992
21560   17992
21570   17992
21580   17992
21590   17992
21600   17992
21610   17992
21620   17992
21630   17992
21640   17992
21650   17992
21660   17992
21670   17992
21680   17992
21690   17992
21700   17992
21710   17992
21720   17992
21730   17992
21740   17992
21750   17992
21760   17992
21770   17992
21780   17992
21790   17992
21800   17992
21810   17992
21820   17992
21830   17992
21840   17992
21850   17992
21860   17992
21870   17992
21880   17992
21890   17992
21900   17992
21910   17992
21920   17992
21930   17992
21940   17992
21950   17992
21960   17992
21970   17992
21980   17992
21990   17992
22000   17992
22010   17992
22020   17992
22030   17992
22040   17992
22050   17992
22060   17992
22070   17992
22080   17992
22090   17992
22100   17992
22110   17992
22120   17992
22130   17992
22140   17992
22150   17992
22160   17992
22170   17992
22180   17992
22190   17992
22200   17992
22210   17992
22220   17992
22230   17992
22240   17992
22250   17992
22260   17992
22270   17992
22280   17992
22290   17992
22300   17992
22310   17992
22320   17992
22330   17992
22340   17992
22350   17992
22360   17992
22370   17992
22380   17992
22390   17992
22400   17992
22410   17992
22420   17992
22430   17992
22440   17992
22450   17992
22460   17992
22470   17992
22480   17992
22490   17992
22500   17992
22510   17992
22520   17992
22530   17992
22540   17992
22550   17992
22560   17992
22570   17992
22580   17992
22590   17992
22600   17992
22610   17992
22620   17992
22630   17992
22640   17992
22650   17992
22660   17992
22670   17992
22680   17992
22690   17992
22700   17992
22710   17992
22720   17992
22730   17992
22740   17992
22750   17992
22760   17992
22770   17992
22780   17992
22790   17992
22800   17992
22810   17992
22820   17992
22830   17992
22840   17992
22850   17992
22860   17992
22870   17992
22880   17992
22890   17992
22900   17992
22910   17992
22920   17992
22930   17992
22940   17992
22950   17992
22960   17992
22970   17992
22980   17992
22990   17992
23000   17992
23010   17992
23020   17992
23030   17992
23040   17992
23050   17992
23060   17992
23070   17992
23080   17992
23090   17992
23100   17992
23110   17992
23120   17992
23130   17992
23140   17992
23150   17992
23160   17992
23170   17992
23180   17992
23190   17992
23200   17992
23210   17992
23220   17992
23230   17992
23240   17992
23250   17992
23260   17992
23270   17992
23280   17992
23290   17992
23300   17992
23310   17992
23320   17992
23330   17992
23340   17992
23350   17992
23360   17992
23370   17992
23380   17992
23390   17992
23400   17992
23410   17992
23420   17992
23430   17992
23440   17992
23450   17992
23460   17992
23470   17992
23480   17992
23490   17992
23500   17992
23510   17992
23520   17992
23530   17992
23540   17992
23550   17992
23560   17992
23570   17992
23580   17992
23590   17992
23600   17992
23610   17992
23620   17992
23630   17992
23640   17992
23650   17992
23660   17992
23670   17992
23680   17992
23690   17992
23700   17992
23710   17992
23720   17992
23730   17992
23740   17992
23750   17992
23760   17992
23770   17992
23780   17992
23790   17992
23800   17992
23810   17992
23820   17992
23830   17992
23840   17992
23850   17992
23860   17992
23870   17992
23880   17992
23890   17992
23900   17992
23910   17992
23920   17992
23930   17992
23940   17992
23950   17992
23960   17992
23970   17992
23980   17992
23990   17992
24000   17992
24010   17992
24020   17992
24030   17992
24040   17992
24050   17992
24060   17992
24070   17992
24080   17992
24090   17992
24100   17992
24110   17992
24120   17992
24130   17992
24140   17992
24150   17992
24160   17992
24170   17992
24180   17992
24190   17992
24200   17992
24210   17992
24220   17992
24230   17992
24240   17992
24250   17992
24260   17992
24270   17992
24280   17992
24290   17992
24300   17992
24310   17992
24320   17992
24330   17992
24340   17992
24350   17992
24360   17992
24370   17992
24380   17992
24390   17992
24400   17992
24410   17992
24420   17992
24430   17992
24440   17992
24450   17992
24460   17992
24470   17992
24480   17992
24490   17992
24500   17992
24510   17992
24520   17992
24530   17992
24540   17992
24550   17992
24560   17992
24570   17992
24580   17992
24590   17992
24600   17992
24610   17992
24620   17992
24630   17992
24640   17992
24650   17992
24660   17992
24670   17992
24680   17992
24690   17992
24700   17992
24710   17992
24720   17992
24730   17992
24740   17992
24750   17992
24760   17992
24770   17992
24780   17992
24790   17992
24800   17992
24810   17992
24820   17992
24830   17992
24840   17992
24850   17992
24860   17992
24870   17992
24880   17992
24890   17992
24900   17992
24910   17992
24920   17992
24930   17992
24940   17992
24950   17992
24960   17992
24970   17992
24980   17992
24990   17992
25000   17992
25010   17992
25020   17992
25030   17992
25040   17992
25050   17992
25060   17992
25070   17992
25080   17992
25090   17992
25100   17992
25110   17992
25120   17992
25130   17992
25140   17992
25150   17992
25160   17992
25170   17992
25180   17992
25190   17992
25200   17992
25210   17992
25220   17992
25230   17992
25240   17992
25250   17992
25260   17992
25270   17992
25280   17992
25290   17992
25300   17992
25310   17992
25320   17992
25330   17992
25340   17992
25350   17992
25360   17992
25370   17992
25380   17992
25390   17992
25400   17992
25410   17992
25420   17992
25430   17992
25440   17992
25450   17992
25460   17992
25470   17992
25480   17992
25490   17992
25500   17992
25510   17992
25520   17992
25530   17992
25540   17992
25550   17992
25560   17992
25570   17992
25580   17992
25590   17992
25600   17992
25610   17992
25620   17992
25630   17992
25640   17992
25650   17992
25660   17992
25670   17992
25680   17992
25690   17992
25700   17992
25710   17992
25720   17992
25730   17992
25740   17992
25750   17992
25760   17992
25770   17992
25780   17992
25790   17992
25800   17992
25810   17992
25820   17992
25830   17992
25840   17992
25850   17992
25860   17992
25870   17992
25880   17992
25890   17992
25900   17992
25910   17992
25920   17992
25930   17992
25940   17992
25950   17992
25960   17992
25970   17992
25980   17992
25990   17992
26000   17992
26010   17992
26020   17992
26030   17992
26040   17992
26050   17992
26060   17992
26070   17992
26080   17992
26090   17992
26100   17992
26110   17992
26120   17992
26130   17992
26140   17992
26150   17992
26160   17992
26170   17992
26180   17992
26190   17992
26200   17992
26210   17992
26220   17992
26230   17992
26240   17992
26250   17992
26260   17992
26270   17992
26280   17992
26290   17992
26300   17992
26310   17992
26320   17992
26330   17992
26340   17992
26350   17992
26360   17992
26370   17992
26380   17992
26390   17992
26400   17992
26410   17992
26420   17992
26430   17992
26440   17992
26450   17992
26460   17992
26470   17992
26480   17992
26490   17992
26500   17992
26510   17992
26520   17992
26530   17992
26540   17992
26550   17992
26560   17992
26570   17992
26580   17992
26590   17992
26600   17992
26610   17992
26620   17992
26630   17992
26640   17992
26650   17992
26660   17992
26670   17992
26680   17992
26690   17992
26700   17992
26710   17992
26720   17992
26730   17992
26740   17992
26750   17992
26760   17992
26770   17992
26780   17992
26790   17992
26800   17992
26810   17992
26820   17992
26830   17992
26840   17992
26850   17992
26860   17992
26870   17992
26880   17992
26890   17992
26900   17992
26910   17992
26920   17992
26930   17992
26940   17992
26950   17992
26960   17992
26970   17992
26980   17992
26990   17992
27000   17992
27010   17992
27020   17992
27030   17992
27040   17992
27050   17992
27060   17992
27070   17992
27080   17992
27090   17992
27100   17992
27110   17992
27120   17992
27130   17992
27140   17992
27150   17992
27160   17992
27170   17992
27180   17992
27190   17992
27200   17992
27210   17992
27220   17992
27230   17992
27240   17992
27250   17992
27260   17992
27270   17992
27280   17992
27290   17992
27300   17992
27310   17992
27320   17992
27330   17992
27340   17992
27350   17992
27360   17992
27370   17992
27380   17992
27390   17992
27400   17992
27410   17992
27420   17992
27430   17992
27440   17992
27450   17992
27460   17992
27470   17992
27480   17992
27490   17992
27500   17992
27510   17992
27520   17992
27530   17992
27540   17992
27550   17992
27560   17992
27570   17992
27580   17992
27590   17992
27600   17992
27610   17992
27620   17992
27630   17992
27640   17992
27650   17992
27660   17992
27670   17992
27680   17992
27690   17992
27700   17992
27710   17992
27720   17992
27730   17992
27740   17992
27750   17992
27760   17992
27770   17992
27780   17992
27790   17992
27800   17992
27810   17992
27820   17992
27830   17992
27840   17992
27850   17992
27860   17992
27870   17992
27880   17992
27890   17992
27900   17992
27910   17992
27920   17992
27930   17992
27940   17992
27950   17992
27960   17992
27970   17992
27980   17992
27990   17992
28000   17992
28010   17992
28020   17992
28030   17992
28040   17992
28050   17992
28060   17992
28070   17992
28080   17992
28090   17992
28100   17992
28110   17992
28120   17992
28130   17992
28140   17992
28150   17992
28160   17992
28170   17992
28180   17992
28190   17992
28200   17992
28210   17992
28220   17992
28230   17992
28240   17992
28250   17992
28260   17992
28270   17992
28280   17992
28290   17992
28300   17992
28310   17992
28320   17992
28330   17992
28340   17992
28350   17992
28360   17992
28370   17992
28380   17992
28390   17992
28400   17992
28410   17992
28420   17992
28430   17992
28440   17992
28450   17992
28460   17992
28470   17992
28480   17992
28490   17992
28500   17992
28510   17992
28520   17992
28530   17992
28540   17992
28550   17992
28560   17992
28570   17992
28580   17992
28590   17992
28600   17992
28610   17992
28620   17992
28630   17992
28640   17992
28650   17992
28660   17992
28670   17992
28680   17992
28690   17992
28700   17992
28710   17992
28720   17992
28730   17992
28740   17992
28750   17992
28760   17992
28770   17992
28780   17992
28790   17992
28800   17992
28810   17992
28820   17992
28830   17992
28840   17992
28850   17992
28860   17992
28870   17992
28880   17992
28890   17992
28900   17992
28910   17992
28920   17992
28930   17992
28940   17992
28950   17992
28960   17992
28970   17992
28980   17992
28990   17992
29000   17992
29010   17992
29020   17992
29030   17992
29040   17992
29050   17992
29060   17992
29070   17992
29080   17992
29090   17992
29100   17992
29110   17992
29120   17992
29130   17992
29140   17992
29150   17992
29160   17992
29170   17992
29180   17992
29190   17992
29200   17992
29210   17992
29220   17992
29230   17992
29240   17992
29250   17992
29260   17992
29270   17992
29280   17992
29290   17992
29300   17992
29310   17992
29320   17992
29330   17992
29340   17992
29350   17992
29360   17992
29370   17992
29380   17992
29390   17992
29400   17992
29410   17992
29420   17992
29430   17992
29440   17992
29450   17992
29460   17992
29470   17992
29480   17992
29490   17992
29500   17992
29510   17992
29520   17992
29530   17992
29540   17992
29550   17992
29560   17992
29570   17992
29580   17992
29590   17992
29600   17992
29610   17992
29620   17992
29630   17992
29640   17992
29650   17992
29660   17992
29670   17992
29680   17992
29690   17992
29700   17992
29710   17992
29720   17992
29730   17992
29740   17992
29750   17992
29760   17992
29770   17992
29780   17992
29790   17992
29800   17992
29810   17992
29820   17992
29830   17992
29840   17992
29850   17992
29860   17992
29870   17992
29880   17992
29890   17992
29900   17992
29910   17992
29920   17992
29930   17992
29940   17992
29950   17992
29960   17992
29970   17992
29980   17992
29990   17992
30000   17992
30010   17992
30020   17992
30030   17992
30040   17992
30050   17992
30060   17992
30070   17992
30080   17992
30090   17992
30100   17992
30110   17992
30120   17992
30130   17992
30140   17992
30150   17992
30160   17992
30170   17992
30180   17992
30190   17992
30200   17992
30210   17992
30220   17992
30230   17992
30240   17992
30250   17992
30260   17992
30270   17992
30280   17992
30290   17992
30300   17992
30310   17992
30320   17992
30330   17992
30340   17992
30350   17992
30360   17992
30370   17992
30380   17992
30390   17992
30400   17992
30410   17992
30420   17992
30430   17992
30440   17992
30450   17992
30460   17992
30470   17992
30480   17992
30490   17992
30500   17992
30510   17992
30520   17992
30530   17992
30540   17992
30550   17992
30560   17992
30570   17992
30580   17992
30590   17992
30600   17992
30610   17992
30620   17992
30630   17992
30640   17992
30650   17992
30660   17992
30670   17992
30680   17992
30690   17992
30700   17992
30710   17992
30720   17992
30730   17992
30740   17992
30750   17992
30760   17992
30770   17992
30780   17992
30790   17992
30800   17992
30810   17992
30820   17992
30830   17992
30840   17992
30850   17992
30860   17992
30870   17992
30880   17992
30890   17992
30900   17992
30910   17992
30920   17992
30930   17992
30940   17992
30950   17992
30960   17992
30970   17992
30980   17992
30990   17992
31000   17992
