10   11586
20   11586
30   11586
40   11586
50   11586
60   11586
70   11586
80   11586
90   11586
100   11586
110   11586
120   11586
130   11586
140   11586
150   11586
160   11586
170   11586
180   11586
190   11488
200   11384
210   11384
220   11384
230   11384
240   11384
250   11384
260   11384
270   11384
280   11320
290   11320
300   11188
310   11188
320   11188
330   11188
340   11188
350   11188
360   11188
370   11188
380   11188
390   11152
400   11152
410   11152
420   11152
430   11152
440   11152
450   11152
460   11152
470   11152
480   11152
490   11152
500   11152
510   11152
520   11152
530   11152
540   11152
550   11152
560   11152
570   11152
580   11152
590   11152
600   11152
610   11152
620   10968
630   10968
640   10968
650   10968
660   10968
670   10954
680   10954
690   10954
700   10954
710   10954
720   10954
730   10954
740   10954
750   10954
760   10954
770   10954
780   10954
790   10954
800   10954
810   10954
820   10954
830   10954
840   10954
850   10954
860   10954
870   10954
880   10954
890   10954
900   10954
910   10954
920   10954
930   10954
940   10954
950   10954
960   10954
970   10954
980   10954
990   10954
1000   10954
1010   10954
1020   10954
1030   10954
1040   10954
1050   10954
1060   10954
1070   10954
1080   10954
1090   10954
1100   10954
1110   10954
1120   10954
1130   10954
1140   10954
1150   10954
1160   10954
1170   10954
1180   10954
1190   10954
1200   10954
1210   10954
1220   10954
1230   10954
1240   10954
1250   10954
1260   10954
1270   10954
1280   10954
1290   10954
1300   10954
1310   10954
1320   10954
1330   10954
1340   10954
1350   10954
1360   10954
1370   10954
1380   10954
1390   10954
1400   10954
1410   10954
1420   10954
1430   10954
1440   10954
1450   10954
1460   10954
1470   10954
1480   10954
1490   10792
1500   10792
1510   10792
1520   10792
1530   10768
1540   10736
1550   10736
1560   10736
1570   10736
1580   10736
1590   10736
1600   10736
1610   10736
1620   10736
1630   10736
1640   10736
1650   10736
1660   10736
1670   10736
1680   10736
1690   10736
1700   10736
1710   10736
1720   10736
1730   10736
1740   10736
1750   10736
1760   10736
1770   10736
1780   10736
1790   10736
1800   10736
1810   10736
1820   10736
1830   10736
1840   10736
1850   10736
1860   10736
1870   10736
1880   10736
1890   10448
1900   10448
1910   10448
1920   10448
1930   10448
1940   10448
1950   10448
1960   10448
1970   10448
1980   10448
1990   10448
2000   10448
2010   10448
2020   10448
2030   10448
2040   10448
2050   10448
2060   10448
2070   10448
2080   10448
2090   10448
2100   10448
2110   10448
2120   10448
2130   10448
2140   10448
2150   10448
2160   10448
2170   10448
2180   10448
2190   10448
2200   10448
2210   10448
2220   10448
2230   10448
2240   10448
2250   10448
2260   10448
2270   10448
2280   10448
2290   10448
2300   10448
2310   10448
2320   10448
2330   10448
2340   10448
2350   10448
2360   10448
2370   10448
2380   10448
2390   10448
2400   10448
2410   10448
2420   10448
2430   10448
2440   10448
2450   10448
2460   10448
2470   10448
2480   10448
2490   10448
2500   10448
2510   10448
2520   10448
2530   10448
2540   10448
2550   10448
2560   10448
2570   10448
2580   10448
2590   10448
2600   10448
2610   10448
2620   10448
2630   10448
2640   10448
2650   10448
2660   10448
2670   10448
2680   10448
2690   10448
2700   10448
2710   10448
2720   10448
2730   10448
2740   10448
2750   10448
2760   10448
2770   10448
2780   10448
2790   10448
2800   10448
2810   10448
2820   10448
2830   10448
2840   10448
2850   10448
2860   10448
2870   10448
2880   10448
2890   10448
2900   10448
2910   10448
2920   10448
2930   10448
2940   10448
2950   10448
2960   10448
2970   10448
2980   10448
2990   10448
3000   10448
3010   10448
3020   10448
3030   10448
3040   10448
3050   10448
3060   10448
3070   10448
3080   10448
3090   10448
3100   10448
3110   10448
3120   10448
3130   10448
3140   10448
3150   10448
3160   10448
3170   10448
3180   10448
3190   10448
3200   10448
3210   10448
3220   10448
3230   10448
3240   10448
3250   10448
3260   10448
3270   10448
3280   10448
3290   10448
3300   10448
3310   10448
3320   10448
3330   10448
3340   10448
3350   10448
3360   10448
3370   10448
3380   10448
3390   10448
3400   10448
3410   10448
3420   10448
3430   10448
3440   10448
3450   10448
3460   10448
3470   10448
3480   10448
3490   10448
3500   10448
3510   10448
3520   10448
3530   10448
3540   10448
3550   10448
3560   10448
3570   10448
3580   10448
3590   10448
3600   10448
3610   10448
3620   10448
3630   10448
3640   10448
3650   10448
3660   10448
3670   10448
3680   10448
3690   10448
3700   10448
3710   10448
3720   10448
3730   10448
3740   10448
3750   10448
3760   10448
3770   10448
3780   10448
3790   10448
3800   10448
3810   10448
3820   10448
3830   10448
3840   10448
3850   10448
3860   10448
3870   10448
3880   10448
3890   10448
3900   10448
3910   10448
3920   10448
3930   10448
3940   10448
3950   10448
3960   10448
3970   10448
3980   10448
3990   10448
4000   10448
4010   10448
4020   10448
4030   10448
4040   10448
4050   10448
4060   10448
4070   10448
4080   10448
4090   10448
4100   10448
4110   10448
4120   10448
4130   10448
4140   10448
4150   10448
4160   10448
4170   10448
4180   10448
4190   10448
4200   10448
4210   10448
4220   10448
4230   10448
4240   10448
4250   10448
4260   10448
4270   10448
4280   10448
4290   10448
4300   10448
4310   10448
4320   10448
4330   10448
4340   10448
4350   10448
4360   10448
4370   10448
4380   10448
4390   10448
4400   10448
4410   10448
4420   10448
4430   10448
4440   10448
4450   10448
4460   10448
4470   10448
4480   10448
4490   10448
4500   10448
4510   10448
4520   10448
4530   10448
4540   10448
4550   10448
4560   10448
4570   10448
4580   10448
4590   10448
4600   10448
4610   10448
4620   10448
4630   10448
4640   10448
4650   10448
4660   10448
4670   10448
4680   10448
4690   10448
4700   10448
4710   10448
4720   10448
4730   10448
4740   10448
4750   10448
4760   10448
4770   10448
4780   10448
4790   10448
4800   10448
4810   10448
4820   10448
4830   10448
4840   10448
4850   10448
4860   10448
4870   10448
4880   10448
4890   10448
4900   10448
4910   10448
4920   10448
4930   10448
4940   10448
4950   10448
4960   10448
4970   10448
4980   10448
4990   10448
5000   10448
5010   10448
5020   10448
5030   10448
5040   10448
5050   10448
5060   10448
5070   10448
5080   10448
5090   10448
5100   10448
5110   10448
5120   10448
5130   10448
5140   10448
5150   10448
5160   10448
5170   10448
5180   10448
5190   10448
5200   10448
5210   10448
5220   10448
5230   10448
5240   10448
5250   10448
5260   10448
5270   10448
5280   10448
5290   10448
5300   10448
5310   10448
5320   10448
5330   10448
5340   10448
5350   10448
5360   10448
5370   10448
5380   10448
5390   10448
5400   10448
5410   10448
5420   10448
5430   10448
5440   10448
5450   10448
5460   10448
5470   10448
5480   10448
5490   10448
5500   10448
5510   10448
5520   10448
5530   10448
5540   10448
5550   10448
5560   10448
5570   10448
5580   10448
5590   10448
5600   10448
5610   10448
5620   10448
5630   10448
5640   10448
5650   10448
5660   10448
5670   10448
5680   10448
5690   10448
5700   10448
5710   10448
5720   10448
5730   10448
5740   10448
5750   10448
5760   10448
5770   10448
5780   10448
5790   10448
5800   10448
5810   10448
5820   10448
5830   10448
5840   10448
5850   10448
5860   10448
5870   10448
5880   10448
5890   10448
5900   10448
5910   10448
5920   10448
5930   10448
5940   10448
5950   10448
5960   10448
5970   10448
5980   10448
5990   10448
6000   10448
6010   10448
6020   10448
6030   10448
6040   10448
6050   10448
6060   10448
6070   10448
6080   10448
6090   10448
6100   10448
6110   10448
6120   10448
6130   10448
6140   10448
6150   10448
6160   10448
6170   10448
6180   10448
6190   10448
6200   10448
6210   10448
6220   10448
6230   10448
6240   10448
6250   10448
6260   10448
6270   10448
6280   10448
6290   10448
6300   10448
6310   10448
6320   10448
6330   10448
6340   10448
6350   10448
6360   10448
6370   10448
6380   10448
6390   10448
6400   10448
6410   10448
6420   10448
6430   10448
6440   10448
6450   10448
6460   10448
6470   10448
6480   10448
6490   10448
6500   10448
6510   10448
6520   10448
6530   10448
6540   10448
6550   10448
6560   10448
6570   10448
6580   10448
6590   10448
6600   10448
6610   10448
6620   10448
6630   10448
6640   10448
6650   10448
6660   10448
6670   10448
6680   10448
6690   10448
6700   10448
6710   10448
6720   10448
6730   10448
6740   10448
6750   10448
6760   10448
6770   10448
6780   10448
6790   10448
6800   10448
6810   10448
6820   10448
6830   10448
6840   10448
6850   10448
6860   10448
6870   10448
6880   10448
6890   10448
6900   10448
6910   10448
6920   10448
6930   10448
6940   10448
6950   10448
6960   10448
6970   10448
6980   10448
6990   10448
7000   10448
7010   10448
7020   10448
7030   10448
7040   10448
7050   10448
7060   10448
7070   10448
7080   10448
7090   10448
7100   10448
7110   10448
7120   10448
7130   10448
7140   10448
7150   10448
7160   10448
7170   10448
7180   10448
7190   10448
7200   10448
7210   10448
7220   10448
7230   10448
7240   10448
7250   10448
7260   10448
7270   10448
7280   10448
7290   10448
7300   10448
7310   10448
7320   10448
7330   10448
7340   10448
7350   10448
7360   10448
7370   10448
7380   10448
7390   10448
7400   10448
7410   10448
7420   10448
7430   10448
7440   10448
7450   10448
7460   10448
7470   10448
7480   10448
7490   10448
7500   10448
7510   10448
7520   10448
7530   10448
7540   10448
7550   10448
7560   10448
7570   10448
7580   10448
7590   10448
7600   10448
7610   10448
7620   10448
7630   10448
7640   10448
7650   10448
7660   10448
7670   10448
7680   10448
7690   10448
7700   10448
7710   10448
7720   10448
7730   10448
7740   10448
7750   10448
7760   10448
7770   10448
7780   10448
7790   10448
7800   10448
7810   10448
7820   10448
7830   10448
7840   10448
7850   10448
7860   10448
7870   10448
7880   10448
7890   10448
7900   10448
7910   10448
7920   10448
7930   10448
7940   10448
7950   10448
7960   10448
7970   10448
7980   10448
7990   10448
8000   10448
8010   10448
8020   10448
8030   10448
8040   10448
8050   10448
8060   10448
8070   10448
8080   10448
8090   10448
8100   10448
8110   10448
8120   10448
8130   10448
8140   10448
8150   10448
8160   10448
8170   10448
8180   10448
8190   10448
8200   10448
8210   10448
8220   10448
8230   10448
8240   10448
8250   10448
8260   10448
8270   10448
8280   10448
8290   10448
8300   10448
8310   10448
8320   10448
8330   10448
8340   10448
8350   10448
8360   10448
8370   10448
8380   10448
8390   10448
8400   10448
8410   10448
8420   10448
8430   10448
8440   10448
8450   10448
8460   10448
8470   10448
8480   10448
8490   10448
8500   10448
8510   10448
8520   10448
8530   10448
8540   10448
8550   10448
8560   10448
8570   10448
8580   10448
8590   10448
8600   10448
8610   10448
8620   10448
8630   10448
8640   10448
8650   10448
8660   10448
8670   10448
8680   10448
8690   10448
8700   10448
8710   10448
8720   10448
8730   10448
8740   10448
8750   10448
8760   10448
8770   10448
8780   10448
8790   10448
8800   10448
8810   10448
8820   10448
8830   10448
8840   10448
8850   10448
8860   10448
8870   10448
8880   10448
8890   10448
8900   10448
8910   10448
8920   10448
8930   10448
8940   10448
8950   10448
8960   10448
8970   10448
8980   10448
8990   10448
9000   10448
9010   10448
9020   10448
9030   10448
9040   10448
9050   10448
9060   10448
9070   10448
9080   10448
9090   10448
9100   10448
9110   10448
9120   10448
9130   10448
9140   10448
9150   10448
9160   10448
9170   10448
9180   10448
9190   10448
9200   10448
9210   10448
9220   10448
9230   10448
9240   10448
9250   10448
9260   10448
9270   10448
9280   10448
9290   10448
9300   10448
9310   10448
9320   10448
9330   10448
9340   10448
9350   10448
9360   10448
9370   10448
9380   10448
9390   10448
9400   10448
9410   10448
9420   10448
9430   10448
9440   10448
9450   10448
9460   10448
9470   10448
9480   10448
9490   10448
9500   10448
9510   10448
9520   10448
9530   10448
9540   10448
9550   10448
9560   10448
9570   10448
9580   10448
9590   10448
9600   10448
9610   10448
9620   10448
9630   10448
9640   10448
9650   10448
9660   10448
9670   10448
9680   10448
9690   10448
9700   10448
9710   10448
9720   10448
9730   10448
9740   10448
9750   10448
9760   10448
9770   10448
9780   10448
9790   10448
9800   10448
9810   10448
9820   10448
9830   10448
9840   10448
9850   10320
9860   10320
9870   10320
9880   10320
9890   10320
9900   10320
9910   10320
9920   10320
9930   10320
9940   10320
9950   10320
9960   10320
9970   10320
9980   10320
9990   10320
10000   10320
10010   10320
10020   10320
10030   10320
10040   10320
10050   10320
10060   10320
10070   10320
10080   10320
10090   10320
10100   10320
10110   10320
10120   10320
10130   10320
10140   10320
10150   10320
10160   10320
10170   10320
10180   10320
10190   10320
10200   10320
10210   10320
10220   10320
10230   10320
10240   10320
10250   10320
10260   10320
10270   10320
10280   10320
10290   10320
10300   10320
10310   10320
10320   10320
10330   10320
10340   10320
10350   10320
10360   10320
10370   10320
10380   10320
10390   10320
10400   10320
10410   10320
10420   10320
10430   10320
10440   10320
10450   10320
10460   10320
10470   10320
10480   10320
10490   10320
10500   10320
10510   10320
10520   10320
10530   10320
10540   10320
10550   10320
10560   10320
10570   10320
10580   10320
10590   10320
10600   10320
10610   10320
10620   10320
10630   10320
10640   10320
10650   10320
10660   10320
10670   10320
10680   10320
10690   10320
10700   10320
10710   10320
10720   10320
10730   10320
10740   10320
10750   10320
10760   10320
10770   10320
10780   10320
10790   10320
10800   10320
10810   10320
10820   10320
10830   10320
10840   10320
10850   10320
10860   10320
10870   10320
10880   10320
10890   10320
10900   10320
10910   10320
10920   10320
10930   10320
10940   10320
10950   10320
10960   10320
10970   10320
10980   10320
10990   10320
11000   10320
11010   10320
11020   10320
11030   10320
11040   10320
11050   10320
11060   10320
11070   10320
11080   10320
11090   10320
11100   10320
11110   10320
11120   10320
11130   10320
11140   10320
11150   10320
11160   10320
11170   10320
11180   10320
11190   10320
11200   10320
11210   10320
11220   10320
11230   10320
11240   10320
11250   10320
11260   10320
11270   10320
11280   10240
11290   10240
11300   10240
11310   10240
11320   10240
11330   10240
11340   10240
11350   10240
11360   10240
11370   10240
11380   10240
11390   10240
11400   10240
11410   10240
11420   10240
11430   10240
11440   10240
11450   10240
11460   10240
11470   10240
11480   10240
11490   10240
11500   10240
11510   10240
11520   10240
11530   10240
11540   10240
11550   10240
11560   10240
11570   10240
11580   10240
11590   10240
11600   10240
11610   10240
11620   10240
11630   10240
11640   10240
11650   10240
11660   10240
11670   10240
11680   10240
11690   10240
11700   10240
11710   10240
11720   10240
11730   10240
11740   10240
11750   10240
11760   10240
11770   10240
11780   10240
11790   10240
11800   10240
11810   10240
11820   10240
11830   10240
11840   10240
11850   10240
11860   10240
11870   10240
11880   10240
11890   10240
11900   10240
11910   10240
11920   10240
11930   10240
11940   10240
11950   10240
11960   10240
11970   10240
11980   10240
11990   10240
12000   10240
12010   10240
12020   10240
12030   10240
12040   10240
12050   10240
12060   10240
12070   10240
12080   10240
12090   10240
12100   10240
12110   10240
12120   10240
12130   10240
12140   10240
12150   10240
12160   10240
12170   10240
12180   10240
12190   10240
12200   10240
12210   10240
12220   10240
12230   10240
12240   10240
12250   10240
12260   10240
12270   10240
12280   10240
12290   10240
12300   10240
12310   10240
12320   10240
10   11586
12330   10240
20   11586
12340   10240
30   11586
12350   10240
40   11586
12360   10240
50   11586
12370   10240
12380   10240
60   11586
70   11586
12390   10240
80   11586
12400   10240
90   11586
12410   10240
100   11586
12420   10240
110   11586
12430   10240
120   11586
12440   10240
130   11586
140   11586
12450   10240
150   11586
12460   10240
160   11586
12470   10240
170   11586
12480   10240
180   11586
12490   10240
190   11488
200   11384
12500   10240
210   11384
12510   10240
220   11384
12520   10240
230   11384
12530   10240
240   11384
12540   10240
250   11384
260   11384
12550   10240
270   11384
12560   10240
280   11320
12570   10240
290   11320
12580   10240
300   11188
12590   10240
310   11188
12600   10240
320   11188
330   11188
12610   10240
340   11188
12620   10240
350   11188
12630   10240
360   11188
370   11188
12640   10240
380   11188
390   11152
12650   10240
400   11152
410   11152
12660   10240
420   11152
430   11152
12670   10240
440   11152
450   11152
12680   10240
460   11152
470   11152
12690   10240
480   11152
490   11152
12700   10240
500   11152
12710   10240
510   11152
520   11152
12720   10240
530   11152
540   11152
12730   10240
550   11152
560   11152
12740   10240
570   11152
580   11152
12750   10240
590   11152
600   11152
610   11152
12760   10240
620   10968
630   10968
12770   10240
640   10968
650   10968
12780   10240
660   10968
670   10954
12790   10240
680   10954
690   10954
12800   10240
700   10954
710   10954
12810   10240
720   10954
730   10954
12820   10240
740   10954
750   10954
12830   10240
760   10954
770   10954
12840   10240
780   10954
790   10954
12850   10240
800   10954
810   10954
12860   10240
820   10954
830   10954
12870   10240
840   10954
850   10954
12880   10240
860   10954
870   10954
12890   10240
880   10954
890   10954
12900   10240
900   10954
910   10954
12910   10240
920   10954
12920   10240
930   10954
940   10954
950   10954
12930   10240
960   10954
970   10954
12940   10240
980   10954
990   10954
12950   10240
1000   10954
12960   10240
1010   10954
1020   10954
12970   10240
1030   10954
1040   10954
1050   10954
12980   10240
1060   10954
1070   10954
1080   10954
12990   10240
1090   10954
1100   10954
1110   10954
13000   10240
1120   10954
1130   10954
1140   10954
13010   10240
1150   10954
1160   10954
13020   10240
1170   10954
1180   10954
1190   10954
13030   10240
1200   10954
1210   10954
1220   10954
13040   10240
1230   10954
1240   10954
1250   10954
13050   10240
1260   10954
1270   10954
1280   10954
13060   10240
1290   10954
1300   10954
1310   10954
13070   10240
1320   10954
1330   10954
1340   10954
13080   10240
1350   10954
1360   10954
13090   10240
1370   10954
1380   10954
1390   10954
13100   10240
1400   10954
1410   10954
1420   10954
13110   10240
1430   10954
1440   10954
1450   10954
13120   10240
1460   10954
1470   10954
1480   10954
13130   10240
1490   10792
1500   10792
1510   10792
13140   10240
1520   10792
1530   10768
1540   10736
13150   10240
1550   10736
1560   10736
1570   10736
13160   10240
1580   10736
1590   10736
1600   10736
13170   10240
1610   10736
1620   10736
1630   10736
13180   10240
1640   10736
1650   10736
13190   10240
1660   10736
1670   10736
1680   10736
1690   10736
13200   10240
1700   10736
1710   10736
13210   10240
1720   10736
1730   10736
1740   10736
1750   10736
13220   10240
1760   10736
1770   10736
1780   10736
13230   10240
1790   10736
1800   10736
1810   10736
13240   10240
1820   10736
1830   10736
1840   10736
13250   10240
1850   10736
1860   10736
1870   10736
13260   10240
1880   10736
1890   10448
13270   10240
1900   10448
1910   10448
1920   10448
13280   10240
1930   10448
1940   10448
1950   10448
13290   10240
1960   10448
1970   10448
1980   10448
13300   10240
1990   10448
2000   10448
13310   10240
2010   10448
2020   10448
2030   10448
13320   10240
2040   10448
2050   10448
2060   10448
2070   10448
13330   10240
2080   10448
2090   10448
13340   10240
2100   10448
2110   10448
2120   10448
13350   10240
2130   10448
2140   10448
13360   10240
2150   10448
2160   10448
2170   10448
13370   10240
2180   10448
2190   10448
2200   10448
13380   10240
2210   10448
2220   10448
2230   10448
13390   10240
2240   10448
2250   10448
2260   10448
13400   10240
2270   10448
2280   10448
13410   10240
2290   10448
2300   10448
13420   10240
2310   10448
2320   10448
2330   10448
13430   10240
2340   10448
2350   10448
2360   10448
13440   10240
2370   10448
2380   10448
2390   10448
13450   10240
2400   10448
2410   10448
2420   10448
2430   10448
13460   10240
2440   10448
2450   10448
2460   10448
13470   10240
2470   10448
2480   10448
2490   10448
13480   10240
2500   10448
2510   10448
2520   10448
13490   10240
2530   10448
2540   10448
2550   10448
13500   10240
2560   10448
2570   10448
2580   10448
13510   10240
2590   10448
2600   10448
13520   10240
2610   10448
2620   10448
2630   10448
13530   10240
2640   10448
2650   10448
2660   10448
13540   10240
2670   10448
2680   10448
2690   10448
13550   10240
2700   10448
2710   10448
13560   10240
2720   10448
2730   10448
2740   10448
13570   10240
2750   10448
2760   10448
2770   10448
13580   10240
2780   10448
2790   10448
2800   10448
13590   10240
2810   10448
2820   10448
13600   10240
2830   10448
2840   10448
2850   10448
13610   10240
2860   10448
2870   10448
2880   10448
13620   10240
2890   10448
2900   10448
2910   10448
13630   10240
2920   10448
2930   10448
2940   10448
13640   10240
2950   10448
2960   10448
2970   10448
13650   10240
2980   10448
2990   10448
3000   10448
13660   10240
3010   10448
3020   10448
3030   10448
13670   10240
3040   10448
3050   10448
3060   10448
13680   10240
3070   10448
3080   10448
13690   10240
3090   10448
3100   10448
3110   10448
13700   10240
3120   10448
3130   10448
3140   10448
13710   10240
3150   10448
3160   10448
3170   10448
13720   10240
3180   10448
3190   10448
3200   10448
13730   10240
3210   10448
3220   10448
3230   10448
13740   10240
3240   10448
3250   10448
3260   10448
13750   10240
3270   10448
3280   10448
13760   10240
3290   10448
3300   10448
3310   10448
13770   10240
3320   10448
3330   10448
3340   10448
13780   10240
3350   10448
3360   10448
13790   10240
3370   10448
3380   10448
13800   10240
3390   10448
3400   10448
3410   10448
13810   10240
3420   10448
3430   10448
13820   10240
3440   10448
3450   10448
3460   10448
13830   10240
3470   10448
3480   10448
3490   10448
13840   10240
3500   10448
3510   10448
3520   10448
13850   10240
3530   10448
3540   10448
3550   10448
13860   10240
3560   10448
3570   10448
3580   10448
13870   10240
3590   10448
3600   10448
3610   10448
13880   10240
3620   10448
3630   10448
3640   10448
13890   10240
3650   10448
3660   10448
3670   10448
13900   10240
3680   10448
3690   10448
3700   10448
13910   10240
3710   10448
3720   10448
13920   10240
3730   10448
3740   10448
3750   10448
13930   10240
3760   10448
3770   10448
3780   10448
3790   10448
13940   10240
3800   10448
3810   10448
13950   10240
3820   10448
3830   10448
3840   10448
13960   10240
3850   10448
3860   10448
3870   10448
13970   10240
3880   10448
3890   10448
3900   10448
13980   10240
3910   10448
3920   10448
3930   10448
13990   10240
3940   10448
3950   10448
3960   10448
14000   10240
3970   10448
3980   10448
3990   10448
14010   10240
4000   10448
4010   10448
4020   10448
14020   10240
4030   10448
4040   10448
4050   10448
14030   10240
4060   10448
4070   10448
4080   10448
14040   10240
4090   10448
4100   10448
4110   10448
14050   10240
4120   10448
4130   10448
4140   10448
14060   10240
4150   10448
4160   10448
4170   10448
14070   10240
4180   10448
4190   10448
4200   10448
14080   10240
4210   10448
4220   10448
4230   10448
14090   10240
4240   10448
4250   10448
14100   10240
4260   10448
4270   10448
4280   10448
14110   10240
4290   10448
4300   10448
4310   10448
14120   10240
4320   10448
4330   10448
4340   10448
14130   10240
4350   10448
4360   10448
4370   10448
14140   10240
4380   10448
4390   10448
14150   10240
4400   10448
4410   10448
4420   10448
14160   10240
4430   10448
4440   10448
4450   10448
14170   10240
4460   10448
4470   10448
4480   10448
14180   10240
4490   10448
4500   10448
4510   10448
14190   10240
4520   10448
4530   10448
14200   10240
4540   10448
4550   10448
4560   10448
14210   10240
4570   10448
4580   10448
4590   10448
14220   10240
4600   10448
4610   10448
4620   10448
14230   10240
4630   10448
4640   10448
14240   10240
4650   10448
4660   10448
4670   10448
4680   10448
14250   10240
4690   10448
4700   10448
4710   10448
14260   10240
4720   10448
4730   10448
14270   10240
4740   10448
4750   10448
4760   10448
14280   10240
4770   10448
4780   10448
4790   10448
14290   10240
4800   10448
4810   10448
4820   10448
14300   10240
4830   10448
4840   10448
4850   10448
14310   10240
4860   10448
4870   10448
4880   10448
14320   10240
4890   10448
4900   10448
14330   10240
4910   10448
4920   10448
4930   10448
14340   10240
4940   10448
4950   10448
14350   10240
4960   10448
4970   10448
4980   10448
14360   10240
4990   10448
5000   10448
5010   10448
14370   10240
5020   10448
5030   10448
5040   10448
14380   10240
5050   10448
5060   10448
5070   10448
14390   10240
5080   10448
5090   10448
5100   10448
14400   10240
5110   10448
5120   10448
5130   10448
14410   10240
5140   10448
5150   10448
14420   10240
5160   10448
5170   10448
5180   10448
14430   10240
5190   10448
5200   10448
14440   10240
5210   10448
5220   10448
5230   10448
14450   10240
5240   10448
5250   10448
5260   10448
5270   10448
14460   10240
5280   10448
5290   10448
5300   10448
14470   10240
5310   10448
5320   10448
5330   10448
14480   10240
5340   10448
5350   10448
5360   10448
14490   10240
5370   10448
5380   10448
14500   10240
5390   10448
5400   10448
5410   10448
5420   10448
14510   10240
5430   10448
5440   10448
5450   10448
14520   10240
5460   10448
5470   10448
5480   10448
14530   10240
5490   10448
5500   10448
5510   10448
14540   10240
5520   10448
5530   10448
5540   10448
14550   10240
5550   10448
5560   10448
5570   10448
14560   10240
5580   10448
5590   10448
14570   10240
5600   10448
5610   10448
5620   10448
14580   10240
5630   10448
5640   10448
5650   10448
14590   10240
5660   10448
5670   10448
14600   10240
5680   10448
5690   10448
5700   10448
14610   10240
5710   10448
5720   10448
5730   10448
14620   10240
5740   10448
5750   10448
5760   10448
14630   10240
5770   10448
5780   10448
5790   10448
14640   10240
5800   10448
5810   10448
5820   10448
14650   10240
5830   10448
5840   10448
5850   10448
14660   10240
5860   10448
5870   10448
5880   10448
14670   10240
5890   10448
5900   10448
5910   10448
5920   10448
14680   10240
5930   10448
5940   10448
14690   10240
5950   10448
5960   10448
5970   10448
5980   10448
14700   10240
5990   10448
6000   10448
6010   10448
14710   10240
6020   10448
6030   10448
14720   10240
6040   10448
6050   10448
6060   10448
14730   10240
6070   10448
6080   10448
6090   10448
14740   10240
6100   10448
6110   10448
6120   10448
14750   10240
6130   10448
6140   10448
6150   10448
14760   10240
6160   10448
6170   10448
14770   10240
6180   10448
6190   10448
6200   10448
14780   10240
6210   10448
6220   10448
14790   10240
6230   10448
6240   10448
6250   10448
14800   10240
6260   10448
6270   10448
6280   10448
14810   10240
6290   10448
6300   10448
14820   10240
6310   10448
6320   10448
6330   10448
14830   10240
6340   10448
6350   10448
6360   10448
14840   10240
6370   10448
6380   10448
14850   10240
6390   10448
6400   10448
6410   10448
14860   10240
6420   10448
6430   10448
6440   10448
14870   10240
6450   10448
6460   10448
14880   10240
6470   10448
6480   10448
6490   10448
14890   10240
6500   10448
6510   10448
14900   10240
6520   10448
6530   10448
6540   10448
14910   10240
6550   10448
6560   10448
6570   10448
14920   10240
6580   10448
6590   10448
14930   10240
6600   10448
6610   10448
14940   10240
6620   10448
6630   10448
14950   10240
6640   10448
6650   10448
6660   10448
14960   10240
6670   10448
6680   10448
14970   10240
6690   10448
6700   10448
14980   10240
6710   10448
6720   10448
6730   10448
14990   10240
6740   10448
6750   10448
15000   10240
6760   10448
6770   10448
6780   10448
15010   10240
6790   10448
6800   10448
15020   10240
6810   10448
6820   10448
15030   10240
6830   10448
6840   10448
6850   10448
15040   10240
6860   10448
6870   10448
15050   10240
6880   10448
6890   10448
15060   10240
6900   10448
6910   10448
6920   10448
15070   10240
6930   10448
6940   10448
15080   10240
6950   10448
6960   10448
6970   10448
15090   10240
6980   10448
6990   10448
15100   10240
7000   10448
7010   10448
7020   10448
15110   10240
7030   10448
7040   10448
15120   10240
7050   10448
7060   10448
7070   10448
15130   10240
7080   10448
7090   10448
15140   10240
7100   10448
7110   10448
7120   10448
15150   10240
7130   10448
7140   10448
15160   10240
7150   10448
7160   10448
7170   10448
15170   10240
7180   10448
7190   10448
15180   10240
7200   10448
7210   10448
15190   10240
7220   10448
7230   10448
15200   10240
7240   10448
7250   10448
7260   10448
15210   10240
7270   10448
7280   10448
15220   10240
7290   10448
7300   10448
7310   10448
15230   10240
7320   10448
7330   10448
15240   10240
7340   10448
7350   10448
15250   10240
7360   10448
7370   10448
7380   10448
15260   10240
7390   10448
7400   10448
7410   10448
15270   10240
7420   10448
7430   10448
15280   10240
7440   10448
7450   10448
7460   10448
15290   10240
7470   10448
7480   10448
15300   10240
7490   10448
7500   10448
7510   10448
15310   10240
7520   10448
7530   10448
15320   10240
7540   10448
7550   10448
7560   10448
15330   10240
7570   10448
7580   10448
15340   10240
7590   10448
7600   10448
15350   10240
7610   10448
7620   10448
7630   10448
15360   10240
7640   10448
7650   10448
15370   10240
7660   10448
7670   10448
7680   10448
15380   10240
7690   10448
7700   10448
15390   10240
7710   10448
7720   10448
15400   10240
7730   10448
7740   10448
7750   10448
15410   10240
7760   10448
7770   10448
7780   10448
15420   10240
7790   10448
7800   10448
15430   10240
7810   10448
7820   10448
7830   10448
15440   10240
7840   10448
7850   10448
7860   10448
15450   10240
7870   10448
7880   10448
15460   10240
7890   10448
7900   10448
15470   10240
7910   10448
7920   10448
7930   10448
15480   10240
7940   10448
7950   10448
15490   10240
7960   10448
7970   10448
7980   10448
15500   10240
7990   10448
8000   10448
15510   10240
8010   10448
8020   10448
8030   10448
15520   10240
8040   10448
8050   10448
15530   10240
8060   10448
8070   10448
8080   10448
15540   10240
8090   10448
8100   10448
8110   10448
15550   10240
8120   10448
8130   10448
15560   10240
8140   10448
8150   10448
8160   10448
15570   10240
8170   10448
8180   10448
15580   10240
8190   10448
8200   10448
8210   10448
15590   10240
8220   10448
8230   10448
15600   10240
8240   10448
8250   10448
15610   10240
8260   10448
8270   10448
8280   10448
15620   10240
8290   10448
8300   10448
15630   10240
8310   10448
8320   10448
15640   10240
8330   10448
8340   10448
8350   10448
15650   10240
8360   10448
8370   10448
15660   10240
8380   10448
8390   10448
8400   10448
15670   10240
8410   10448
8420   10448
8430   10448
15680   10240
8440   10448
8450   10448
15690   10240
8460   10448
8470   10448
15700   10240
8480   10448
8490   10448
8500   10448
15710   10240
8510   10448
8520   10448
15720   10240
8530   10448
8540   10448
8550   10448
15730   10240
8560   10448
8570   10448
8580   10448
15740   10240
8590   10448
8600   10448
15750   10240
8610   10448
8620   10448
15760   10240
8630   10448
8640   10448
15770   10240
8650   10448
8660   10448
8670   10448
15780   10240
8680   10448
8690   10448
15790   10240
8700   10448
8710   10448
8720   10448
15800   10240
8730   10448
8740   10448
15810   10240
8750   10448
8760   10448
15820   10240
8770   10448
8780   10448
8790   10448
15830   10240
8800   10448
8810   10448
15840   10240
8820   10448
8830   10448
8840   10448
15850   10240
8850   10448
8860   10448
15860   10240
8870   10448
8880   10448
8890   10448
15870   10240
8900   10448
8910   10448
15880   10240
8920   10448
8930   10448
8940   10448
15890   10240
8950   10448
8960   10448
15900   10240
8970   10448
8980   10448
8990   10448
15910   10240
9000   10448
9010   10448
15920   10240
9020   10448
9030   10448
9040   10448
15930   10240
9050   10448
9060   10448
15940   10240
9070   10448
9080   10448
9090   10448
15950   10240
9100   10448
9110   10448
9120   10448
15960   10240
9130   10448
9140   10448
15970   10240
9150   10448
9160   10448
9170   10448
15980   10240
9180   10448
9190   10448
9200   10448
15990   10240
9210   10448
9220   10448
16000   10240
9230   10448
9240   10448
9250   10448
16010   10240
9260   10448
9270   10448
9280   10448
16020   10240
9290   10448
9300   10448
16030   10240
9310   10448
9320   10448
9330   10448
16040   10240
9340   10448
9350   10448
9360   10448
16050   10240
9370   10448
9380   10448
9390   10448

9400   10448
9410   10448
16070   10240
9420   10448
9430   10448
9440   10448
16080   10240
9450   10448
9460   10448
9470   10448
16090   10240
9480   10448
9490   10448
9500   10448
16100   10240
9510   10448
9520   10448
9530   10448
16110   10240
9540   10448
9550   10448
16120   10240
9560   10448
9570   10448
9580   10448
16130   10240
9590   10448
9600   10448
16140   10240
9610   10448
9620   10448
9630   10448
16150   10240
9640   10448
9650   10448
9660   10448
16160   10240
9670   10448
9680   10448
16170   10240
9690   10448
9700   10448
9710   10448
16180   10240
9720   10448
9730   10448
9740   10448
16190   10240
9750   10448
9760   10448
9770   10448
16200   10240
9780   10448
9790   10448
16210   10240
9800   10448
9810   10448
16220   10240
9820   10448
9830   10448
16230   10240
9840   10448
9850   10320
16240   10240
9860   10320
9870   10320
9880   10320
16250   10240
9890   10320
9900   10320
16260   10240
9910   10320
9920   10320
16270   10240
9930   10320
9940   10320
9950   10320
16280   10240
9960   10320
9970   10320
16290   10240
9980   10320
9990   10320
16300   10240
10000   10320
10010   10320
16310   10240
10020   10320
10030   10320
10040   10320
16320   10240
10050   10320
10060   10320
16330   10240
10070   10320
10080   10320
10090   10320
16340   10240
10100   10320
10110   10320
16350   10240
10120   10320
10130   10320
10140   10320
16360   10240
10150   10320
10160   10320
16370   10240
10170   10320
10180   10320
16380   10240
10190   10320
10200   10320
10210   10320
16390   10240
10220   10320
10230   10320
16400   10240
10240   10320
10250   10320
10260   10320
16410   10240
10270   10320
10280   10320
16420   10240
10290   10320
10300   10320
16430   10240
10310   10320
10320   10320
16440   10240
10330   10320
10340   10320
10350   10320
16450   10240
10360   10320
10370   10320
16460   10240
10380   10320
10390   10320
16470   10240
10400   10320
10410   10320
10420   10320
16480   10240
10430   10320
10440   10320
16490   10240
10450   10320
10460   10320
10470   10320
16500   10240
10480   10320
10490   10320
16510   10240
10500   10320
10510   10320
10520   10320
16520   10240
10530   10320
10540   10320
16530   10240
10550   10320
10560   10320
10570   10320
16540   10240
10580   10320
10590   10320
16550   10240
10600   10320
10610   10320
16560   10240
10620   10320
10630   10320
10640   10320
16570   10240
10650   10320
10660   10320
16580   10240
10670   10320
10680   10320
10690   10320
16590   10240
10700   10320
10710   10320
16600   10240
10720   10320
10730   10320
16610   10240
10740   10320
10750   10320
10760   10320
16620   10240
10770   10320
10780   10320
10790   10320
16630   10240
10800   10320
10810   10320
16640   10240
10820   10320
10830   10320
16650   10240
10840   10320
10850   10320
10860   10320
16660   10240
10870   10320
10880   10320
16670   10240
10890   10320
10900   10320
10910   10320
16680   10240
10920   10320
10930   10320
16690   10240
10940   10320
10950   10320
16700   10240
10960   10320
10970   10320
10980   10320
16710   10240
10990   10320
11000   10320
16720   10240
11010   10320
11020   10320
11030   10320
16730   10240
11040   10320
11050   10320
16740   10240
11060   10320
11070   10320
11080   10320
16750   10240
11090   10320
11100   10320
16760   10240
11110   10320
11120   10320
11130   10320
16770   10240
11140   10320
11150   10320
16780   10240
11160   10320
11170   10320
16790   10240
11180   10320
11190   10320
11200   10320
16800   10240
11210   10320
11220   10320
16810   10240
11230   10320
11240   10320
11250   10320
16820   10240
11260   10320
11270   10320
11280   10240
16830   10240
11290   10240
11300   10240
16840   10240
11310   10240
11320   10240
11330   10240
16850   10240
11340   10240
11350   10240
16860   10240
11360   10240
11370   10240
11380   10240
16870   10240
11390   10240
11400   10240
16880   10240
11410   10240
11420   10240
11430   10240
16890   10240
11440   10240
11450   10240
16900   10240
11460   10240
11470   10240
11480   10240
16910   10240
11490   10240
11500   10240
16920   10240
11510   10240
11520   10240
11530   10240
16930   10240
11540   10240
11550   10240
16940   10240
11560   10240
11570   10240
11580   10240
16950   10240
11590   10240
11600   10240
16960   10240
11610   10240
11620   10240
11630   10240
16970   10240
11640   10240
11650   10240
11660   10240
16980   10240
11670   10240
11680   10240
16990   10240
11690   10240
11700   10240
11710   10240
17000   10240
11720   10240
11730   10240
17010   10240
11740   10240
11750   10240
11760   10240
17020   10240
11770   10240
11780   10240
17030   10240
11790   10240
11800   10240
11810   10240
17040   10240
11820   10240
11830   10240
17050   10240
11840   10240
11850   10240
11860   10240
17060   10240
11870   10240
11880   10240
17070   10240
11890   10240
11900   10240
11910   10240
17080   10240
11920   10240
11930   10240
11940   10240
17090   10240
11950   10240
11960   10240
17100   10240
11970   10240
11980   10240
11990   10240
17110   10240
12000   10240
12010   10240
17120   10240
12020   10240
12030   10240
12040   10240
17130   10240
12050   10240
12060   10240
17140   10240
12070   10240
12080   10240
17150   10240
12090   10240
12100   10240
17160   10240
12110   10240
12120   10240
12130   10240
17170   10240
12140   10240
12150   10240
17180   10240
12160   10240
12170   10240
17190   10240
12180   10240
12190   10240
17200   10240
12200   10240
12210   10240
12220   10240
17210   10240
12230   10240
12240   10240
17220   10240
12250   10240
12260   10240
17230   10240
12270   10240
12280   10240
17240   10240
12290   10240
12300   10240
12310   10240
17250   10240
12320   10240
12330   10240
17260   10240
12340   10240
12350   10240
12360   10240
17270   10240
12370   10240
12380   10240
17280   10240
12390   10240
17290   10240
12400   10240
17300   10240
12410   10240
17310   10240
12420   10240
12430   10240
17320   10240
12440   10240
17330   10240
12450   10240
17340   10240
12460   10240
12470   10240
17350   10240
12480   10240
17360   10240
12490   10240
12500   10240
17370   10240
12510   10240
17380   10240
12520   10240
17390   10240
12530   10240
12540   10240
17400   10240
12550   10240
12560   10240
17410   10240
12570   10240
17420   10240
12580   10240
17430   10240
12590   10240
17440   10240
12600   10240
17450   10240
17460   10240
12610   10240
17470   10240
12620   10240
12630   10240
17480   10240
12640   10240
17490   10240
12650   10240
12660   10240
17500   10240
12670   10240
17510   10240
12680   10240
12690   10240
17520   10240
12700   10240
17530   10240
17540   10240
12710   10240
12720   10240
17550   10240
12730   10240
17560   10240
12740   10240
12750   10240
17570   10240
12760   10240
12770   10240
17580   10240
12780   10240
17590   10240
12790   10240
17600   10240
12800   10240
12810   10240
17610   10240
12820   10240
12830   10240
17620   10240
12840   10240
17630   10240
12850   10240
12860   10240
17640   10240
12870   10240
17650   10240
12880   10240
12890   10240
17660   10240
12900   10240
12910   10240
17670   10240
12920   10240
17680   10240
12930   10240
12940   10240
17690   10240
12950   10240
17700   10240
12960   10240
12970   10240
17710   10240
12980   10240
17720   10240
12990   10240
13000   10240
17730   10240
13010   10240
17740   10240
13020   10240
13030   10240
17750   10240
13040   10240
13050   10240
17760   10240
13060   10240
17770   10240
13070   10240
17780   10240
13080   10240
13090   10240
17790   10240
13100   10240
13110   10240
17800   10240
13120   10240
17810   10240
13130   10240
17820   10240
13140   10240
13150   10240
17830   10240
13160   10240
17840   10240
13170   10240
17850   10240
13180   10240
17860   10240
13190   10240
13200   10240
17870   10240
13210   10240
17880   10240
13220   10240
17890   10240
13230   10240
13240   10240
17900   10240
13250   10240
17910   10240
13260   10240
13270   10240
17920   10240
13280   10240
17930   10240
13290   10240
17940   10240
13300   10240
17950   10240
13310   10240
17960   10240
13320   10240
17970   10240
13330   10240
13340   10240
17980   10240
13350   10240
17990   10240
13360   10240
18000   10240
13370   10240
13380   10240
18010   10240
13390   10240
18020   10240
13400   10240
13410   10240
18030   10240
13420   10240
18040   10240
13430   10240
13440   10240
18050   10240
13450   10240
18060   10240
13460   10240
18070   10240
13470   10240
13480   10240
18080   10240
13490   10240
18090   10240
13500   10240
13510   10240
18100   10240
13520   10240
18110   10240
13530   10240
13540   10240
18120   10240
13550   10240
18130   10240
13560   10240
13570   10240
18140   10240
13580   10240
13590   10240
18150   10240
13600   10240
18160   10240
13610   10240
13620   10240
18170   10240
13630   10240
18180   10240
13640   10240
13650   10240
18190   10240
13660   10240
18200   10240
13670   10240
13680   10240
18210   10240
13690   10240
18220   10240
13700   10240
13710   10240
18230   10240
13720   10240
18240   10240
13730   10240
18250   10240
13740   10240
18260   10240
13750   10240
13760   10240
18270   10240
13770   10240
18280   10240
13780   10240
13790   10240
18290   10240
13800   10240
18300   10240
13810   10240
18310   10240
13820   10240
13830   10240
18320   10240
13840   10240
18330   10240
13850   10240
18340   10240
13860   10240
18350   10240
13870   10240
13880   10240
18360   10240
13890   10240
18370   10240
13900   10240
13910   10240
18380   10240
13920   10240
18390   10240
13930   10240
13940   10240
18400   10240
13950   10240
18410   10240
13960   10240
18420   10240
13970   10240
18430   10240
13980   10240
18440   10240
13990   10240
14000   10240
18450   10240
14010   10240
18460   10240
18470   10240
14020   10240
18480   10240
14030   10240
18490   10240
14040   10240
18500   10240
14050   10240
18510   10240
14060   10240
18520   10240
18530   10240
14070   10240
14080   10240
18540   10240
14090   10240
18550   10240
14100   10240
14110   10240
18560   10240
14120   10240
18570   10240
14130   10240
18580   10240
14140   10240
14150   10240
18590   10240
14160   10240
18600   10240
14170   10240
14180   10240
18610   10240
14190   10240
18620   10240
14200   10240
14210   10240
18630   10240
14220   10240
14230   10240
18640   10240
14240   10240
18650   10240
14250   10240
14260   10240
18660   10240
14270   10240
18670   10240
14280   10240
18680   10240
14290   10240
14300   10240
18690   10240
14310   10240
18700   10240
14320   10240
14330   10240
18710   10240
18720   10240
14340   10240
14350   10240
18730   10240
14360   10240
18740   10240
14370   10240
18750   10240
14380   10240
14390   10240
18760   10240
14400   10240
18770   10240
14410   10240
18780   10240
14420   10240
14430   10240
18790   10240
14440   10240
18800   10240
14450   10240
18810   10240
14460   10240
18820   10240
14470   10240
18830   10240
14480   10240
18840   10240
14490   10240
14500   10240
18850   10240
18860   10240
14510   10240
14520   10240
18870   10240
18880   10240
14530   10240
18890   10240
14540   10240
18900   10240
14550   10240
18910   10240
14560   10240
18920   10240
14570   10240
18930   10240
14580   10240
18940   10240
14590   10240
18950   10240
14600   10240
18960   10240
14610   10240
18970   10240
14620   10240
18980   10240
14630   10240
14640   10240
18990   10240
14650   10240
19000   10240
14660   10240
19010   10240
14670   10240
19020   10240
14680   10240
19030   10240
14690   10240
14700   10240
19040   10240
14710   10240
19050   10240
14720   10240
19060   10240
14730   10240
14740   10240
19070   10240
14750   10240
19080   10240
14760   10240
14770   10240
19090   10240
14780   10240
14790   10240
19100   10240
14800   10240
19110   10240
14810   10240
14820   10240
19120   10240
14830   10240
19130   10240
14840   10240
19140   10240
14850   10240
19150   10240
14860   10240
19160   10240
14870   10240
19170   10240
14880   10240
14890   10240
19180   10240
14900   10240
19190   10240
14910   10240
19200   10240
14920   10240
14930   10240
19210   10240
14940   10240
19220   10240
14950   10240
14960   10240
19230   10240
14970   10240
19240   10240
14980   10240
14990   10240
19250   10240
15000   10240
15010   10240
19260   10240
15020   10240
19270   10240
15030   10240
15040   10240
19280   10240
15050   10240
19290   10240
15060   10240
19300   10240
15070   10240
15080   10240
19310   10240
15090   10240
19320   10240
15100   10240
15110   10240
19330   10240
15120   10240
19340   10240
15130   10240
19350   10240
15140   10240
15150   10240
19360   10240
15160   10240
19370   10240
19380   10240
15170   10240
19390   10240
15180   10240
15190   10240
19400   10240
15200   10240
19410   10240
15210   10240
15220   10240
19420   10240
15230   10240
19430   10240
15240   10240
19440   10240
15250   10240
19450   10240
15260   10240
15270   10240
19460   10240
15280   10240
19470   10240
15290   10240
15300   10240
19480   10240
15310   10240
15320   10240
19490   10240
15330   10240
19500   10240
15340   10240
15350   10240
19510   10240
15360   10240
19520   10240
15370   10240
15380   10240
19530   10240
15390   10240
19540   10240
15400   10240
19550   10240
15410   10240
15420   10240
19560   10240
15430   10240
19570   10240
15440   10240
19580   10240
15450   10240
15460   10240
19590   10240
15470   10240
19600   10240
15480   10240
15490   10240
19610   10240
15500   10240
19620   10240
15510   10240
19630   10240
15520   10240
19640   10240
15530   10240
15540   10240
19650   10240
15550   10240
19660   10240
15560   10240
19670   10240
15570   10240
19680   10240
15580   10240
15590   10240
19690   10240
15600   10240
19700   10240
15610   10240
19710   10240
15620   10240
15630   10240
19720   10240
15640   10240
19730   10240
15650   10240
19740   10240
15660   10240
15670   10240
19750   10240
15680   10240
19760   10240
15690   10240
19770   10240
15700   10240
19780   10240
15710   10240
19790   10240
15720   10240
19800   10240
15730   10240
19810   10240
15740   10240
19820   10240
15750   10240
19830   10240
15760   10240
19840   10240
15770   10240
19850   10240
15780   10240
19860   10240
15790   10240
19870   10240
15800   10240
19880   10240
15810   10240
19890   10240
15820   10240
19900   10240
15830   10240
15840   10240
19910   10240
15850   10240
19920   10240
15860   10240
19930   10240
15870   10240
19940   10240
15880   10240
19950   10240
15890   10240
19960   10240
15900   10240
19970   10240
15910   10240
15920   10240
19980   10240
15930   10240
19990   10240
15940   10240
20000   10240
15950   10240
20010   10240
15960   10240
15970   10240
20020   10240
15980   10240
20030   10240
15990   10240
20040   10240
16000   10240
16010   10240
20050   10240
16020   10240
16030   10240
20060   10240
16040   10240
20070   10240
16050   10240
20080   10240
16060   10240
16070   10240
20090   10240
16080   10240
20100   10240
16090   10240
16100   10240
20110   10240
16110   10240
20120   10240
16120   10240
16130   10240
20130   10240
16140   10240
20140   10240
16150   10240
16160   10240
20150   10240
16170   10240
20160   10240
16180   10240
20170   10240
16190   10240
20180   10240
16200   10240
16210   10240
20190   10240
16220   10240
20200   10240
16230   10240
16240   10240
20210   10240
16250   10240
20220   10240
16260   10240
20230   10240
16270   10240
20240   10240
16280   10240
20250   10240
16290   10240
20260   10240
16300   10240
20270   10240
16310   10240
20280   10240
16320   10240
20290   10240
16330   10240
20300   10240
16340   10240
20310   10240
16350   10240
16360   10240
20320   10240
16370   10240
20330   10240
16380   10240
16390   10240
20340   10240
16400   10240
20350   10240
16410   10240
16420   10240
20360   10240
16430   10240
20370   10240
16440   10240
20380   10240
16450   10240
20390   10240
16460   10240
20400   10240
16470   10240
20410   10240
16480   10240
20420   10240
16490   10240
20430   10240
16500   10240
20440   10240
16510   10240
16520   10240
20450   10240
16530   10240
16540   10240
20460   10240
16550   10240
16560   10240
20470   10240
16570   10240
20480   10240
16580   10240
20490   10240
16590   10240
16600   10240
20500   10240
16610   10240
20510   10240
16620   10240
16630   10240
20520   10240
16640   10240
16650   10240
20530   10240
16660   10240
20540   10240
16670   10240
16680   10240
20550   10240
16690   10240
20560   10240
16700   10240
16710   10240
20570   10240
16720   10240
16730   10240
20580   10240
16740   10240
20590   10240
16750   10240
16760   10240
20600   10240
16770   10240
16780   10240
20610   10240
16790   10240
16800   10240
20620   10240
16810   10240
16820   10240
20630   10240
16830   10240
16840   10240
20640   10240
16850   10240
20650   10240
16860   10240
16870   10240
20660   10240
16880   10240
16890   10240
20670   10240
16900   10240
20680   10240
16910   10240
16920   10240
20690   10240
16930   10240
16940   10240
20700   10240
16950   10240
20710   10240
16960   10240
16970   10240
20720   10240
16980   10240
20730   10240
16990   10240
17000   10240
20740   10240
17010   10240
20750   10240
17020   10240
20760   10240
17030   10240
20770   10240
17040   10240
17050   10240
20780   10240
17060   10240
20790   10240
17070   10240
20800   10240
17080   10240
20810   10240
17090   10240
17100   10240
20820   10240
17110   10240
20830   10240
17120   10240
17130   10240
20840   10240
17140   10240
20850   10240
17150   10240
20860   10240
17160   10240
20870   10240
17170   10240
20880   10240
17180   10240
17190   10240
20890   10240
17200   10240
17210   10240
20900   10240
17220   10240
20910   10240
17230   10240
20920   10240
20930   10240
17240   10240
17250   10240
20940   10240
17260   10240
17270   10240
20950   10240
17280   10240
20960   10240
17290   10240
17300   10240
20970   10240
17310   10240
17320   10240
20980   10240
17330   10240
20990   10240
17340   10240
17350   10240
21000   10240
17360   10240
17370   10240
21010   10240
17380   10240
21020   10240
17390   10240
17400   10240
21030   10240
17410   10240
21040   10240
17420   10240
17430   10240
21050   10240
17440   10240
21060   10240
17450   10240
21070   10240
17460   10240
21080   10240
17470   10240
17480   10240
21090   10240
17490   10240
17500   10240
21100   10240
17510   10240
21110   10240
17520   10240
17530   10240
21120   10240
17540   10240
17550   10240
21130   10240
17560   10240
17570   10240
21140   10240
17580   10240
17590   10240
21150   10240
17600   10240
21160   10240
17610   10240
21170   10240
17620   10240
17630   10240
21180   10240
17640   10240
17650   10240
21190   10240
17660   10240
21200   10240
17670   10240
21210   10240
17680   10240
21220   10240
17690   10240
17700   10240
21230   10240
17710   10240
21240   10240
17720   10240
17730   10240
21250   10240
17740   10240
17750   10240
21260   10240
17760   10240
17770   10240
21270   10240
17780   10240
21280   10240
17790   10240
17800   10240
21290   10240
17810   10240
21300   10240
17820   10240
21310   10240
17830   10240
21320   10240
17840   10240
17850   10240
21330   10240
17860   10240
21340   10240
17870   10240
17880   10240
21350   10240
17890   10240
17900   10240
21360   10240
17910   10240
17920   10240
21370   10240
17930   10240
21380   10240
17940   10240
17950   10240
21390   10240
17960   10240
17970   10240
21400   10240
17980   10240
17990   10240
21410   10240
18000   10240
18010   10240
21420   10240
18020   10240
21430   10240
18030   10240
21440   10240
18040   10240
18050   10240
21450   10240
18060   10240
18070   10240
21460   10240
18080   10240
21470   10240
18090   10240
18100   10240
21480   10240
18110   10240
18120   10240
21490   10240
18130   10240
21500   10240
18140   10240
18150   10240
21510   10240
18160   10240
18170   10240
21520   10240
18180   10240
18190   10240
21530   10240
18200   10240
21540   10240
18210   10240
21550   10240
18220   10240
18230   10240
21560   10240
18240   10240
21570   10240
18250   10240
18260   10240
21580   10240
18270   10240
18280   10240
21590   10240
18290   10240
21600   10240
18300   10240
18310   10240
21610   10240
18320   10240
21620   10240
18330   10240
18340   10240
21630   10240
18350   10240
21640   10240
18360   10240
18370   10240
21650   10240
18380   10240
18390   10240
21660   10240
18400   10240
21670   10240
18410   10240
18420   10240
21680   10240
18430   10240
18440   10240
21690   10240
18450   10240
21700   10240
18460   10240
21710   10240
21720   10240
18470   10240
18480   10240
21730   10240
18490   10240
21740   10240
18500   10240
21750   10240
18510   10240
18520   10240
21760   10240
18530   10240
21770   10240
18540   10240
18550   10240
21780   10240
18560   10240
21790   10240
18570   10240
18580   10240
21800   10240
18590   10240
18600   10240
21810   10240
18610   10240
21820   10240
18620   10240
18630   10240
21830   10240
18640   10240
21840   10240
18650   10240
18660   10240
21850   10240
18670   10240
21860   10240
18680   10240
18690   10240
21870   10240
18700   10240
18710   10240
21880   10240
18720   10240
18730   10240
21890   10240
18740   10240
21900   10240
18750   10240
18760   10240
21910   10240
18770   10240
21920   10240
18780   10240
18790   10240
21930   10240
18800   10240
18810   10240
21940   10240
18820   10240
21950   10240
18830   10240
18840   10240
21960   10240
18850   10240
21970   10240
18860   10240
18870   10240
21980   10240
18880   10240
21990   10240
18890   10240
18900   10240
22000   10240
18910   10240
22010   10240
18920   10240
18930   10240
22020   10240
18940   10240
18950   10240
22030   10240
18960   10240
18970   10240
22040   10240
18980   10240
18990   10240
22050   10240
19000   10240
19010   10240
22060   10240
19020   10240
19030   10240
22070   10240
19040   10240
22080   10240
19050   10240
22090   10240
19060   10240
19070   10240
22100   10240
19080   10240
22110   10240
19090   10240
19100   10240
22120   10240
19110   10240
22130   10240
19120   10240
19130   10240
22140   10240
19140   10240
19150   10240
22150   10240
19160   10240
19170   10240
22160   10240
19180   10240
19190   10240
22170   10240
19200   10240
19210   10240
22180   10240
19220   10240
22190   10240
19230   10240
19240   10240
22200   10240
19250   10240
22210   10240
19260   10240
19270   10240
22220   10240
19280   10240
19290   10240
22230   10240
19300   10240
22240   10240
19310   10240
19320   10240
22250   10240
19330   10240
22260   10240
19340   10240
19350   10240
22270   10240
19360   10240
22280   10240
19370   10240
19380   10240
22290   10240
19390   10240
19400   10240
22300   10240
19410   10240
19420   10240
22310   10240
19430   10240
19440   10240
22320   10240
19450   10240
22330   10240
19460   10240
22340   10240
22350   10240
19470   10240
19480   10240
22360   10240
19490   10240
22370   10240
19500   10240
22380   10240
19510   10240
19520   10240
22390   10240
19530   10240
22400   10240
19540   10240
22410   10240
19550   10240
22420   10240
19560   10240
19570   10240
22430   10240
19580   10240
22440   10240
19590   10240
19600   10240
22450   10240
19610   10240
19620   10240
22460   10240
19630   10240
22470   10240
19640   10240
19650   10240
22480   10240
19660   10240
22490   10240
19670   10240
19680   10240
22500   10240
19690   10240
19700   10240
22510   10240
19710   10240
19720   10240
22520   10240
19730   10240
22530   10240
19740   10240
19750   10240
22540   10240
19760   10240
22550   10240
19770   10240
22560   10240
19780   10240
22570   10240
19790   10240
22580   10240
19800   10240
19810   10240
22590   10240
19820   10240
22600   10240
19830   10240
19840   10240
22610   10240
19850   10240
19860   10240
22620   10240
19870   10240
22630   10240
19880   10240
19890   10240
22640   10240
19900   10240
22650   10240
19910   10240
22660   10240
19920   10240
19930   10240
22670   10240
19940   10240
22680   10240
19950   10240
19960   10240
22690   10240
19970   10240
22700   10240
19980   10240
22710   10240
19990   10240
20000   10240
22720   10240
20010   10240
20020   10240
22730   10240
20030   10240
22740   10240
20040   10240
22750   10240
20050   10240
20060   10240
22760   10240
20070   10240
22770   10240
20080   10240
22780   10240
20090   10240
20100   10240
22790   10240
22800   10240
20110   10240
22810   10240
20120   10240
22820   10240
20130   10240
22830   10240
20140   10240
20150   10240
22840   10240
20160   10240
22850   10240
20170   10240
20180   10240
22860   10240
22870   10240
20190   10240
20200   10240
22880   10240
20210   10240
22890   10240
20220   10240
20230   10240
22900   10240
20240   10240
22910   10240
20250   10240
20260   10240
22920   10240
20270   10240
22930   10240
20280   10240
20290   10240
22940   10240
20300   10240
22950   10240
20310   10240
20320   10240
22960   10240
20330   10240
22970   10240
20340   10240
20350   10240
22980   10240
20360   10240
20370   10240
22990   10240
20380   10240
23000   10240
20390   10240
20400   10240
23010   10240
20410   10240
20420   10240
23020   10240
20430   10240
23030   10240
20440   10240
20450   10240
23040   10240
20460   10240
23050   10240
20470   10240
20480   10240
23060   10240
20490   10240
20500   10240
23070   10240
20510   10240
23080   10240
20520   10240
20530   10240
23090   10240
20540   10240
20550   10240
23100   10240
20560   10240
23110   10240
20570   10240
23120   10240
20580   10240
20590   10240
23130   10240
20600   10240
20610   10240
23140   10240
20620   10240
20630   10240
23150   10240
20640   10240
23160   10240
20650   10240
20660   10240
20670   10240
23170   10240
20680   10240
23180   10240
20690   10240
20700   10240
23190   10240
20710   10240
20720   10240
23200   10240
20730   10240
23210   10240
20740   10240
20750   10240
23220   10240
20760   10240
20770   10240
23230   10240
20780   10240
20790   10240
23240   10240
20800   10240
23250   10240
20810   10240
20820   10240
23260   10240
20830   10240
20840   10240
23270   10240
20850   10240
23280   10240
20860   10240
23290   10240
20870   10240
23300   10240
20880   10240
20890   10240
23310   10240
20900   10240
23320   10240
20910   10240
20920   10240
23330   10240
20930   10240
20940   10240
23340   10240
20950   10240
23350   10240
20960   10240
20970   10240
23360   10240
20980   10240
20990   10240
23370   10240
21000   10240
21010   10240
23380   10240
21020   10240
23390   10240
21030   10240
21040   10240
23400   10240
21050   10240
21060   10240
23410   10240
21070   10240
21080   10240
23420   10240
21090   10240
23430   10240
21100   10240
21110   10240
23440   10240
21120   10240
23450   10240
21130   10240
21140   10240
23460   10240
21150   10240
23470   10240
21160   10240
21170   10240
23480   10240
21180   10240
21190   10240
21200   10240
21210   10240
21220   10240
21230   10240
21240   10240
21250   10240
21260   10240
21270   10240
21280   10240
21290   10240
21300   10240
21310   10240
21320   10240
21330   10240
21340   10240
21350   10240
21360   10240
21370   10240
21380   10240
21390   10240
21400   10240
21410   10240
21420   10240
21430   10240
21440   10240
21450   10240
21460   10240
21470   10240
21480   10240
21490   10240
21500   10240
21510   10240
21520   10240
21530   10240
21540   10240
21550   10240
21560   10240
21570   10240
21580   10240
21590   10240
21600   10240
21610   10240
21620   10240
21630   10240
21640   10240
21650   10240
21660   10240
21670   10240
21680   10240
21690   10240
21700   10240
21710   10240
21720   10240
21730   10240
21740   10240
21750   10240
21760   10240
21770   10240
21780   10240
21790   10240
21800   10240
21810   10240
21820   10240
21830   10240
21840   10240
21850   10240
21860   10240
21870   10240
21880   10240
21890   10240
21900   10240
21910   10240
21920   10240
21930   10240
21940   10240
21950   10240
21960   10240
21970   10240
21980   10240
21990   10240
22000   10240
22010   10240
22020   10240
22030   10240
22040   10240
22050   10240
22060   10240
22070   10240
22080   10240
22090   10240
22100   10240
22110   10240
22120   10240
22130   10240
22140   10240
22150   10240
22160   10240
22170   10240
22180   10240
22190   10240
22200   10240
22210   10240
22220   10240
22230   10240
22240   10240
22250   10240
22260   10240
22270   10240
22280   10240
22290   10240
22300   10240
22310   10240
22320   10240
22330   10240
22340   10240
22350   10240
22360   10240
22370   10240
22380   10240
22390   10240
22400   10240
22410   10240
22420   10240
22430   10240
22440   10240
22450   10240
22460   10240
22470   10240
22480   10240
22490   10240
22500   10240
22510   10240
22520   10240
22530   10240
22540   10240
22550   10240
22560   10240
22570   10240
22580   10240
22590   10240
22600   10240
22610   10240
22620   10240
22630   10240
22640   10240
22650   10240
22660   10240
22670   10240
22680   10240
22690   10240
22700   10240
22710   10240
22720   10240
22730   10240
22740   10240
22750   10240
22760   10240
22770   10240
22780   10240
22790   10240
22800   10240
22810   10240
22820   10240
22830   10240
22840   10240
22850   10240
22860   10240
22870   10240
22880   10240
22890   10240
22900   10240
22910   10240
22920   10240
22930   10240
22940   10240
22950   10240
22960   10240
22970   10240
22980   10240
22990   10240
23000   10240
23010   10240
23020   10240
23030   10240
23040   10240
23050   10240
23060   10240
23070   10240
23080   10240
23090   10240
23100   10240
23110   10240
23120   10240
23130   10240
23140   10240
23150   10240
23160   10240
23170   10240
23180   10240
23190   10240
23200   10240
23210   10240
23220   10240
23230   10240
23240   10240
23250   10240
23260   10240
23270   10240
23280   10240
23290   10240
23300   10240
23310   10240
23320   10240
23330   10240
23340   10240
23350   10240
23360   10240
23370   10240
23380   10240
23390   10240
23400   10240
23410   10240
23420   10240
23430   10240
23440   10240
23450   10240
23460   10240
23470   10240
23480   10240
23490   10240
23500   10240
23510   10240
23520   10240
23530   10240
23540   10240
23550   10240
23560   10240
23570   10240
23580   10240
23590   10240
23600   10240
23610   10240
23620   10240
23630   10240
23640   10240
23650   10240
23660   10240
23670   10240
23680   10240
23690   10240
23700   10240
23710   10240
23720   10240
23730   10240
23740   10240
23750   10240
23760   10240
23770   10240
23780   10240
23790   10240
23800   10240
23810   10240
23820   10240
23830   10240
23840   10240
23850   10240
23860   10240
23870   10240
23880   10240
23890   10240
23900   10240
23910   10240
23920   10240
23930   10240
23940   10240
23950   10240
23960   10240
23970   10240
23980   10240
23990   10240
24000   10240
24010   10240
24020   10240
24030   10240
24040   10240
24050   10240
24060   10240
24070   10240
24080   10240
24090   10240
24100   10240
24110   10240
24120   10240
24130   10240
24140   10240
24150   10240
24160   10240
24170   10240
24180   10240
24190   10240
24200   10240
24210   10240
24220   10240
24230   10240
24240   10240
24250   10240
24260   10240
24270   10240
24280   10240
24290   10240
24300   10240
24310   10240
24320   10240
24330   10240
24340   10240
24350   10240
24360   10240
24370   10240
24380   10240
24390   10240
24400   10240
24410   10240
24420   10240
24430   10240
24440   10240
24450   10240
24460   10240
24470   10240
24480   10240
24490   10240
24500   10240
24510   10240
24520   10240
24530   10240
24540   10240
24550   10240
24560   10240
24570   10240
24580   10240
24590   10240
24600   10240
24610   10240
24620   10240
24630   10240
24640   10240
24650   10240
24660   10240
24670   10240
24680   10240
24690   10240
24700   10240
24710   10240
24720   10240
24730   10240
24740   10240
24750   10240
24760   10240
24770   10240
24780   10240
24790   10240
24800   10240
24810   10240
24820   10240
24830   10240
24840   10240
24850   10240
24860   10240
24870   10240
24880   10240
24890   10240
24900   10240
24910   10240
24920   10240
24930   10240
24940   10240
24950   10240
24960   10240
24970   10240
24980   10240
24990   10240
25000   10240
25010   10240
25020   10240
25030   10240
25040   10240
25050   10240
25060   10240
25070   10240
25080   10240
25090   10240
25100   10240
25110   10240
25120   10240
25130   10240
25140   10240
25150   10240
25160   10240
25170   10240
25180   10240
25190   10240
25200   10240
25210   10240
25220   10240
25230   10240
25240   10240
25250   10240
25260   10240
25270   10240
25280   10240
25290   10240
25300   10240
25310   10240
25320   10240
25330   10240
25340   10240
25350   10240
25360   10240
25370   10240
25380   10240
25390   10240
25400   10240
25410   10240
25420   10240
25430   10240
25440   10240
25450   10240
25460   10240
25470   10240
25480   10240
25490   10240
25500   10240
25510   10240
25520   10240
25530   10240
25540   10240
25550   10240
25560   10240
25570   10240
25580   10240
25590   10240
25600   10240
25610   10240
25620   10240
25630   10240
25640   10240
25650   10240
25660   10240
25670   10240
25680   10240
25690   10240
25700   10240
25710   10240
25720   10240
25730   10240
25740   10240
25750   10240
25760   10240
25770   10240
25780   10240
25790   10240
25800   10240
25810   10240
25820   10240
25830   10240
25840   10240
25850   10240
25860   10240
25870   10240
25880   10240
25890   10240
25900   10240
25910   10240
25920   10240
25930   10240
25940   10240
25950   10240
25960   10240
25970   10240
25980   10240
25990   10240
26000   10240
26010   10240
26020   10240
26030   10240
26040   10240
26050   10240
26060   10240
26070   10240
26080   10240
26090   10240
26100   10240
26110   10240
26120   10240
26130   10240
26140   10240
26150   10240
26160   10240
26170   10240
26180   10240
26190   10240
26200   10240
26210   10240
26220   10240
26230   10240
26240   10240
26250   10240
26260   10240
26270   10240
26280   10240
26290   10240
26300   10240
26310   10240
26320   10240
26330   10240
26340   10240
26350   10240
26360   10240
26370   10240
26380   10240
26390   10240
26400   10240
26410   10240
26420   10240
26430   10240
26440   10240
26450   10240
26460   10240
26470   10240
26480   10240
26490   10240
26500   10240
26510   10240
26520   10240
26530   10240
26540   10240
26550   10240
26560   10240
26570   10240
26580   10240
26590   10240
26600   10240
26610   10240
26620   10240
26630   10240
26640   10240
26650   10240
26660   10240
26670   10240
26680   10240
26690   10240
26700   10240
26710   10240
26720   10240
26730   10240
26740   10240
26750   10240
26760   10240
26770   10240
26780   10240
26790   10240
26800   10240
26810   10240
26820   10240
26830   10240
26840   10240
26850   10240
26860   10240
26870   10240
26880   10240
26890   10240
26900   10240
26910   10240
26920   10240
26930   10240
26940   10240
26950   10240
26960   10240
26970   10240
26980   10240
26990   10240
27000   10240
27010   10240
27020   10240
27030   10240
27040   10240
27050   10240
27060   10240
27070   10240
27080   10240
27090   10240
27100   10240
27110   10240
27120   10240
27130   10240
27140   10240
27150   10240
27160   10240
27170   10240
27180   10240
27190   10240
27200   10240
27210   10240
27220   10240
27230   10240
27240   10240
27250   10240
27260   10240
27270   10240
27280   10240
27290   10240
27300   10240
27310   10240
27320   10240
27330   10240
27340   10240
27350   10240
27360   10240
27370   10240
27380   10240
27390   10240
27400   10240
27410   10240
27420   10240
27430   10240
27440   10240
27450   10240
27460   10240
27470   10240
27480   10240
27490   10240
27500   10240
27510   10240
27520   10240
27530   10240
27540   10240
27550   10240
27560   10240
27570   10240
27580   10240
27590   10240
27600   10240
27610   10240
27620   10240
27630   10240
27640   10240
27650   10240
27660   10240
27670   10240
27680   10240
27690   10240
27700   10240
27710   10240
27720   10240
27730   10240
27740   10240
27750   10240
27760   10240
27770   10240
27780   10240
27790   10240
27800   10240
27810   10240
27820   10240
27830   10240
27840   10240
27850   10240
27860   10240
27870   10240
27880   10240
27890   10240
27900   10240
27910   10240
27920   10240
27930   10240
27940   10240
27950   10240
27960   10240
27970   10240
27980   10240
27990   10240
28000   10240
28010   10240
28020   10240
28030   10240
28040   10240
28050   10240
28060   10240
28070   10240
28080   10240
28090   10240
28100   10240
28110   10240
28120   10240
28130   10240
28140   10240
28150   10240
28160   10240
28170   10240
28180   10240
28190   10240
28200   10240
28210   10240
28220   10240
28230   10240
28240   10240
28250   10240
28260   10240
28270   10240
28280   10240
28290   10240
28300   10240
28310   10240
28320   10240
28330   10240
28340   10240
28350   10240
28360   10240
28370   10240
28380   10240
28390   10240
28400   10240
28410   10240
28420   10240
28430   10240
28440   10240
28450   10240
28460   10240
28470   10240
28480   10240
28490   10240
28500   10240
28510   10240
28520   10240
28530   10240
28540   10240
28550   10240
28560   10240
28570   10240
28580   10240
28590   10240
28600   10240
28610   10240
28620   10240
28630   10240
28640   10240
28650   10240
28660   10240
28670   10240
28680   10240
28690   10240
28700   10240
28710   10240
28720   10240
28730   10240
28740   10240
28750   10240
28760   10240
28770   10240
28780   10240
28790   10240
28800   10240
28810   10240
28820   10240
28830   10240
28840   10240
28850   10240
28860   10240
28870   10240
28880   10240
28890   10240
28900   10240
28910   10240
28920   10240
28930   10240
28940   10240
28950   10240
28960   10240
28970   10240
28980   10240
28990   10240
29000   10240
29010   10240
29020   10240
29030   10240
29040   10240
29050   10240
29060   10240
29070   10240
29080   10240
29090   10240
29100   10240
29110   10240
29120   10240
29130   10240
29140   10240
29150   10240
29160   10240
29170   10240
29180   10240
29190   10240
29200   10240
29210   10240
29220   10240
29230   10240
29240   10240
29250   10240
29260   10240
29270   10240
29280   10240
29290   10240
29300   10240
29310   10240
29320   10240
29330   10240
29340   10240
29350   10240
29360   10240
29370   10240
29380   10240
29390   10240
29400   10240
29410   10240
29420   10240
29430   10240
29440   10240
29450   10240
29460   10240
29470   10240
29480   10240
29490   10240
29500   10240
29510   10240
29520   10240
29530   10240
29540   10240
29550   10240
29560   10240
29570   10240
29580   10240
29590   10240
29600   10240
29610   10240
29620   10240
29630   10240
29640   10240
29650   10240
29660   10240
29670   10240
29680   10240
29690   10240
29700   10240
29710   10240
29720   10240
29730   10240
29740   10240
29750   10240
29760   10240
29770   10240
29780   10240
29790   10240
29800   10240
29810   10240
29820   10240
29830   10240
29840   10240
29850   10240
29860   10240
29870   10240
29880   10240
29890   10240
29900   10240
29910   10240
29920   10240
29930   10240
29940   10240
29950   10240
29960   10240
29970   10240
29980   10240
29990   10240
30000   10240
30010   10240
30020   10240
30030   10240
30040   10240
30050   10240
30060   10240
30070   10240
30080   10240
30090   10240
30100   10240
30110   10240
30120   10240
30130   10240
30140   10240
30150   10240
30160   10240
30170   10240
30180   10240
30190   10240
30200   10240
30210   10240
30220   10240
30230   10240
30240   10240
30250   10240
30260   10240
30270   10240
30280   10240
30290   10240
30300   10240
30310   10240
30320   10240
30330   10240
30340   10240
30350   10240
30360   10240
30370   10240
30380   10240
30390   10240
30400   10240
30410   10240
30420   10240
30430   10240
30440   10240
30450   10240
30460   10240
30470   10240
30480   10240
30490   10240
30500   10240
30510   10240
30520   10240
30530   10240
30540   10240
30550   10240
30560   10240
30570   10240
30580   10240
30590   10240
30600   10240
30610   10240
30620   10240
30630   10240
30640   10240
30650   10240
30660   10240
30670   10240
30680   10240
30690   10240
30700   10240
30710   10240
30720   10240
30730   10240
30740   10240
30750   10240
30760   10240
30770   10240
30780   10240
30790   10240
30800   10240
30810   10240
30820   10240
30830   10240
30840   10240
30850   10240
30860   10240
30870   10240
30880   10240
30890   10240
30900   10240
30910   10240
30920   10240
30930   10240
30940   10240
30950   10240
30960   10240
30970   10240
30980   10240
30990   10240
31000   10240
31010   10240
31020   10240
31030   10240
31040   10240
31050   10240
31060   10240
31070   10240
31080   10240
31090   10240
31100   10240
31110   10240
31120   10240
31130   10240
31140   10240
31150   10240
31160   10240
31170   10240
31180   10240
31190   10240
31200   10240
31210   10240
31220   10240
31230   10240
31240   10240
31250   10240
31260   10240
31270   10240
31280   10240
31290   10240
31300   10240
31310   10240
31320   10240
31330   10240
31340   10240
31350   10240
31360   10240
31370   10240
31380   10240
31390   10240
31400   10240
31410   10240
31420   10240
31430   10240
31440   10240
31450   10240
31460   10240
31470   10240
31480   10240
31490   10240
31500   10240
31510   10240
31520   10240
31530   10240
31540   10240
31550   10240
31560   10240
31570   10240
31580   10240
31590   10240
31600   10240
31610   10240
31620   10240
31630   10240
31640   10240
31650   10240
31660   10240
31670   10240
31680   10240
31690   10240
31700   10240
31710   10240
31720   10240
31730   10240
31740   10240
31750   10240
31760   10240
31770   10240
31780   10240
31790   10240
31800   10240
31810   10240
31820   10240
31830   10240
31840   10240
31850   10240
31860   10240
31870   10240
31880   10240
31890   10240
31900   10240
31910   10240
31920   10240
31930   10240
31940   10240
31950   10240
31960   10240
31970   10240
31980   10240
31990   10240
32000   10240
32010   10240
32020   10240
32030   10240
32040   10240
32050   10240
32060   10240
32070   10240
32080   10240
32090   10240
32100   10240
32110   10240
32120   10240
32130   10240
32140   10240
32150   10240
32160   10240
32170   10240
32180   10240
32190   10240
32200   10240
32210   10240
32220   10240
32230   10240
32240   10240
32250   10240
32260   10240
32270   10240
32280   10240
32290   10240
32300   10240
32310   10240
32320   10240
32330   10240
32340   10240
32350   10240
32360   10240
32370   10240
32380   10240
32390   10240
32400   10240
32410   10240
32420   10240
32430   10240
32440   10240
32450   10240
32460   10240
32470   10240
32480   10240
32490   10240
32500   10240
32510   10240
32520   10240
32530   10240
32540   10240
32550   10240
32560   10240
32570   10240
32580   10240
32590   10240
32600   10240
32610   10240
32620   10240
32630   10240
32640   10240
32650   10240
32660   10240
32670   10240
32680   10240
32690   10240
32700   10240
32710   10240
32720   10240
32730   10240
32740   10240
32750   10240
32760   10240
32770   10240
32780   10240
32790   10240
32800   10240
32810   10240
32820   10240
32830   10240
32840   10240
32850   10240
32860   10240
32870   10240
32880   10240
32890   10240
32900   10240
32910   10240
32920   10240
32930   10240
32940   10240
32950   10240
32960   10240
32970   10240
32980   10240
32990   10240
33000   10240
33010   10240
33020   10240
33030   10240
33040   10240
33050   10240
33060   10240
33070   10240
33080   10240
33090   10240
33100   10240
33110   10240
33120   10240
33130   10240
33140   10240
33150   10240
33160   10240
33170   10240
33180   10240
33190   10240
33200   10240
33210   10240
33220   10240
33230   10240
33240   10240
33250   10240
33260   10240
33270   10240
33280   10240
33290   10240
33300   10240
33310   10240
33320   10240
33330   10240
33340   10240
33350   10240
33360   10240
33370   10240
33380   10240
33390   10240
33400   10240
33410   10240
33420   10240
33430   10240
33440   10240
33450   10240
33460   10240
33470   10240
33480   10240
33490   10240
33500   10240
33510   10240
33520   10240
33530   10240
33540   10240
33550   10240
33560   10240
33570   10240
33580   10240
33590   10240
33600   10240
33610   10240
33620   10240
33630   10240
33640   10240
33650   10240
33660   10240
33670   10240
33680   10240
33690   10240
33700   10240
33710   10240
33720   10240
33730   10240
33740   10240
33750   10240
33760   10240
33770   10240
33780   10240
33790   10240
33800   10240
33810   10240
33820   10240
33830   10240
33840   10240
33850   10240
33860   10240
33870   10240
33880   10240
33890   10240
33900   10240
33910   10240
33920   10240
33930   10240
33940   10240
33950   10240
33960   10240
33970   10240
33980   10240
33990   10240
34000   10240
34010   10240
34020   10240
34030   10240
34040   10240
34050   10240
34060   10240
34070   10240
34080   10240
34090   10240
34100   10240
34110   10240
34120   10240
34130   10240
34140   10240
34150   10240
34160   10240
34170   10240
34180   10240
34190   10240
34200   10240
34210   10240
34220   10240
34230   10240
34240   10240
34250   10240
34260   10240
34270   10240
34280   10240
34290   10240
34300   10240
34310   10240
34320   10240
34330   10240
34340   10240
34350   10240
34360   10240
34370   10240
34380   10240
34390   10240
34400   10240
34410   10240
34420   10240
34430   10240
34440   10240
34450   10240
34460   10240
34470   10240
34480   10240
34490   10240
34500   10240
34510   10240
34520   10240
34530   10240
34540   10240
34550   10240
34560   10240
34570   10240
34580   10240
34590   10240
34600   10240
34610   10240
34620   10240
34630   10240
34640   10240
34650   10240
34660   10240
34670   10240
34680   10240
34690   10240
34700   10240
34710   10240
34720   10240
34730   10240
34740   10240
34750   10240
34760   10240
34770   10240
34780   10240
34790   10240
34800   10240
34810   10240
34820   10240
34830   10240
34840   10240
34850   10240
34860   10240
34870   10240
34880   10240
34890   10240
34900   10240
34910   10240
34920   10240
34930   10240
34940   10240
34950   10240
34960   10240
34970   10240
34980   10240
34990   10240
35000   10240
35010   10240
35020   10240
35030   10240
35040   10240
35050   10240
35060   10240
35070   10240
35080   10240
35090   10240
35100   10240
35110   10240
35120   10240
35130   10240
35140   10240
35150   10240
35160   10240
35170   10240
35180   10240
35190   10240
35200   10240
35210   10240
35220   10240
35230   10240
35240   10240
35250   10240
35260   10240
35270   10240
35280   10240
35290   10240
35300   10240
35310   10240
35320   10240
35330   10240
35340   10240
35350   10240
35360   10240
35370   10240
35380   10240
35390   10240
35400   10240
35410   10240
35420   10240
35430   10240
35440   10240
35450   10240
35460   10240
35470   10240
35480   10240
35490   10240
35500   10240
35510   10240
35520   10240
35530   10240
35540   10240
35550   10240
35560   10240
35570   10240
35580   10240
35590   10240
35600   10240
35610   10240
35620   10240
35630   10240
35640   10240
35650   10240
35660   10240
35670   10240
35680   10240
35690   10240
35700   10240
35710   10240
35720   10240
35730   10240
35740   10240
35750   10240
35760   10240
35770   10240
35780   10240
35790   10240
35800   10240
35810   10240
35820   10240
35830   10240
35840   10240
35850   10240
35860   10240
35870   10240
35880   10240
35890   10240
35900   10240
35910   10240
35920   10240
35930   10240
35940   10240
35950   10240
35960   10240
35970   10240
35980   10240
35990   10240
36000   10240
36010   10240
