10   25162
20   25162
30   24750
40   24750
50   24750
60   24750
70   24750
80   24750
90   24750
100   24750
110   24750
120   24750
130   24750
140   24750
150   24750
160   24750
170   24750
180   24750
190   24750
200   24750
210   24750
220   24750
230   24750
240   24750
250   24750
260   24750
270   24750
280   24750
290   24750
300   24662
310   24662
320   24662
330   24662
340   24662
350   24662
360   24662
370   24662
380   24662
390   24662
400   24662
410   24662
420   24662
430   24662
440   24662
450   24662
460   24662
470   24662
480   24662
490   24662
500   24662
510   24662
520   24662
530   24662
540   24662
550   24662
560   24662
570   24662
580   24662
590   24662
600   24662
610   24662
620   24662
630   24662
640   24662
650   24662
660   24662
670   24662
680   24662
690   24662
700   24662
710   24662
720   24662
730   24662
740   24662
750   24579
760   24579
770   24579
780   24579
790   24579
800   24579
810   24579
820   24579
830   24579
840   24579
850   24579
860   24579
870   24579
880   24579
890   24579
900   24579
910   24579
920   24579
930   24579
940   24579
950   24579
960   24579
970   24579
980   24579
990   24579
1000   24579
1010   24579
1020   24579
1030   24579
1040   24579
1050   24579
1060   24579
1070   24579
1080   24579
1090   24579
1100   24579
1110   24579
1120   24579
1130   24579
1140   24579
1150   24579
1160   24579
1170   24579
1180   24579
1190   24579
1200   24579
1210   24579
1220   24579
1230   24579
1240   24579
1250   24579
1260   24579
1270   24579
1280   24579
1290   24579
1300   24579
1310   24579
1320   24579
1330   24579
1340   24579
1350   24579
1360   24579
1370   24579
1380   24579
1390   24579
1400   24579
1410   24579
1420   24579
1430   24579
1440   24579
1450   24579
1460   24310
1470   24310
1480   24310
1490   24310
1500   24310
1510   24310
1520   24310
1530   24310
1540   24310
1550   24310
1560   24310
1570   24310
1580   24310
1590   24310
1600   24310
1610   24310
1620   24310
1630   24310
1640   24310
1650   24310
1660   24310
1670   24310
1680   24310
1690   24310
1700   24310
1710   24310
1720   24310
1730   24310
1740   24310
1750   24310
1760   24310
1770   24310
1780   24310
1790   24310
1800   24310
1810   24310
1820   24310
1830   24310
1840   24310
1850   24310
1860   24310
1870   24310
1880   24310
1890   24310
1900   24310
1910   24310
1920   24310
1930   24310
1940   24310
1950   24310
1960   24310
1970   24310
1980   24310
1990   24310
2000   24310
2010   24310
2020   24310
2030   24310
2040   24310
2050   24310
2060   24310
2070   24310
2080   24310
2090   24310
2100   24310
2110   24310
2120   24310
2130   24310
2140   24310
2150   24310
2160   24310
2170   24310
2180   24310
2190   24310
2200   24310
2210   24310
2220   24310
2230   24310
2240   24310
2250   24310
2260   24310
2270   24310
2280   24310
2290   24310
2300   24310
2310   24310
2320   24310
2330   24310
2340   24310
2350   24310
2360   24310
2370   24310
2380   24310
2390   24310
2400   24310
2410   24310
2420   24310
2430   24310
2440   24310
2450   24310
2460   24310
2470   24310
2480   24310
2490   24310
2500   24310
2510   24310
2520   24310
2530   24310
2540   24310
2550   24310
2560   24310
2570   24310
2580   24310
2590   24310
2600   24310
2610   24310
2620   24310
2630   24310
2640   24310
2650   24310
2660   24310
2670   24310
2680   24310
2690   24310
2700   24310
2710   24310
2720   24310
2730   24310
2740   24310
2750   24310
2760   24310
2770   24310
2780   24310
2790   24310
2800   24310
2810   24310
2820   24310
2830   24310
2840   24310
2850   24310
2860   24310
2870   24310
2880   24310
2890   24310
2900   24310
2910   24310
2920   24310
2930   24310
2940   24310
2950   24310
2960   24310
2970   24310
2980   24310
2990   24310
3000   24310
3010   24310
3020   24310
3030   24310
3040   24310
3050   24310
3060   24310
3070   24310
3080   24310
3090   24310
3100   24310
3110   24310
3120   24310
3130   24310
3140   24310
3150   24310
3160   24310
3170   24310
3180   24310
3190   24310
3200   24310
3210   24310
3220   24310
3230   24310
3240   24310
3250   24310
3260   24310
3270   24310
3280   24310
3290   24310
3300   24310
3310   24310
3320   24310
3330   24310
3340   24310
3350   24310
3360   24310
3370   24310
3380   24310
3390   24310
3400   24310
3410   24310
3420   24310
3430   24310
3440   24310
3450   24310
3460   24310
3470   24310
3480   24310
3490   24310
3500   24310
3510   24310
3520   24310
3530   24310
3540   24310
3550   24310
3560   24310
3570   24310
3580   24310
3590   24310
3600   24310
3610   24310
3620   24310
3630   24310
3640   24310
3650   24310
3660   24310
3670   24310
3680   24310
3690   24310
3700   24310
3710   24310
3720   24310
3730   24310
3740   24310
3750   24310
3760   24310
3770   24310
3780   24310
3790   24310
3800   24310
3810   24310
3820   24310
3830   24310
3840   24310
3850   24310
3860   24310
3870   24310
3880   24310
3890   24310
3900   24310
3910   24310
3920   24310
3930   24310
3940   24310
3950   24310
3960   24310
3970   24310
3980   24310
3990   24310
4000   24310
4010   24310
4020   24310
4030   24310
4040   24310
4050   24310
4060   24310
4070   24310
4080   24310
4090   24310
4100   24310
4110   24310
4120   24310
4130   24310
4140   24310
4150   24310
4160   24310
4170   24310
4180   24310
4190   24310
4200   24310
4210   24310
4220   24310
4230   24310
4240   24310
4250   24310
4260   24310
4270   24310
4280   24310
4290   24310
4300   24310
4310   24310
4320   24310
4330   24310
4340   24310
4350   24310
4360   24310
4370   24310
4380   24310
4390   24310
4400   24310
4410   24310
4420   24310
4430   24310
4440   24310
4450   24310
4460   24310
4470   24310
4480   24310
4490   24310
4500   24310
4510   24310
4520   24310
4530   24310
4540   24310
4550   24310
4560   24310
4570   24310
4580   24310
4590   24310
4600   24310
4610   24310
4620   24310
4630   24310
4640   24310
4650   24310
4660   24310
4670   24310
4680   24310
4690   24310
4700   24310
4710   24310
4720   24310
4730   24310
4740   24310
4750   24310
4760   24310
4770   24310
4780   24310
4790   24310
4800   24310
4810   24310
4820   24310
4830   24310
4840   24310
4850   24310
4860   24310
4870   24310
4880   24310
4890   24310
4900   24310
4910   24310
4920   24310
4930   24310
4940   24310
4950   24310
4960   24310
4970   24310
4980   24310
4990   24310
5000   24310
5010   24310
5020   24310
5030   24310
5040   24310
5050   24310
5060   24310
5070   24310
5080   24310
5090   24310
5100   24310
5110   24310
5120   24310
5130   24310
5140   24310
5150   24310
5160   24310
5170   24310
5180   24310
5190   24310
5200   24310
5210   24310
5220   24310
5230   24310
5240   24310
5250   24310
5260   24310
5270   24310
5280   24310
5290   24310
5300   24310
5310   24310
5320   24310
5330   24310
5340   24310
5350   24310
5360   24310
5370   24310
5380   24310
5390   24310
5400   24310
5410   24310
5420   24310
5430   24310
5440   24310
5450   24310
5460   24310
5470   24310
5480   24310
5490   24310
5500   24310
5510   24310
5520   24310
5530   24310
5540   24310
5550   24310
5560   24310
5570   24310
5580   24310
5590   24310
5600   24310
5610   24310
5620   24310
5630   24310
5640   24310
5650   24310
5660   24310
5670   24310
5680   24310
5690   24310
5700   24310
5710   24310
5720   24310
5730   24310
5740   24310
5750   24310
5760   24310
5770   24310
5780   24310
5790   24310
5800   24310
5810   24310
5820   24310
5830   24310
5840   24310
5850   24310
5860   24310
5870   24310
5880   24310
5890   24310
5900   24310
5910   24310
5920   24310
5930   24310
5940   24310
5950   24310
5960   24310
5970   24310
5980   24310
5990   24310
6000   24310
6010   24310
6020   24310
6030   24310
6040   24310
6050   24310
6060   24310
6070   24310
6080   24310
6090   24310
6100   24310
6110   24310
6120   24310
6130   24310
6140   24310
6150   24310
6160   24310
6170   24310
6180   24310
6190   24310
6200   24310
6210   24310
6220   24310
6230   24310
6240   24310
6250   24310
6260   24310
6270   24310
6280   24310
6290   24310
6300   24310
6310   24310
6320   24310
6330   24310
6340   24310
6350   24310
6360   24310
6370   24310
6380   24310
6390   24310
6400   24310
6410   24310
6420   24310
6430   24310
6440   24310
6450   24310
6460   24310
6470   24310
6480   24310
6490   24310
6500   24310
6510   24310
6520   24310
6530   24310
6540   24310
6550   24310
6560   24310
6570   24310
6580   24310
6590   24310
6600   24310
6610   24310
6620   24310
6630   24310
6640   24310
6650   24310
6660   24310
6670   24310
6680   24310
6690   24310
6700   24310
6710   24310
6720   24310
6730   24310
6740   24310
6750   24310
6760   24310
6770   24310
6780   24310
6790   24310
6800   24310
6810   24310
6820   24310
6830   24310
6840   24310
6850   24310
6860   24310
6870   24310
6880   24310
6890   24310
6900   24310
6910   24310
6920   24310
6930   24310
6940   24310
6950   24310
6960   24310
6970   24310
6980   24310
6990   24310
7000   24310
7010   24310
7020   24310
7030   24310
7040   24310
7050   24310
7060   24310
7070   24310
7080   24310
7090   24310
7100   24310
7110   24310
7120   24310
7130   24310
7140   24310
7150   24310
7160   24310
7170   24310
7180   24310
7190   24310
7200   24310
7210   24310
7220   24310
7230   24310
7240   24310
7250   24310
7260   24310
7270   24310
7280   24310
7290   24310
7300   24310
7310   24310
7320   24310
7330   24310
7340   24310
7350   24310
7360   24310
7370   24310
7380   24310
7390   24310
7400   24310
7410   24310
7420   24310
7430   24310
7440   24310
7450   24310
7460   24310
7470   24310
7480   24310
7490   24310
7500   24310
7510   24310
7520   24310
7530   24310
7540   24310
7550   24310
7560   24310
7570   24310
7580   24310
7590   24310
7600   24310
7610   24310
7620   24310
7630   24310
7640   24310
7650   24310
7660   24310
7670   24310
7680   24310
7690   24310
7700   24310
7710   24310
7720   24310
7730   24310
7740   24310
7750   24310
7760   24310
7770   24310
7780   24310
7790   24310
7800   24310
7810   24310
7820   24310
7830   24310
7840   24310
7850   24310
7860   24310
7870   24310
7880   24310
7890   24310
7900   24310
7910   24310
7920   24310
7930   24310
7940   24310
7950   24310
7960   24310
7970   24310
7980   24310
7990   24310
8000   24310
8010   24310
8020   24310
8030   24310
8040   24310
8050   24310
8060   24310
8070   24310
8080   24310
8090   24310
8100   24310
8110   24310
8120   24310
8130   24310
8140   24310
8150   24310
8160   24310
8170   24310
8180   24310
8190   24310
8200   24310
8210   24310
8220   24310
8230   24310
8240   24310
8250   24310
8260   24310
8270   24310
8280   24310
8290   24310
8300   24310
8310   24310
8320   24310
8330   24310
8340   24310
8350   24310
8360   24310
8370   24310
8380   24310
8390   24310
8400   24310
8410   24310
8420   24310
8430   24310
8440   24310
8450   24310
8460   24310
8470   24310
8480   24310
8490   24310
8500   24310
8510   24310
8520   24310
8530   24310
8540   24310
8550   24310
8560   24310
8570   24310
8580   24310
8590   24310
8600   24310
8610   24310
8620   24310
8630   24310
8640   24310
8650   24310
8660   24310
8670   24310
8680   24310
8690   24310
8700   24310
8710   24310
8720   24310
8730   24310
8740   24310
8750   24310
8760   24310
8770   24310
8780   24310
8790   24310
8800   24310
8810   24310
8820   24310
8830   24310
8840   24310
8850   24310
8860   24310
8870   24310
8880   24310
8890   24310
8900   24310
8910   24310
8920   24310
8930   24310
8940   24310
8950   24310
8960   24310
8970   24310
8980   24310
8990   24310
9000   24310
9010   24310
9020   24310
9030   24310
9040   24310
9050   24310
9060   24310
9070   24310
9080   24310
9090   24310
9100   24310
9110   24310
9120   24310
9130   24310
9140   24310
9150   24310
9160   24310
9170   24310
9180   24310
9190   24310
9200   24310
9210   24310
9220   24310
9230   24310
9240   24310
9250   24310
9260   24310
9270   24310
9280   24310
9290   24310
9300   24310
9310   24310
9320   24310
9330   24310
9340   24310
9350   24310
9360   24310
9370   24310
9380   24310
9390   24310
9400   24310
9410   24310
9420   24310
9430   24310
9440   24310
9450   24310
9460   24310
9470   24310
9480   24310
9490   24310
9500   24310
9510   24310
9520   24310
9530   24310
9540   24310
9550   24310
9560   24310
9570   24310
9580   24310
9590   24310
9600   24310
9610   24310
9620   24310
9630   24310
9640   24310
9650   24310
9660   24310
9670   24310
9680   24310
9690   24310
9700   24310
9710   24310
9720   24310
9730   24310
9740   24310
9750   24310
9760   24310
9770   24310
9780   24310
9790   24310
9800   24310
9810   24310
9820   24310
9830   24310
9840   24310
9850   24310
9860   24310
9870   24310
9880   24310
9890   24310
9900   24310
9910   24310
9920   24310
9930   24310
9940   24310
9950   24310
9960   24310
9970   24310
9980   24310
9990   24310
10000   24310
10010   24310
10020   24310
10030   24310
10040   24310
10050   24310
10060   24310
10070   24310
10080   24310
10090   24310
10100   24310
10110   24310
10120   24310
10130   24310
10140   24310
10150   24310
10160   24310
10170   24310
10180   24310
10190   24310
10200   24310
10210   24310
10220   24310
10230   24310
10240   24310
10250   24310
10260   24310
10270   24310
10280   24310
10290   24310
10300   24310
10310   24310
10320   24310
10330   24310
10340   24310
10350   24310
10360   24310
10370   24310
10380   24310
10390   24310
10400   24310
10410   24310
10   25162
20   25162
10420   24310
30   24750
40   24750
10430   24310
50   24750
60   24750
10440   24310
70   24750
80   24750
10450   24310
90   24750
100   24750
10460   24310
110   24750
10470   24310
120   24750
130   24750
10480   24310
140   24750
10490   24310
150   24750
160   24750
10500   24310
170   24750
180   24750
10510   24310
190   24750
200   24750
10520   24310
210   24750
10530   24310
220   24750
230   24750
10540   24310
240   24750
10550   24310
250   24750
260   24750
10560   24310
270   24750
10570   24310
280   24750
290   24750
10580   24310
300   24662
310   24662
10590   24310
320   24662
330   24662
10600   24310
340   24662
350   24662
360   24662
10610   24310
370   24662
380   24662
390   24662
10620   24310
400   24662
410   24662
10630   24310
420   24662
430   24662
440   24662
10640   24310
450   24662
460   24662
470   24662
10650   24310
480   24662
490   24662
500   24662
10660   24310
510   24662
520   24662
10670   24310
530   24662
540   24662
550   24662
10680   24310
560   24662
570   24662
10690   24310
580   24662
590   24662
600   24662
10700   24310
610   24662
620   24662
630   24662
10710   24310
640   24662
650   24662
660   24662
10720   24310
670   24662
680   24662
10730   24310
690   24662
700   24662
710   24662
10740   24310
720   24662
730   24662
740   24662
10750   24310
750   24579
760   24579
770   24579
10760   24310
780   24579
790   24579
10770   24310
800   24579
810   24579
10780   24310
820   24579
830   24579
840   24579
10790   24310
850   24579
860   24579
870   24579
10800   24310
880   24579
890   24579
10810   24310
900   24579
910   24579
920   24579
10820   24310
930   24579
940   24579
950   24579
10830   24310
960   24579
970   24579
980   24579
10840   24310
990   24579
1000   24579
1010   24579
10850   24310
1020   24579
1030   24579
10860   24310
1040   24579
1050   24579
1060   24579
10870   24310
1070   24579
1080   24579
1090   24579
10880   24310
1100   24579
1110   24579
1120   24579
10890   24310
1130   24579
1140   24579
10900   24310
1150   24579
1160   24579
1170   24579
10910   24310
1180   24579
1190   24579
1200   24579
10920   24310
1210   24579
1220   24579
1230   24579
10930   24310
1240   24579
1250   24579
1260   24579
10940   24310
1270   24579
1280   24579
10950   24310
1290   24579
1300   24579
1310   24579
10960   24310
1320   24579
1330   24579
10970   24310
1340   24579
1350   24579
1360   24579
10980   24310
1370   24579
1380   24579
1390   24579
10990   24310
1400   24579
1410   24579
11000   24310
1420   24579
1430   24579
1440   24579
11010   24310
1450   24579
1460   24310
1470   24310
11020   24310
1480   24310
1490   24310
1500   24310
11030   24310
1510   24310
1520   24310
1530   24310
11040   24310
1540   24310
1550   24310
11050   24310
1560   24310
1570   24310
1580   24310
11060   24310
1590   24310
1600   24310
1610   24310
11070   24310
1620   24310
1630   24310
1640   24310
11080   24310
1650   24310
1660   24310
1670   24310
11090   24310
1680   24310
1690   24310
11100   24310
1700   24310
1710   24310
1720   24310
11110   24310
1730   24310
1740   24310
1750   24310
11120   24310
1760   24310
1770   24310
11130   24310
1780   24310
1790   24310
1800   24310
11140   24310
1810   24310
1820   24310
1830   24310
11150   24310
1840   24310
1850   24310
11160   24310
1860   24310
1870   24310
1880   24310
11170   24310
1890   24310
1900   24310
1910   24310
11180   24310
1920   24310
1930   24310
11190   24310
1940   24310
1950   24310
1960   24310
11200   24310
1970   24310
1980   24310
1990   24310
11210   24310
2000   24310
2010   24310
11220   24310
2020   24310
2030   24310
2040   24310
11230   24310
2050   24310
2060   24310
11240   24310
2070   24310
2080   24310
11250   24310
2090   24310
2100   24310
2110   24310
2120   24310
11260   24310
2130   24310
2140   24310
2150   24310
11270   24310
2160   24310
2170   24310
11280   24310
2180   24310
2190   24310
2200   24310
11290   24310
2210   24310
2220   24310
2230   24310
11300   24310
2240   24310
2250   24310
2260   24310
11310   24310
2270   24310
2280   24310
11320   24310
2290   24310
2300   24310
2310   24310
11330   24310
2320   24310
2330   24310
11340   24310
2340   24310
2350   24310
2360   24310
11350   24310
2370   24310
2380   24310
11360   24310
2390   24310
2400   24310
2410   24310
11370   24310
2420   24310
2430   24310
2440   24310
11380   24310
2450   24310
2460   24310
2470   24310
11390   24310
2480   24310
2490   24310
11400   24310
2500   24310
2510   24310
2520   24310
11410   24310
2530   24310
2540   24310
11420   24310
2550   24310
2560   24310
2570   24310
11430   24310
2580   24310
2590   24310
11440   24310
2600   24310
2610   24310
2620   24310
11450   24310
2630   24310
2640   24310
11460   24310
2650   24310
2660   24310
11470   24310
2670   24310
2680   24310
2690   24310
11480   24310
2700   24310
2710   24310
11490   24310
2720   24310
2730   24310
2740   24310
11500   24310
2750   24310
2760   24310
2770   24310
11510   24310
2780   24310
2790   24310
11520   24310
2800   24310
2810   24310
2820   24310
11530   24310
2830   24310
2840   24310
11540   24310
2850   24310
2860   24310
2870   24310
11550   24310
2880   24310
2890   24310
2900   24310
11560   24310
2910   24310
2920   24310
2930   24310
11570   24310
2940   24310
2950   24310
2960   24310
11580   24310
2970   24310
2980   24310
2990   24310
11590   24310
3000   24310
3010   24310
3020   24310
11600   24310
3030   24310
3040   24310
11610   24310
3050   24310
3060   24310
11620   24310
3070   24310
3080   24310
3090   24310
11630   24310
3100   24310
3110   24310
3120   24310
11640   24310
3130   24310
3140   24310
3150   24310
11650   24310
3160   24310
3170   24310
3180   24310
11660   24310
3190   24310
3200   24310
3210   24310
11670   24310
3220   24310
3230   24310
11680   24310
3240   24310
3250   24310
3260   24310
11690   24310
3270   24310
3280   24310
3290   24310
11700   24310
3300   24310
3310   24310
11710   24310
3320   24310
3330   24310
3340   24310
11720   24310
3350   24310
3360   24310
11730   24310
3370   24310
3380   24310
3390   24310
11740   24310
3400   24310
3410   24310
3420   24310
11750   24310
3430   24310
3440   24310
3450   24310
11760   24310
3460   24310
3470   24310
11770   24310
3480   24310
3490   24310
11780   24310
3500   24310
3510   24310
3520   24310
11790   24310
3530   24310
3540   24310
11800   24310
3550   24310
3560   24310
3570   24310
11810   24310
3580   24310
3590   24310
11820   24310
3600   24310
3610   24310
3620   24310
11830   24310
3630   24310
3640   24310
11840   24310
3650   24310
3660   24310
11850   24310
3670   24310
3680   24310
3690   24310
11860   24310
3700   24310
3710   24310
3720   24310
11870   24310
3730   24310
3740   24310
3750   24310
11880   24310
3760   24310
3770   24310
11890   24310
3780   24310
3790   24310
3800   24310
11900   24310
3810   24310
3820   24310
11910   24310
3830   24310
3840   24310
3850   24310
11920   24310
3860   24310
3870   24310
3880   24310
11930   24310
3890   24310
3900   24310
11940   24310
3910   24310
3920   24310
3930   24310
11950   24310
3940   24310
3950   24310
3960   24310
11960   24310
3970   24310
3980   24310
11970   24310
3990   24310
4000   24310
4010   24310
11980   24310
4020   24310
4030   24310
4040   24310
11990   24310
4050   24310
4060   24310
4070   24310
12000   24310
4080   24310
4090   24310
12010   24310
4100   24310
4110   24310
4120   24310
12020   24310
4130   24310
4140   24310
12030   24310
4150   24310
4160   24310
4170   24310
12040   24310
4180   24310
4190   24310
4200   24310
12050   24310
4210   24310
4220   24310
4230   24310
12060   24310
4240   24310
4250   24310
12070   24310
4260   24310
4270   24310
4280   24310
12080   24310
4290   24310
4300   24310
4310   24310
12090   24310
4320   24310
4330   24310
4340   24310
12100   24310
4350   24310
4360   24310
12110   24310
4370   24310
4380   24310
4390   24310
12120   24310
4400   24310
4410   24310
4420   24310
12130   24310
4430   24310
4440   24310
4450   24310
12140   24310
4460   24310
4470   24310
4480   24310
12150   24310
4490   24310
4500   24310
12160   24310
4510   24310
4520   24310
4530   24310
12170   24310
4540   24310
4550   24310
4560   24310
12180   24310
4570   24310
4580   24310
4590   24310
12190   24310
4600   24310
4610   24310
4620   24310
12200   24310
4630   24310
4640   24310
4650   24310
12210   24310
4660   24310
4670   24310
4680   24310
12220   24310
4690   24310
4700   24310
12230   24310
4710   24310
4720   24310
4730   24310
12240   24310
4740   24310
4750   24310
4760   24310
12250   24310
4770   24310
4780   24310
4790   24310
12260   24310
4800   24310
4810   24310
12270   24310
4820   24310
4830   24310
4840   24310
12280   24310
4850   24310
4860   24310
4870   24310
12290   24310
4880   24310
4890   24310
12300   24310
4900   24310
4910   24310
12310   24310
4920   24310
4930   24310
12320   24310
4940   24310
4950   24310
12330   24310
4960   24310
4970   24310
12340   24310
4980   24310
4990   24310
12350   24310
5000   24310
5010   24310
12360   24310
5020   24310
5030   24310
12370   24310
5040   24310
5050   24310
12380   24310
5060   24310
5070   24310
12390   24310
5080   24310
5090   24310
12400   24310
5100   24310
5110   24310
12410   24310
5120   24310
5130   24310
12420   24310
5140   24310
5150   24310
12430   24310
5160   24310
12440   24310
5170   24310
5180   24310
5190   24310
12450   24310
5200   24310
12460   24310
5210   24310
5220   24310
12470   24310
5230   24310
5240   24310
5250   24310
12480   24310
5260   24310
5270   24310
12490   24310
5280   24310
5290   24310
12500   24310
5300   24310
5310   24310
12510   24310
5320   24310
5330   24310
12520   24310
5340   24310
12530   24310
5350   24310
5360   24310
12540   24310
5370   24310
5380   24310
5390   24310
12550   24310
5400   24310
5410   24310
12560   24310
5420   24310
5430   24310
12570   24310
5440   24310
5450   24310
12580   24310
5460   24310
5470   24310
12590   24310
5480   24310
5490   24310
12600   24310
5500   24310
5510   24310
12610   24310
5520   24310
5530   24310
12620   24310
5540   24310
5550   24310
12630   24310
5560   24310
5570   24310
5580   24310
12640   24310
5590   24310
12650   24310
5600   24310
5610   24310
5620   24310
12660   24310
5630   24310
5640   24310
12670   24310
5650   24310
5660   24310
12680   24310
5670   24310
5680   24310
12690   24310
5690   24310
12700   24310
5700   24310
12710   24310
5710   24310
12720   24310
5720   24310
12730   24310
5730   24310
12740   24310
5740   24310
12750   24310
5750   24310
12760   24310
5760   24310
12770   24310
5770   24310
5780   24310
12780   24310
5790   24310
12790   24310
5800   24310
12800   24310
5810   24310
12810   24310
5820   24310
5830   24310
12820   24310
5840   24310
12830   24310
5850   24310
12840   24310
5860   24310
12850   24310
5870   24310
12860   24310
5880   24310
12870   24310
5890   24310
12880   24310
5900   24310
12890   24310
5910   24310
12900   24310
5920   24310
5930   24310
12910   24310
5940   24310
12920   24310
5950   24310
12930   24310
5960   24310
5970   24310
12940   24310
5980   24310
12950   24310
5990   24310
12960   24310
6000   24310
12970   24310
6010   24310
12980   24310
6020   24310
12990   24310
6030   24310
6040   24310
13000   24310
6050   24310
13010   24310
6060   24310
6070   24310
13020   24310
6080   24310
13030   24310
6090   24310
13040   24310
6100   24310
13050   24310
6110   24310
13060   24310
6120   24310
6130   24310
13070   24310
6140   24310
6150   24310
13080   24310
6160   24310
13090   24310
6170   24310
13100   24310
13110   24310
6180   24310
13120   24310
6190   24310
13130   24310
6200   24310
13140   24310
6210   24310
6220   24310
13150   24310
13160   24310
6230   24310
13170   24310
6240   24310
13180   24310
6250   24310
6260   24310
13190   24310
6270   24310
6280   24310
13200   24310
6290   24310
13210   24310
6300   24310
13220   24310
13230   24310
6310   24310
13240   24310
6320   24310
13250   24310
6330   24310
13260   24310
13270   24310
6340   24310
13280   24310
6350   24310
13290   24310
6360   24310
13300   24310
6370   24310
6380   24310
13310   24310
6390   24310
13320   24310
6400   24310
13330   24310
6410   24310
13340   24310
6420   24310
13350   24310
6430   24310
6440   24310
13360   24310
6450   24310
6460   24310
13370   24310
6470   24310
6480   24310
13380   24310
6490   24310
6500   24310
6510   24310
13390   24310
6520   24310
6530   24310
13400   24310
6540   24310
6550   24310
13410   24310
6560   24310
6570   24310
13420   24310
6580   24310
6590   24310
6600   24310
13430   24310
6610   24310
6620   24310
13440   24310
6630   24310
6640   24310
13450   24310
6650   24310
6660   24310
13460   24310
6670   24310
6680   24310
6690   24310
13470   24310
6700   24310
6710   24310
13480   24310
6720   24310
6730   24310
13490   24310
6740   24310
6750   24310
13500   24310
6760   24310
6770   24310
13510   24310
6780   24310
6790   24310
13520   24310
6800   24310
6810   24310
13530   24310
6820   24310
6830   24310
6840   24310
13540   24310
6850   24310
6860   24310
13550   24310
6870   24310
6880   24310
13560   24310
6890   24310
6900   24310
13570   24310
6910   24310
6920   24310
6930   24310
13580   24310
6940   24310
6950   24310
13590   24310
6960   24310
6970   24310
13600   24310
6980   24310
6990   24310
13610   24310
7000   24310
7010   24310
13620   24310
7020   24310
7030   24310
7040   24310
13630   24310
7050   24310
7060   24310
13640   24310
7070   24310
7080   24310
13650   24310
7090   24310
7100   24310
13660   24310
7110   24310
7120   24310
7130   24310
13670   24310
7140   24310
7150   24310
13680   24310
7160   24310
7170   24310
13690   24310
7180   24310
7190   24310
13700   24310
7200   24310
7210   24310
7220   24310
13710   24310
7230   24310
7240   24310
13720   24310
7250   24310
7260   24310
13730   24310
7270   24310
7280   24310
13740   24310
7290   24310
7300   24310
13750   24310
7310   24310
7320   24310
13760   24310
7330   24310
7340   24310
13770   24310
7350   24310
7360   24310
7370   24310
13780   24310
7380   24310
7390   24310
13790   24310
7400   24310
7410   24310
13800   24310
7420   24310
7430   24310
13810   24310
7440   24310
7450   24310
13820   24310
7460   24310
7470   24310
13830   24310
7480   24310
7490   24310
13840   24310
7500   24310
7510   24310
7520   24310
13850   24310
7530   24310
13860   24310
7540   24310
7550   24310
13870   24310
7560   24310
13880   24310
7570   24310
13890   24310
7580   24310
13900   24310
7590   24310
7600   24310
13910   24310
7610   24310
13920   24310
7620   24310
7630   24310
13930   24310
7640   24310
13940   24310
7650   24310
7660   24310
13950   24310
7670   24310
13960   24310
7680   24310
13970   24310
7690   24310
13980   24310
7700   24310
7710   24310
13990   24310
7720   24310
14000   24310
7730   24310
14010   24310
7740   24310
14020   24310
7750   24310
7760   24310
14030   24310
14040   24310
7770   24310
7780   24310
14050   24310
7790   24310
7800   24310
14060   24310
7810   24310
14070   24310
7820   24310
14080   24310
7830   24310
7840   24310
14090   24310
7850   24310
14100   24310
14110   24310
7860   24310
14120   24310
7870   24310
7880   24310
14130   24310
7890   24310
7900   24310
14140   24310
7910   24310
14150   24310
7920   24310
14160   24310
7930   24310
14170   24310
7940   24310
14180   24310
7950   24310
7960   24310
14190   24310
14200   24310
7970   24310
14210   24310
7980   24310
14220   24310
7990   24310
8000   24310
14230   24310
8010   24310
14240   24310
8020   24310
14250   24310
8030   24310
8040   24310
14260   24310
8050   24310
14270   24310
8060   24310
8070   24310
14280   24310
8080   24310
14290   24310
8090   24310
14300   24310
8100   24310
14310   24310
8110   24310
14320   24310
8120   24310
8130   24310
14330   24310
8140   24310
14340   24310
8150   24310
14350   24310
8160   24310
8170   24310
14360   24310
8180   24310
14370   24310
8190   24310
8200   24310
14380   24310
8210   24310
14390   24310
8220   24310
14400   24310
8230   24310
8240   24310
14410   24310
8250   24310
14420   24310
8260   24310
14430   24310
8270   24310
14440   24310
8280   24310
14450   24310
8290   24310
14460   24310
14470   24310
8300   24310
14480   24310
8310   24310
14490   24310
8320   24310
14500   24310
8330   24310
14510   24310
8340   24310
8350   24310
14520   24310
8360   24310
14530   24310
8370   24310
14540   24310
8380   24310
14550   24310
8390   24310
8400   24310
14560   24310
8410   24310
14570   24310
8420   24310
8430   24310
14580   24310
8440   24310
8450   24310
14590   24310
8460   24310
14600   24310
8470   24310
14610   24310
8480   24310
14620   24310
8490   24310
14630   24310
8500   24310
8510   24310
14640   24310
8520   24310
14650   24310
8530   24310
14660   24310
8540   24310
14670   24310
8550   24310
8560   24310
14680   24310
8570   24310
14690   24310
8580   24310
14700   24310
8590   24310
8600   24310
14710   24310
8610   24310
14720   24310
8620   24310
14730   24310
8630   24310
14740   24310
8640   24310
8650   24310
14750   24310
8660   24310
14760   24310
8670   24310
14770   24310
8680   24310
8690   24310
14780   24310
8700   24310
14790   24310
8710   24310
14800   24310
8720   24310
8730   24310
14810   24310
8740   24310
14820   24310
8750   24310
14830   24310
8760   24310
8770   24310
14840   24310
14850   24310
8780   24310
8790   24310
14860   24310
8800   24310
14870   24310
8810   24310
14880   24310
8820   24310
8830   24310
14890   24310
8840   24310
14900   24310
8850   24310
8860   24310
14910   24310
8870   24310
14920   24310
8880   24310
14930   24310
8890   24310
14940   24310
8900   24310
14950   24310
8910   24310
8920   24310
14960   24310
8930   24310
14970   24310
8940   24310
14980   24310
8950   24310
8960   24310
14990   24310
8970   24310
8980   24310
15000   24310
8990   24310
15010   24310
9000   24310
9010   24310
15020   24310
9020   24310
15030   24310
9030   24310
15040   24310
9040   24310
9050   24310
15050   24310
9060   24310
15060   24310
9070   24310
15070   24310
9080   24310
9090   24310
15080   24310
9100   24310
15090   24310
9110   24310
9120   24310
15100   24310
9130   24310
15110   24310
9140   24310
9150   24310
15120   24310
9160   24310
15130   24310
9170   24310
9180   24310
15140   24310
9190   24310
9200   24310
15150   24310
9210   24310
15160   24310
9220   24310
15170   24310
9230   24310
9240   24310
15180   24310
9250   24310
15190   24310
9260   24310
15200   24310
9270   24310
9280   24310
15210   24310
9290   24310
15220   24310
9300   24310
15230   24310
9310   24310
15240   24310
9320   24310
15250   24310
9330   24310
15260   24310
9340   24310
15270   24310
9350   24310
9360   24310
15280   24310
9370   24310
9380   24310
15290   24310
9390   24310
15300   24310
9400   24310
15310   24310
9410   24310
15320   24310
9420   24310
15330   24310
9430   24310
9440   24310
15340   24310
9450   24310
15350   24310
9460   24310
15360   24310
9470   24310
9480   24310
15370   24310
9490   24310
9500   24310
15380   24310
9510   24310
15390   24310
9520   24310
15400   24310
9530   24310
9540   24310
15410   24310
9550   24310
15420   24310
9560   24310
15430   24310
9570   24310
15440   24310
9580   24310
15450   24310
9590   24310
15460   24310
9600   24310
9610   24310
15470   24310
9620   24310
15480   24310
9630   24310
9640   24310
15490   24310
9650   24310
15500   24310
9660   24310
9670   24310
15510   24310
9680   24310
15520   24310
9690   24310
9700   24310
15530   24310
9710   24310
15540   24310
9720   24310
15550   24310
9730   24310
9740   24310
15560   24310
15570   24310
9750   24310
15580   24310
9760   24310
15590   24310
9770   24310
15600   24310
9780   24310
9790   24310
15610   24310
9800   24310
15620   24310
9810   24310
9820   24310
15630   24310
9830   24310
15640   24310
9840   24310
15650   24310
9850   24310
15660   24310
9860   24310
9870   24310
15670   24310
9880   24310
15680   24310
9890   24310
15690   24310
9900   24310
15700   24310
9910   24310
15710   24310
9920   24310
15720   24310
15730   24310
9930   24310
15740   24310
9940   24310
9950   24310
15750   24310
9960   24310
15760   24310
9970   24310
15770   24310
9980   24310
9990   24310
15780   24310
10000   24310
15790   24310
10010   24310
15800   24310
10020   24310
10030   24310
15810   24310
10040   24310
15820   24310
10050   24310
10060   24310
15830   24310
10070   24310
15840   24310
10080   24310
10090   24310
15850   24310
10100   24310
15860   24310
10110   24310
15870   24310
10120   24310
10130   24310
15880   24310
10140   24310
10150   24310
15890   24310
10160   24310
15900   24310
10170   24310
15910   24310
10180   24310
15920   24310
10190   24310
10200   24310
15930   24310
10210   24310
15940   24310
10220   24310
15950   24310
10230   24310
10240   24310
15960   24310
10250   24310
10260   24310
15970   24310
10270   24310
10280   24310
15980   24310
10290   24310
15990   24310
10300   24310
10310   24310
16000   24310
10320   24310
16010   24310
10330   24310
10340   24310
16020   24310
10350   24310
10360   24310
16030   24310
10370   24310
10380   24310
16040   24310
10390   24310
16050   24310
10400   24310
16060   24310
10410   24310
10420   24310
16070   24310
10430   24310
16080   24310
10440   24310
16090   24310
16100   24310
10450   24310
16110   24310
10460   24310
16120   24310
10470   24310
10480   24310
16130   24310
10490   24310
16140   24310
10500   24310
16150   24310
10510   24310
16160   24310
10520   24310
16170   24310
10530   24310
16180   24310
10540   24310
16190   24310
10550   24310
10560   24310
16200   24310
10570   24310
16210   24310
10580   24310
16220   24310
10590   24310
16230   24310
10600   24310
16240   24310
10610   24310
10620   24310
16250   24310
10630   24310
16260   24310
10640   24310
10650   24310
16270   24310
10660   24310
16280   24310
10670   24310
16290   24310
10680   24310
16300   24310
10690   24310
16310   24310
16320   24310
10700   24310
16330   24310
10710   24310
16340   24310
10720   24310
10730   24310
16350   24310
10740   24310
16360   24310
10750   24310
10760   24310
16370   24310
10770   24310
10780   24310
16380   24310
10790   24310
16390   24310
16400   24310
10800   24310
10810   24310
16410   24310
10820   24310
10830   24310
16420   24310
10840   24310
16430   24310
10850   24310
10860   24310
16440   24310
10870   24310
10880   24310
16450   24310
10890   24310
16460   24310
10900   24310
16470   24310
10910   24310
10920   24310
16480   24310
10930   24310
16490   24310
10940   24310
10950   24310
16500   24310
10960   24310
10970   24310
16510   24310
10980   24310
10990   24310
16520   24310
11000   24310
16530   24310
11010   24310
11020   24310
16540   24310
11030   24310
11040   24310
16550   24310
11050   24310
11060   24310
16560   24310
11070   24310
16570   24310
11080   24310
11090   24310
16580   24310
11100   24310
16590   24310
11110   24310
11120   24310
16600   24310
11130   24310
16610   24310
11140   24310
16620   24310
11150   24310
11160   24310
16630   24310
11170   24310
16640   24310
11180   24310
11190   24310
16650   24310
11200   24310
11210   24310
16660   24310
16670   24310
11220   24310
11230   24310
16680   24310
11240   24310
16690   24310
11250   24310
11260   24310
16700   24310
11270   24310
16710   24310
11280   24310
11290   24310
16720   24310
11300   24310
16730   24310
11310   24310
11320   24310
16740   24310
11330   24310
16750   24310
11340   24310
16760   24310
11350   24310
16770   24310
16780   24310
11360   24310
16790   24310
11370   24310
16800   24310
11380   24310
11390   24310
16810   24310
11400   24310
16820   24310
11410   24310
11420   24310
16830   24310
11430   24310
11440   24310
16840   24310
11450   24310
11460   24310
16850   24310
11470   24310
11480   24310
16860   24310
11490   24310
16870   24310
11500   24310
11510   24310
16880   24310
11520   24310
11530   24310
16890   24310
11540   24310
11550   24310
16900   24310
11560   24310
16910   24310
11570   24310
11580   24310
16920   24310
11590   24310
11600   24310
16930   24310
11610   24310
16940   24310
11620   24310
16950   24310
11630   24310
11640   24310
16960   24310
11650   24310
16970   24310
11660   24310
11670   24310
16980   24310
11680   24310
11690   24310
11700   24310
16990   24310
11710   24310
11720   24310
11730   24310
17000   24310
11740   24310
11750   24310
17010   24310
11760   24310
11770   24310
11780   24310
17020   24310
11790   24310
11800   24310
11810   24310
17030   24310
11820   24310
11830   24310
17040   24310
11840   24310
11850   24310
17050   24310
11860   24310
11870   24310
11880   24310
17060   24310
11890   24310
11900   24310
17070   24310
11910   24310
11920   24310
17080   24310
11930   24310
11940   24310
11950   24310
17090   24310
11960   24310
11970   24310
17100   24310
11980   24310
11990   24310
17110   24310
12000   24310
12010   24310
12020   24310
17120   24310
12030   24310
12040   24310
17130   24310
12050   24310
12060   24310
17140   24310
12070   24310
12080   24310
17150   24310
12090   24310
12100   24310
12110   24310
17160   24310
12120   24310
12130   24310
17170   24310
12140   24310
12150   24310
12160   24310
17180   24310
12170   24310
12180   24310
17190   24310
12190   24310
12200   24310
17200   24310
12210   24310
12220   24310
17210   24310
12230   24310
12240   24310
17220   24310
12250   24310
12260   24310
12270   24310
17230   24310
12280   24310
12290   24310
12300   24310
17240   24310
12310   24310
12320   24310
17250   24310
12330   24310
12340   24310
12350   24310
17260   24310
12360   24310
12370   24310
12380   24310
17270   24310
12390   24310
12400   24310
17280   24310
12410   24310
12420   24310
12430   24310
17290   24310
12440   24310
12450   24310
12460   24310
17300   24310
12470   24310
12480   24310
12490   24310
17310   24310
12500   24310
12510   24310
12520   24310
17320   24310
12530   24310
12540   24310
17330   24310
12550   24310
12560   24310
12570   24310
17340   24310
12580   24310
12590   24310
12600   24310
17350   24310
12610   24310
12620   24310
12630   24310
17360   24310
12640   24310
12650   24310
17370   24310
12660   24310
12670   24310
12680   24310
17380   24310
12690   24310
12700   24310
17390   24310
12710   24310
12720   24310
12730   24310
17400   24310
12740   24310
12750   24310
17410   24310
12760   24310
12770   24310
12780   24310
17420   24310
12790   24310
12800   24310
17430   24310
12810   24310
12820   24310
12830   24310
17440   24310
12840   24310
12850   24310
12860   24310
17450   24310
12870   24310
12880   24310
12890   24310
17460   24310
12900   24310
12910   24310
12920   24310
17470   24310
12930   24310
12940   24310
17480   24310
12950   24310
12960   24310
17490   24310
12970   24310
12980   24310
12990   24310
17500   24310
13000   24310
13010   24310
17510   24310
13020   24310
13030   24310
13040   24310
17520   24310
13050   24310
13060   24310
17530   24310
13070   24310
13080   24310
17540   24310
13090   24310
13100   24310
17550   24310
13110   24310
13120   24310
13130   24310
17560   24310
13140   24310
13150   24310
17570   24310
13160   24310
13170   24310
17580   24310
13180   24310
13190   24310
17590   24310
13200   24310
13210   24310
17600   24310
13220   24310
13230   24310
17610   24310
13240   24310
13250   24310
17620   24310
13260   24310
13270   24310
13280   24310
17630   24310
13290   24310
13300   24310
17640   24310
13310   24310
13320   24310
17650   24310
13330   24310
13340   24310
17660   24310
13350   24310
13360   24310
17670   24310
13370   24310
13380   24310
17680   24310
13390   24310
13400   24310
13410   24310
17690   24310
13420   24310
13430   24310
17700   24310
13440   24310
13450   24310
17710   24310
13460   24310
13470   24310
17720   24310
13480   24310
13490   24310
17730   24310
13500   24310
13510   24310
13520   24310
17740   24310
13530   24310
13540   24310
17750   24310
13550   24310
13560   24310
17760   24310
13570   24310
13580   24310
13590   24310
17770   24310
13600   24310
13610   24310
13620   24310
17780   24310
13630   24310
13640   24310
17790   24310
13650   24310
13660   24310
13670   24310
17800   24310
13680   24310
13690   24310
17810   24310
13700   24310
13710   24310
17820   24310
13720   24310
13730   24310
13740   24310
17830   24310
13750   24310
13760   24310
13770   24310
17840   24310
13780   24310
13790   24310
13800   24310
17850   24310
13810   24310
13820   24310
17860   24310
13830   24310
13840   24310
13850   24310
17870   24310
13860   24310
13870   24310
17880   24310
13880   24310
13890   24310
17890   24310
13900   24310
13910   24310
17900   24310
13920   24310
13930   24310
13940   24310
17910   24310
13950   24310
13960   24310
17920   24310
13970   24310
13980   24310
17930   24310
13990   24310
14000   24310
17940   24310
14010   24310
14020   24310
17950   24310
14030   24310
14040   24310
17960   24310
14050   24310
14060   24310
14070   24310
17970   24310
14080   24310
14090   24310
17980   24310
14100   24310
14110   24310
17990   24310
14120   24310
14130   24310
18000   24310
14140   24310
14150   24310
14160   24310
18010   24310
14170   24310
14180   24310
18020   24310
14190   24310
14200   24310
18030   24310
14210   24310
14220   24310
18040   24310
14230   24310
14240   24310
14250   24310
18050   24310
14260   24310
14270   24310
18060   24310
14280   24310
14290   24310
14300   24310
18070   24310
14310   24310
14320   24310
18080   24310
14330   24310
14340   24310
14350   24310
18090   24310
14360   24310
14370   24310
18100   24310
14380   24310
14390   24310
14400   24310
18110   24310
14410   24310
14420   24310
18120   24310
14430   24310
14440   24310
18130   24310
14450   24310
14460   24310
14470   24310
18140   24310
14480   24310
14490   24310
18150   24310
14500   24310
14510   24310
14520   24310
18160   24310
14530   24310
14540   24310
14550   24310
18170   24310
14560   24310
14570   24310
18180   24310
14580   24310
14590   24310
14600   24310
18190   24310
14610   24310
14620   24310
18200   24310
14630   24310
14640   24310
18210   24310
14650   24310
14660   24310
14670   24310
18220   24310
14680   24310
14690   24310
14700   24310
18230   24310
14710   24310
14720   24310
18240   24310
14730   24310
14740   24310
14750   24310
18250   24310
14760   24310
14770   24310
14780   24310
18260   24310
14790   24310
14800   24310
18270   24310
14810   24310
14820   24310
14830   24310
18280   24310
14840   24310
14850   24310
18290   24310
14860   24310
14870   24310
14880   24310
18300   24310
14890   24310
14900   24310
18310   24310
14910   24310
14920   24310
18320   24310
14930   24310
14940   24310
14950   24310
18330   24310
14960   24310
14970   24310
18340   24310
14980   24310
14990   24310
18350   24310
15000   24310
15010   24310
15020   24310
18360   24310
15030   24310
15040   24310
18370   24310
15050   24310
15060   24310
18380   24310
15070   24310
15080   24310
15090   24310
18390   24310
15100   24310
15110   24310
18400   24310
15120   24310
15130   24310
18410   24310
15140   24310
15150   24310
18420   24310
15160   24310
15170   24310
18430   24310
15180   24310
15190   24310
18440   24310
15200   24310
15210   24310
18450   24310
15220   24310
15230   24310
15240   24310
18460   24310
15250   24310
15260   24310
18470   24310
15270   24310
15280   24310
18480   24310
15290   24310
15300   24310
15310   24310
18490   24310
15320   24310
15330   24310
18500   24310
15340   24310
15350   24310
18510   24310
15360   24310
15370   24310
15380   24310
18520   24310
15390   24310
15400   24310
18530   24310
15410   24310
15420   24310
18540   24310
15430   24310
15440   24310
15450   24310
18550   24310
15460   24310
15470   24310
18560   24310
15480   24310
15490   24310
18570   24310
15500   24310
15510   24310
15520   24310
18580   24310
15530   24310
15540   24310
18590   24310
15550   24310
15560   24310
15570   24310
18600   24310
15580   24310
15590   24310
18610   24310
15600   24310
15610   24310
18620   24310
15620   24310
15630   24310
15640   24310
18630   24310
15650   24310
18640   24310
15660   24310
18650   24310
15670   24310
15680   24310
18660   24310
15690   24310
18670   24310
15700   24310
15710   24310
18680   24310
15720   24310
18690   24310
15730   24310
15740   24310
18700   24310
15750   24310
18710   24310
15760   24310
15770   24310
18720   24310
15780   24310
15790   24310
18730   24310
15800   24310
18740   24310
15810   24310
15820   24310
18750   24310
15830   24310
18760   24310
15840   24310
18770   24310
15850   24310
15860   24310
18780   24310
15870   24310
18790   24310
15880   24310
15890   24310
18800   24310
15900   24310
18810   24310
15910   24310
15920   24310
18820   24310
15930   24310
18830   24310
15940   24310
15950   24310
18840   24310
15960   24310
15970   24310
18850   24310
15980   24310
15990   24310
18860   24310
16000   24310
18870   24310
16010   24310
16020   24310
18880   24310
16030   24310
18890   24310
16040   24310
16050   24310
18900   24310
16060   24310
16070   24310
18910   24310
16080   24310
18920   24310
18930   24310
16090   24310
16100   24310
18940   24310
16110   24310
16120   24310
18950   24310
16130   24310
16140   24310
18960   24310
16150   24310
18970   24310
16160   24310
18980   24310
16170   24310
16180   24310
18990   24310
16190   24310
16200   24310
19000   24310
16210   24310
19010   24310
16220   24310
16230   24310
19020   24310
16240   24310
16250   24310
19030   24310
16260   24310
16270   24310
19040   24310
16280   24310
19050   24310
16290   24310
19060   24310
16300   24310
16310   24310
19070   24310
16320   24310
19080   24310
16330   24310
19090   24310
16340   24310
19100   24310
16350   24310
16360   24310
19110   24310
16370   24310
19120   24310
16380   24310
19130   24310
16390   24310
19140   24310
16400   24310
19150   24310
16410   24310
19160   24310
16420   24310
19170   24310
16430   24310
19180   24310
16440   24310
19190   24310
16450   24310
16460   24310
19200   24310
16470   24310
19210   24310
16480   24310
19220   24310
16490   24310
16500   24310
19230   24310
16510   24310
19240   24310
16520   24310
16530   24310
19250   24310
16540   24310
19260   24310
16550   24310
19270   24310
16560   24310
16570   24310
19280   24310
16580   24310
19290   24310
16590   24310
19300   24310
16600   24310
16610   24310
19310   24310
16620   24310
19320   24310
16630   24310
19330   24310
16640   24310
19340   24310
16650   24310
16660   24310
19350   24310
16670   24310
16680   24310
19360   24310
16690   24310
19370   24310
16700   24310
19380   24310
16710   24310
16720   24310
19390   24310
16730   24310
19400   24310
16740   24310
19410   24310
16750   24310
16760   24310
19420   24310
16770   24310
19430   24310
16780   24310
19440   24310
16790   24310
16800   24310
19450   24310
16810   24310
19460   24310
16820   24310
19470   24310
16830   24310
16840   24310
19480   24310
16850   24310
19490   24310
19500   24310
16860   24310
16870   24310
19510   24310
16880   24310
19520   24310
16890   24310
16900   24310
19530   24310
16910   24310
19540   24310
16920   24310
16930   24310
19550   24310
16940   24310
16950   24310
19560   24310
16960   24310
19570   24310
16970   24310
16980   24310
19580   24310
16990   24310
19590   24310
17000   24310
19600   24310
17010   24310
19610   24310
17020   24310
17030   24310
19620   24310
17040   24310
19630   24310
17050   24310
19640   24310
17060   24310
19650   24310
17070   24310
19660   24310
17080   24310
19670   24310
17090   24310
17100   24310
19680   24310
17110   24310
17120   24310
19690   24310
17130   24310
19700   24310
17140   24310
19710   24310
17150   24310
19720   24310
17160   24310
19730   24310
17170   24310
19740   24310
17180   24310
17190   24310
19750   24310
17200   24310
19760   24310
17210   24310
17220   24310
19770   24310
17230   24310
19780   24310
17240   24310
19790   24310
17250   24310
17260   24310
19800   24310
17270   24310
17280   24310
19810   24310
17290   24310
19820   24310
17300   24310
17310   24310
19830   24310
17320   24310
19840   24310
17330   24310
17340   24310
19850   24310
17350   24310
19860   24310
17360   24310
17370   24310
19870   24310
17380   24310
19880   24310
17390   24310
19890   24310
17400   24310
19900   24310
17410   24310
19910   24310
17420   24310
17430   24310
19920   24310
17440   24310
19930   24310
17450   24310
19940   24310
17460   24310
19950   24310
17470   24310
19960   24310
17480   24310
17490   24310
19970   24310
17500   24310
19980   24310
17510   24310
19990   24310
17520   24310
17530   24310
20000   24310
17540   24310
20010   24310
17550   24310
20020   24310
17560   24310
20030   24310
17570   24310
20040   24310
17580   24310
20050   24310
17590   24310
17600   24310
20060   24310
17610   24310
17620   24310
20070   24310
17630   24310
20080   24310
17640   24310
20090   24310
17650   24310
17660   24310
20100   24310
17670   24310
20110   24310
17680   24310
20120   24310
17690   24310
20130   24310
17700   24310
20140   24310
17710   24310
20150   24310
17720   24310
17730   24310
20160   24310
17740   24310
20170   24310
17750   24310
17760   24310
20180   24310
17770   24310
20190   24310
17780   24310
17790   24310
20200   24310
17800   24310
20210   24310
20220   24310
17810   24310
20230   24310
17820   24310
17830   24310
20240   24310
17840   24310
20250   24310
17850   24310
20260   24310
17860   24310
17870   24310
20270   24310
17880   24310
20280   24310
17890   24310
20290   24310
17900   24310
17910   24310
20300   24310
17920   24310
20310   24310
17930   24310
17940   24310
20320   24310
17950   24310
20330   24310
17960   24310
20340   24310
20350   24310
17970   24310
20360   24310
17980   24310
17990   24310
20370   24310
18000   24310
20380   24310
18010   24310
20390   24310
18020   24310
18030   24310
20400   24310
18040   24310
20410   24310
18050   24310
18060   24310
20420   24310
18070   24310
20430   24310
18080   24310
18090   24310
20440   24310
18100   24310
18110   24310
20450   24310
18120   24310
18130   24310
20460   24310
18140   24310
20470   24310
18150   24310
18160   24310
20480   24310
20490   24310
18170   24310
20500   24310
18180   24310
18190   24310
20510   24310
18200   24310
18210   24310
20520   24310
18220   24310
20530   24310
18230   24310
20540   24310
18240   24310
18250   24310
20550   24310
18260   24310
20560   24310
18270   24310
18280   24310
20570   24310
18290   24310
18300   24310
20580   24310
18310   24310
20590   24310
18320   24310
18330   24310
20600   24310
18340   24310
20610   24310
18350   24310
18360   24310
20620   24310
18370   24310
18380   24310
20630   24310
18390   24310
20640   24310
18400   24310
20650   24310
18410   24310
20660   24310
18420   24310
20670   24310
18430   24310
18440   24310
20680   24310
18450   24310
18460   24310
20690   24310
18470   24310
20700   24310
18480   24310
18490   24310
20710   24310
18500   24310
18510   24310
20720   24310
18520   24310
18530   24310
20730   24310
18540   24310
18550   24310
20740   24310
18560   24310
18570   24310
20750   24310
18580   24310
20760   24310
18590   24310
18600   24310
20770   24310
18610   24310
20780   24310
18620   24310
18630   24310
20790   24310
18640   24310
20800   24310
18650   24310
18660   24310
20810   24310
18670   24310
20820   24310
18680   24310
18690   24310
20830   24310
18700   24310
20840   24310
18710   24310
20850   24310
18720   24310
18730   24310
20860   24310
18740   24310
20870   24310
18750   24310
20880   24310
18760   24310
18770   24310
20890   24310
18780   24310
18790   24310
20900   24310
18800   24310
20910   24310
18810   24310
20920   24310
18820   24310
20930   24310
18830   24310
18840   24310
20940   24310
18850   24310
20950   24310
18860   24310
20960   24310
18870   24310
18880   24310
20970   24310
18890   24310
20980   24310
18900   24310
20990   24310
18910   24310
18920   24310
21000   24310
21010   24310
18930   24310
21020   24310
18940   24310
21030   24310
18950   24310
18960   24310
21040   24310
18970   24310
21050   24310
18980   24310
21060   24310
18990   24310
19000   24310
21070   24310
19010   24310
21080   24310
19020   24310
21090   24310
19030   24310
21100   24310
19040   24310
21110   24310
21120   24310
19050   24310
21130   24310
19060   24310
19070   24310
21140   24310
19080   24310
21150   24310
19090   24310
19100   24310
21160   24310
19110   24310
19120   24310
21170   24310
19130   24310
21180   24310
19140   24310
21190   24310
19150   24310
19160   24310
21200   24310
19170   24310
21210   24310
19180   24310
21220   24310
19190   24310
19200   24310
21230   24310
19210   24310
21240   24310
19220   24310
21250   24310
19230   24310
19240   24310
21260   24310
19250   24310
21270   24310
19260   24310
21280   24310
19270   24310
19280   24310
21290   24310
19290   24310
21300   24310
19300   24310
21310   24310
19310   24310
21320   24310
19320   24310
19330   24310
21330   24310
19340   24310
19350   24310
21340   24310
19360   24310
21350   24310
19370   24310
19380   24310
21360   24310
19390   24310
21370   24310
19400   24310
19410   24310
21380   24310
19420   24310
19430   24310
21390   24310
19440   24310
21400   24310
19450   24310
21410   24310
19460   24310
21420   24310
19470   24310
19480   24310
21430   24310
19490   24310
21440   24310
19500   24310
19510   24310
21450   24310
19520   24310
21460   24310
19530   24310
19540   24310
21470   24310
19550   24310
21480   24310
19560   24310
21490   24310
19570   24310
21500   24310
19580   24310
21510   24310
19590   24310
21520   24310
19600   24310
19610   24310
21530   24310
19620   24310
21540   24310
19630   24310
21550   24310
19640   24310
21560   24310
19650   24310
19660   24310
21570   24310
19670   24310
21580   24310
19680   24310
19690   24310
21590   24310
19700   24310
21600   24310
19710   24310
19720   24310
21610   24310
19730   24310
19740   24310
21620   24310
19750   24310
21630   24310
19760   24310
19770   24310
21640   24310
19780   24310
21650   24310
19790   24310
21660   24310
19800   24310
19810   24310
21670   24310
19820   24310
21680   24310
19830   24310
19840   24310
21690   24310
19850   24310
21700   24310
19860   24310
21710   24310
19870   24310
21720   24310
19880   24310
19890   24310
21730   24310
19900   24310
19910   24310
21740   24310
19920   24310
19930   24310
21750   24310
19940   24310
21760   24310
19950   24310
19960   24310
21770   24310
19970   24310
21780   24310
19980   24310
19990   24310
21790   24310
20000   24310
21800   24310
20010   24310
20020   24310
21810   24310
20030   24310
21820   24310
20040   24310
20050   24310
21830   24310
20060   24310
21840   24310
20070   24310
21850   24310
20080   24310
20090   24310
21860   24310
20100   24310
21870   24310
20110   24310
20120   24310
21880   24310
20130   24310
21890   24310
20140   24310
20150   24310
21900   24310
20160   24310
21910   24310
20170   24310
20180   24310
21920   24310
20190   24310
21930   24310
20200   24310
20210   24310
21940   24310
20220   24310
20230   24310
21950   24310
20240   24310
21960   24310
20250   24310
21970   24310
20260   24310
20270   24310
21980   24310
20280   24310
21990   24310
20290   24310
20300   24310
22000   24310
20310   24310
20320   24310
22010   24310
20330   24310
20340   24310
22020   24310
20350   24310
22030   24310
20360   24310
22040   24310
20370   24310
22050   24310
20380   24310
20390   24310
22060   24310
20400   24310
22070   24310
20410   24310
20420   24310
22080   24310
20430   24310
22090   24310
20440   24310
20450   24310
20460   24310
20470   24310
20480   24310
20490   24310
20500   24310
20510   24310
20520   24310
20530   24310
20540   24310
20550   24310
20560   24310
20570   24310
20580   24310
20590   24310
20600   24310
20610   24310
20620   24310
20630   24310
20640   24310
20650   24310
20660   24310
20670   24310
20680   24310
20690   24310
20700   24310
20710   24310
20720   24310
20730   24310
20740   24310
20750   24310
20760   24310
20770   24310
20780   24310
20790   24310
20800   24310
20810   24310
20820   24310
20830   24310
20840   24310
20850   24310
20860   24310
20870   24310
20880   24310
20890   24310
20900   24310
20910   24310
20920   24310
20930   24310
20940   24310
20950   24310
20960   24310
20970   24310
20980   24310
20990   24310
21000   24310
21010   24310
21020   24310
21030   24310
21040   24310
21050   24310
21060   24310
21070   24310
21080   24310
21090   24310
21100   24310
21110   24310
21120   24310
21130   24310
21140   24310
21150   24310
21160   24310
21170   24310
21180   24310
21190   24310
21200   24310
21210   24310
21220   24310
21230   24310
21240   24310
21250   24310
21260   24310
21270   24310
21280   24310
21290   24310
21300   24310
21310   24310
21320   24310
21330   24310
21340   24310
21350   24310
21360   24310
21370   24310
21380   24310
21390   24310
21400   24310
21410   24310
21420   24310
21430   24310
21440   24310
21450   24310
21460   24310
21470   24310
21480   24310
21490   24310
21500   24310
21510   24310
21520   24310
21530   24310
21540   24310
21550   24310
21560   24310
21570   24310
21580   24310
21590   24310
21600   24310
21610   24310
21620   24310
21630   24310
21640   24310
21650   24310
21660   24310
21670   24310
21680   24310
21690   24310
21700   24310
21710   24310
21720   24310
21730   24310
21740   24310
21750   24310
21760   24310
21770   24310
21780   24310
21790   24310
21800   24310
21810   24310
21820   24310
21830   24310
21840   24310
21850   24310
21860   24310
21870   24310
21880   24310
21890   24310
21900   24310
21910   24310
21920   24310
21930   24310
21940   24310
21950   24310
21960   24310
21970   24310
21980   24310
21990   24310
22000   24310
22010   24310
22020   24310
22030   24310
22040   24310
22050   24310
22060   24310
22070   24310
22080   24310
22090   24310
22100   24310
22110   24310
22120   24310
22130   24310
22140   24310
22150   24310
22160   24310
22170   24310
22180   24310
22190   24310
22200   24310
22210   24310
22220   24310
22230   24310
22240   24310
22250   24310
22260   24310
22270   24310
22280   24310
22290   24310
22300   24310
22310   24310
22320   24310
22330   24310
22340   24310
22350   24310
22360   24310
22370   24310
22380   24310
22390   24310
22400   24310
22410   24310
22420   24310
22430   24310
22440   24310
22450   24310
22460   24310
22470   24310
22480   24310
22490   24310
22500   24310
22510   24310
22520   24310
22530   24310
22540   24310
22550   24310
22560   24310
22570   24310
22580   24310
22590   24310
22600   24310
22610   24310
22620   24310
22630   24310
22640   24310
22650   24310
22660   24310
22670   24310
22680   24310
22690   24310
22700   24310
22710   24310
22720   24310
22730   24310
22740   24310
22750   24310
22760   24310
22770   24310
22780   24310
22790   24310
22800   24310
22810   24310
22820   24310
22830   24310
22840   24310
22850   24310
22860   24310
22870   24310
22880   24310
22890   24310
22900   24310
22910   24310
22920   24310
22930   24310
22940   24310
22950   24310
22960   24310
22970   24310
22980   24310
22990   24310
23000   24310
23010   24310
23020   24310
23030   24310
23040   24310
23050   24310
23060   24310
23070   24310
23080   24310
23090   24310
23100   24310
23110   24310
23120   24310
23130   24310
23140   24310
23150   24310
23160   24310
23170   24310
23180   24310
23190   24310
23200   24310
23210   24310
23220   24310
23230   24310
23240   24310
23250   24310
23260   24310
23270   24310
23280   24310
23290   24310
23300   24310
23310   24310
23320   24310
23330   24310
23340   24310
23350   24310
23360   24310
23370   24310
23380   24310
23390   24310
23400   24310
23410   24310
23420   24310
23430   24310
23440   24310
23450   24310
23460   24310
23470   24310
23480   24310
23490   24310
23500   24310
23510   24310
23520   24310
23530   24310
23540   24310
23550   24310
23560   24310
23570   24310
23580   24310
23590   24310
23600   24310
23610   24310
23620   24310
23630   24310
23640   24310
23650   24310
23660   24310
23670   24310
23680   24310
23690   24310
23700   24310
23710   24310
23720   24310
23730   24310
23740   24310
23750   24310
23760   24310
23770   24310
23780   24310
23790   24310
23800   24310
23810   24310
23820   24310
23830   24310
23840   24310
23850   24310
23860   24310
23870   24310
23880   24310
23890   24310
23900   24310
23910   24310
23920   24310
23930   24310
23940   24310
23950   24310
23960   24310
23970   24310
23980   24310
23990   24310
24000   24310
24010   24310
24020   24310
24030   24310
24040   24310
24050   24310
24060   24310
24070   24310
24080   24310
24090   24310
24100   24310
24110   24310
24120   24310
24130   24310
24140   24310
24150   24310
24160   24310
24170   24310
24180   24310
24190   24310
24200   24310
24210   24310
24220   24310
24230   24310
24240   24310
24250   24310
24260   24310
24270   24310
24280   24310
24290   24201
24300   24201
24310   24201
24320   24201
24330   24201
24340   24201
24350   24201
24360   24201
24370   24201
24380   24201
24390   24201
24400   24201
24410   24201
24420   24201
24430   24201
24440   24201
24450   24201
24460   24201
24470   24201
24480   24201
24490   24201
24500   24201
24510   24201
24520   24201
24530   24201
24540   24201
24550   24201
24560   24201
24570   24201
24580   24201
24590   24201
24600   24201
24610   24201
24620   24201
24630   24201
24640   24201
24650   24201
24660   24201
24670   24201
24680   24201
24690   24201
24700   24201
24710   24201
24720   24201
24730   24201
24740   24201
24750   24201
24760   24201
24770   24201
24780   24201
24790   24201
24800   24201
24810   24201
24820   24201
24830   24201
24840   24201
24850   24201
24860   24201
24870   24201
24880   24201
24890   24201
24900   24201
24910   24201
24920   24201
24930   24201
24940   24201
24950   24201
24960   24201
24970   24201
24980   24201
24990   24201
25000   24201
25010   24201
25020   24201
25030   24201
25040   24201
25050   24201
25060   24201
25070   24201
25080   24201
25090   24201
25100   24201
25110   24201
25120   24201
25130   24201
25140   24201
25150   24201
25160   24201
25170   24201
25180   24201
25190   24201
25200   24201
25210   24201
25220   24201
25230   24201
25240   24201
25250   24201
25260   24201
25270   24201
25280   24201
25290   24201
25300   24201
25310   24201
25320   24201
25330   24201
25340   24201
25350   24201
25360   24201
25370   24201
25380   24201
25390   24201
25400   24201
25410   24201
25420   24201
25430   24201
25440   24201
25450   24201
25460   24201
25470   24201
25480   24201
25490   24201
25500   24201
25510   24201
25520   24201
25530   24201
25540   24201
25550   24201
25560   24201
25570   24201
25580   24201
25590   24201
25600   24201
25610   24201
25620   24201
25630   24201
25640   24201
25650   24201
25660   24201
25670   24201
25680   24201
25690   24201
25700   24201
25710   24201
25720   24201
25730   24201
25740   24201
25750   24201
25760   24201
25770   24201
25780   24201
25790   24201
25800   24201
25810   24201
25820   24201
25830   24201
25840   24201
25850   24201
25860   24201
25870   24201
25880   24201
25890   24201
25900   24201
25910   24201
25920   24201
25930   24201
25940   24201
25950   24201
25960   24201
25970   24201
25980   24201
25990   24201
26000   24201
26010   24201
26020   24201
26030   24201
26040   24201
26050   24201
26060   24201
26070   24201
26080   24201
26090   24201
26100   24201
26110   24201
26120   24201
26130   24201
26140   24201
26150   24201
26160   24201
26170   24201
26180   24201
26190   24201
26200   24201
26210   24201
26220   24201
26230   24201
26240   24201
26250   24201
26260   24201
26270   24201
26280   24201
26290   24201
26300   24201
26310   24201
26320   24201
26330   24201
26340   24201
26350   24201
26360   24201
26370   24201
26380   24201
26390   24201
26400   24201
26410   24201
26420   24201
26430   24201
26440   24201
26450   24201
26460   24201
26470   24201
26480   24201
26490   24201
26500   24201
26510   24201
26520   24201
26530   24201
26540   24201
26550   24201
26560   24201
26570   24201
26580   24201
26590   24201
26600   24201
26610   24201
26620   24201
26630   24201
26640   24201
26650   24201
26660   24201
26670   24201
26680   24201
26690   24201
26700   24201
26710   24201
26720   24201
26730   24201
26740   24201
26750   24201
26760   24201
26770   24201
26780   24201
26790   24201
26800   24201
26810   24201
26820   24201
26830   24201
26840   24201
26850   24201
26860   24201
26870   24201
26880   24201
26890   24201
26900   24201
26910   24201
26920   24201
26930   24201
26940   24201
26950   24201
26960   24201
26970   24201
26980   24201
26990   24201
27000   24201
27010   24201
27020   24201
27030   24201
27040   24201
27050   24201
27060   24201
27070   24201
27080   24201
27090   24201
27100   24201
27110   24201
27120   24201
27130   24201
27140   24201
27150   24201
27160   24201
27170   24201
27180   24201
27190   24201
27200   24201
27210   24201
27220   24201
27230   24201
27240   24201
27250   24201
27260   24201
27270   24201
27280   24201
27290   24201
27300   24201
27310   24201
27320   24201
27330   24201
27340   24201
27350   24201
27360   24201
27370   24201
27380   24201
27390   24201
27400   24201
27410   24201
27420   24201
27430   24201
27440   24201
27450   24201
27460   24201
27470   24201
27480   24201
27490   24201
27500   24201
27510   24201
27520   24201
27530   24201
27540   24201
27550   24201
27560   24201
27570   24201
27580   24201
27590   24201
27600   24201
27610   24201
27620   24201
27630   24201
27640   24201
27650   24201
27660   24201
27670   24201
27680   24201
27690   24201
27700   24201
27710   24201
27720   24201
27730   24201
27740   24201
27750   24201
27760   24201
27770   24201
27780   24201
27790   24201
27800   24201
27810   24201
27820   24201
27830   24201
27840   24201
27850   24201
27860   24201
27870   24201
27880   24201
27890   24201
27900   24201
27910   24201
27920   24201
27930   24201
27940   24201
27950   24201
27960   24201
27970   24201
27980   24201
27990   24201
28000   24201
28010   24201
28020   24201
28030   24201
28040   24201
28050   24201
28060   24201
28070   24201
28080   24201
28090   24201
28100   24201
28110   24201
28120   24201
28130   24201
28140   24201
28150   24201
28160   24201
28170   24201
28180   24201
28190   24201
28200   24201
28210   24201
28220   24201
28230   24201
28240   24201
28250   24201
28260   24201
28270   24201
28280   24201
28290   24201
28300   24201
28310   24201
28320   24201
28330   24201
28340   24201
28350   24201
28360   24201
28370   24201
28380   24201
28390   24201
28400   24201
28410   24201
28420   24201
28430   24201
28440   24201
28450   24201
28460   24201
28470   24201
28480   24201
28490   24201
28500   24201
28510   24201
28520   24201
28530   24201
28540   24201
28550   24201
28560   24201
28570   24201
28580   24201
28590   24201
28600   24201
28610   24201
28620   24201
28630   24201
28640   24201
28650   24201
28660   24201
28670   24201
28680   24201
28690   24201
28700   24201
28710   24201
28720   24201
28730   24201
28740   24201
28750   24201
28760   24201
28770   24201
28780   24201
28790   24201
28800   24201
28810   24201
28820   24201
28830   24201
28840   24201
28850   24201
28860   24201
28870   24201
28880   24201
28890   24201
28900   24201
28910   24201
28920   24201
28930   24201
28940   24201
28950   24201
28960   24201
28970   24201
28980   24201
28990   24201
29000   24201
29010   24201
29020   24201
29030   24201
29040   24201
29050   24201
29060   24201
29070   24201
29080   24201
29090   24201
29100   24201
29110   24201
29120   24201
29130   24201
29140   24201
29150   24201
29160   24201
29170   24201
29180   24201
29190   24201
29200   24201
29210   24201
29220   24201
29230   24201
29240   24201
29250   24201
29260   24201
29270   24201
29280   24201
29290   24201
29300   24201
29310   24201
29320   24201
29330   24201
29340   24201
29350   24201
29360   24201
29370   24201
29380   24201
29390   24201
29400   24201
29410   24201
29420   24201
29430   24201
29440   24201
29450   24201
29460   24201
29470   24201
29480   24201
29490   24201
29500   24201
29510   24201
29520   24201
29530   24201
29540   24201
29550   24201
29560   24201
29570   24201
29580   24201
29590   24201
29600   24201
29610   24201
29620   24201
29630   24201
29640   24201
29650   24201
29660   24201
29670   24201
29680   24201
29690   24201
29700   24201
29710   24201
29720   24201
29730   24201
29740   24201
29750   24201
29760   24201
29770   24201
29780   24201
29790   24201
29800   24201
29810   24201
29820   24201
29830   24201
29840   24201
29850   24201
29860   24201
29870   24201
29880   24201
29890   24201
29900   24201
29910   24201
29920   24201
29930   24201
29940   24201
29950   24201
29960   24201
29970   24201
29980   24201
29990   24201
30000   24201
30010   24201
30020   24201
30030   24201
30040   24201
30050   24201
30060   24201
30070   24201
30080   24201
30090   24201
30100   24201
30110   24201
30120   24201
30130   24201
30140   24201
30150   24201
30160   24201
30170   24201
30180   24201
30190   24201
30200   24201
30210   24201
30220   24201
30230   24201
30240   24201
30250   24201
30260   24201
30270   24201
30280   24201
30290   24201
30300   24201
30310   24201
30320   24201
30330   24201
30340   24201
30350   24201
30360   24201
30370   24201
30380   24201
30390   24201
30400   24201
30410   24201
30420   24201
30430   24201
30440   24201
30450   24201
30460   24201
30470   24201
30480   24201
30490   24201
30500   24201
30510   24201
30520   24201
30530   24201
30540   24201
30550   24201
30560   24201
30570   24201
30580   24201
30590   24201
30600   24201
30610   24201
30620   24201
30630   24201
30640   24201
30650   24201
30660   24201
30670   24201
30680   24201
30690   24201
30700   24201
30710   24201
30720   24201
30730   24201
30740   24201
30750   24201
30760   24201
30770   24201
30780   24201
30790   24201
30800   24201
30810   24201
30820   24201
30830   24201
30840   24201
30850   24201
30860   24107
30870   24107
30880   24107
30890   24107
30900   24107
30910   24107
30920   24107
30930   24107
30940   24107
30950   24107
30960   24107
30970   24107
30980   24107
30990   24107
31000   24107
31010   24107
31020   24107
31030   24107
31040   24107
31050   24107
31060   24107
31070   24107
31080   24107
31090   24107
31100   24107
31110   24107
31120   24107
31130   24107
31140   24107
31150   24107
31160   24107
31170   24107
31180   24107
31190   24107
31200   24107
31210   24107
31220   24107
31230   24107
31240   24107
31250   24107
31260   24107
31270   24107
31280   24107
31290   24107
31300   24107
31310   24107
31320   24107
31330   24107
31340   24107
31350   24107
31360   24107
31370   24107
31380   24107
31390   24107
31400   24107
31410   24107
31420   24107
31430   24107
31440   24107
31450   24107
31460   24107
31470   24107
31480   24107
31490   24107
31500   24107
31510   24107
31520   24107
31530   24107
31540   24107
31550   24107
31560   24107
31570   24107
31580   24107
31590   24107
31600   24107
31610   24107
31620   24107
31630   24107
31640   24107
31650   24107
31660   24107
31670   24107
31680   24107
31690   24107
31700   24107
31710   24107
31720   24107
31730   24107
31740   24107
31750   24107
31760   24107
31770   24107
31780   24107
31790   24107
31800   24107
31810   24107
31820   24107
31830   24107
31840   24107
31850   24107
31860   24107
31870   24107
31880   24107
31890   24107
31900   24107
31910   24107
31920   24107
31930   24107
31940   24107
31950   24107
31960   24107
31970   24107
31980   24107
31990   24107
32000   24107
32010   24107
32020   24107
32030   24107
32040   24107
32050   24107
32060   24107
32070   24107
32080   24107
32090   24107
32100   24107
32110   24107
32120   24107
32130   24107
32140   24107
32150   24107
32160   24107
32170   24107
32180   24107
32190   24107
32200   24107
32210   24107
32220   24107
32230   24107
32240   24107
32250   24107
32260   24107
32270   24107
32280   24107
32290   24107
32300   24107
32310   24107
32320   24107
32330   24107
32340   24107
32350   24107
32360   24107
32370   24107
32380   24107
32390   24107
32400   24107
32410   24107
32420   24107
32430   24107
32440   24107
32450   24107
32460   24107
32470   24107
32480   24107
32490   24107
32500   24107
32510   24107
32520   24107
32530   24107
32540   24107
32550   24107
32560   24107
32570   24107
32580   24107
32590   24107
32600   24107
32610   24107
32620   24107
32630   24107
32640   24107
32650   24107
32660   24107
32670   24107
32680   24107
32690   24107
32700   24107
32710   24107
32720   24107
32730   24107
32740   24107
32750   24107
32760   24107
32770   24107
32780   24107
32790   24107
32800   24107
32810   24107
32820   24107
32830   24107
32840   24107
32850   24107
32860   24107
32870   24107
32880   24107
32890   24107
32900   24107
32910   24107
32920   24107
32930   24107
32940   24107
32950   24107
32960   24107
32970   24107
32980   24107
32990   24107
33000   24107
33010   24107
33020   24107
33030   24107
33040   24107
33050   24107
33060   24107
33070   24107
33080   24107
33090   24107
33100   24107
33110   24107
33120   24107
33130   24107
33140   24107
33150   24107
33160   24107
33170   24107
33180   24107
33190   24107
33200   24107
33210   24107
33220   24107
33230   24107
33240   24107
33250   24107
33260   24107
33270   24107
33280   24107
33290   24107
33300   24107
33310   24107
33320   24107
33330   24107
33340   24107
33350   24107
33360   24107
33370   24107
33380   24107
33390   24107
33400   24107
33410   24107
33420   24107
33430   24107
33440   24107
33450   24107
33460   24107
33470   24107
33480   24107
33490   24107
33500   24107
33510   24107
33520   24107
33530   24107
33540   24107
33550   24107
33560   24107
33570   24107
33580   24107
33590   24107
33600   24107
33610   24107
33620   24107
33630   24107
33640   24107
33650   24107
33660   24107
33670   24107
33680   24107
33690   24107
33700   24107
33710   24107
33720   24107
33730   24107
33740   24107
33750   24107
33760   24107
33770   24107
33780   24107
33790   24107
33800   24107
33810   24107
33820   24107
33830   24107
33840   24107
33850   24107
33860   24107
33870   24107
33880   24107
33890   24107
33900   24107
33910   24107
33920   24107
33930   24107
33940   24107
33950   24107
33960   24107
33970   24107
33980   24107
33990   24107
34000   24107
34010   24107
34020   24107
34030   24107
34040   24107
34050   24107
34060   24107
34070   24107
34080   24107
34090   24107
34100   24107
34110   24107
34120   24107
34130   24107
34140   24107
34150   24107
34160   24107
34170   24107
34180   24107
34190   24107
34200   24107
34210   24107
34220   24107
34230   24107
34240   24107
34250   24107
34260   24107
34270   24107
34280   24107
34290   24107
34300   24107
34310   24107
34320   24107
34330   24107
34340   24107
34350   24107
34360   24107
34370   24107
34380   24107
34390   24107
34400   24107
34410   24107
34420   24107
34430   24107
34440   24107
34450   24107
34460   24107
34470   24107
34480   24107
34490   24107
34500   24107
34510   24107
34520   24107
34530   24107
34540   24107
34550   24107
34560   24107
34570   24107
34580   24107
34590   24107
34600   24107
34610   24107
34620   24107
34630   24107
34640   24107
34650   24107
34660   24107
34670   24107
34680   24107
34690   24107
34700   24107
34710   24107
