10   2938
20   2694
30   2694
40   2694
50   2694
60   2444
70   2444
80   2444
90   2444
100   2444
110   2444
120   2444
130   2320
140   2320
150   2320
160   2320
170   2320
180   2320
190   2320
200   2320
210   2320
220   2320
230   2320
240   2320
250   2320
260   2320
270   2320
280   2320
290   2320
300   2320
310   2320
320   2320
330   2320
340   2320
350   2320
360   2320
370   2320
380   2320
390   2320
400   2320
410   2320
420   2320
430   2320
440   2320
450   2320
460   2320
470   2320
480   2320
490   2320
500   2320
510   2320
520   2320
530   2320
540   2320
550   2320
560   2320
570   2320
580   2320
590   2320
600   2320
610   2320
620   2320
630   2320
640   2320
650   2320
660   2320
670   2320
680   2320
690   2320
700   2320
710   2320
720   2320
730   2320
740   2320
750   2320
760   2320
770   2320
780   2320
790   2320
800   2320
810   2320
820   2320
830   2320
840   2320
850   2320
860   2320
870   2320
880   2320
890   2320
900   2320
910   2320
920   2201
930   2201
940   2201
950   2201
960   2201
970   2201
980   2201
990   2201
1000   2201
1010   2201
1020   2201
1030   2201
1040   2201
1050   2201
1060   2201
1070   2201
1080   2201
1090   2201
1100   2201
1110   2201
1120   2201
1130   2201
1140   2201
1150   2201
1160   2201
1170   2201
1180   2201
1190   2201
1200   2201
1210   2201
1220   2201
1230   2201
1240   2201
1250   2201
1260   2201
1270   2201
1280   2201
1290   2201
1300   2201
1310   2201
1320   2201
1330   2201
1340   2201
1350   2201
1360   2201
1370   2201
1380   2201
1390   2201
1400   2201
1410   2201
1420   2201
1430   2201
1440   2201
1450   2201
1460   2201
1470   2201
1480   2201
1490   2201
1500   2201
1510   2201
1520   2201
1530   2201
1540   2201
1550   2201
1560   2201
1570   2201
1580   2201
1590   2201
1600   2201
1610   2201
1620   2201
1630   2201
1640   2201
1650   2201
1660   2201
1670   2201
1680   2201
1690   2201
1700   2201
1710   2201
1720   2201
1730   2201
1740   2201
1750   2201
1760   2201
1770   2201
1780   2201
1790   2201
1800   2201
1810   2201
1820   2201
1830   2201
1840   2201
1850   2201
1860   2201
1870   2201
1880   2201
1890   2201
1900   2201
1910   2201
1920   2201
1930   2201
1940   2201
1950   2201
1960   2201
1970   2201
1980   2201
1990   2201
2000   2201
2010   2201
2020   2201
2030   2201
2040   2201
2050   2201
2060   2201
2070   2201
2080   2201
2090   2201
2100   2201
2110   2201
2120   2201
2130   2201
2140   2201
2150   2201
2160   2201
2170   2201
2180   2201
2190   2201
2200   2201
2210   2201
2220   2201
2230   2201
2240   2201
2250   2201
2260   2201
2270   2201
2280   2201
2290   2201
2300   2201
2310   2201
2320   2201
2330   2201
2340   2201
2350   2201
2360   2201
2370   2201
2380   2201
2390   2201
2400   2201
2410   2201
2420   2201
2430   2201
2440   2201
2450   2201
2460   2201
2470   2201
2480   2201
2490   2201
2500   2201
2510   2201
2520   2201
2530   2201
2540   2201
2550   2201
2560   2201
2570   2201
2580   2201
2590   2201
2600   2201
2610   2201
2620   2201
2630   2201
2640   2201
2650   2201
2660   2201
2670   2201
2680   2201
2690   2201
2700   2201
2710   2201
2720   2201
2730   2201
2740   2201
2750   2201
2760   2201
2770   2201
2780   2201
2790   2201
2800   2201
2810   2201
2820   2201
2830   2201
2840   2201
2850   2201
2860   2201
2870   2201
2880   2201
2890   2201
2900   2201
2910   2201
2920   2201
2930   2201
2940   2201
2950   2201
2960   2201
2970   2201
2980   2201
2990   2201
3000   2201
3010   2184
3020   2184
3030   2184
3040   2184
3050   2184
3060   2184
3070   2184
3080   2184
3090   2184
3100   2184
3110   2184
3120   2184
3130   2184
3140   2184
3150   2184
3160   2184
3170   2184
3180   2184
3190   2184
3200   2184
3210   2184
3220   2184
3230   2184
3240   2184
3250   2184
3260   2184
3270   2184
3280   2184
3290   2184
3300   2184
3310   2184
3320   2184
3330   2184
3340   2184
3350   2184
3360   2184
3370   2184
3380   2184
3390   2184
3400   2184
3410   2184
3420   2184
3430   2184
3440   2184
3450   2184
3460   2184
3470   2184
3480   2184
3490   2184
3500   2184
3510   2184
3520   2184
3530   2184
3540   2184
3550   2184
3560   2184
3570   2184
3580   2184
3590   2184
3600   2184
3610   2184
3620   2184
3630   2184
3640   2184
3650   2184
3660   2184
3670   2184
3680   2184
3690   2184
3700   2184
3710   2184
3720   2184
3730   2184
3740   2184
3750   2184
3760   2184
3770   2184
3780   2184
3790   2184
3800   2184
3810   2184
3820   2184
3830   2184
3840   2184
3850   2184
3860   2184
3870   2184
3880   2184
3890   2184
3900   2184
3910   2184
3920   2184
3930   2184
3940   2184
3950   2184
3960   2184
3970   2184
3980   2184
3990   2184
4000   2184
4010   2184
4020   2184
4030   2184
4040   2184
4050   2184
4060   2184
4070   2184
4080   2184
4090   2184
4100   2184
4110   2184
4120   2184
4130   2184
4140   2184
4150   2184
4160   2184
4170   2184
4180   2184
4190   2184
4200   2184
4210   2184
4220   2184
4230   2184
4240   2184
4250   2184
4260   2184
4270   2184
4280   2184
4290   2184
4300   2184
4310   2184
4320   2184
4330   2184
4340   2184
4350   2184
4360   2184
4370   2184
4380   2184
4390   2184
4400   2184
4410   2184
4420   2184
4430   2184
4440   2184
4450   2184
4460   2184
4470   2184
4480   2184
4490   2184
4500   2184
4510   2184
4520   2184
4530   2184
4540   2184
4550   2184
4560   2184
4570   2184
4580   2184
4590   2184
4600   2184
4610   2184
4620   2184
4630   2184
4640   2184
4650   2184
4660   2184
4670   2184
4680   2184
4690   2184
4700   2184
4710   2184
4720   2184
4730   2184
4740   2184
4750   2184
4760   2184
4770   2184
4780   2184
4790   2184
4800   2184
4810   2184
4820   2184
4830   2184
4840   2184
4850   2184
4860   2184
4870   2184
4880   2184
4890   2184
4900   2184
4910   2184
4920   2184
4930   2184
4940   2184
4950   2184
4960   2184
4970   2184
4980   2184
4990   2184
5000   2184
5010   2184
5020   2184
5030   2184
5040   2184
5050   2184
5060   2184
5070   2184
5080   2184
5090   2184
5100   2184
5110   2184
5120   2184
5130   2184
5140   2184
5150   2184
5160   2184
5170   2184
5180   2184
5190   2184
5200   2184
5210   2184
5220   2184
5230   2184
5240   2184
5250   2184
5260   2184
5270   2184
5280   2184
5290   2184
5300   2184
5310   2184
5320   2184
5330   2184
5340   2184
5350   2184
5360   2184
5370   2184
5380   2184
5390   2184
5400   2184
5410   2184
5420   2184
5430   2184
5440   2184
5450   2184
5460   2184
5470   2184
5480   2184
5490   2184
5500   2184
5510   2184
5520   2184
5530   2184
5540   2184
5550   2184
5560   2184
5570   2184
5580   2184
5590   2184
5600   2184
5610   2184
5620   2184
5630   2184
5640   2184
5650   2184
5660   2184
5670   2184
5680   2184
5690   2184
5700   2184
5710   2184
5720   2184
5730   2184
5740   2184
5750   2184
5760   2184
5770   2184
5780   2184
5790   2184
5800   2184
5810   2184
5820   2184
5830   2184
5840   2184
5850   2184
5860   2184
5870   2184
5880   2184
5890   2184
5900   2184
5910   2184
5920   2184
5930   2184
5940   2184
5950   2184
5960   2184
5970   2184
5980   2184
5990   2184
6000   2184
6010   2184
6020   2184
6030   2184
6040   2184
6050   2184
6060   2184
6070   2184
6080   2184
6090   2184
6100   2184
6110   2184
6120   2184
6130   2184
6140   2184
6150   2184
6160   2184
6170   2184
6180   2184
6190   2184
6200   2184
6210   2184
6220   2184
6230   2184
6240   2184
6250   2184
6260   2184
6270   2184
6280   2184
6290   2184
6300   2184
6310   2184
6320   2184
6330   2184
6340   2184
6350   2184
6360   2184
6370   2184
6380   2184
6390   2184
6400   2184
6410   2184
6420   2184
6430   2184
6440   2184
6450   2184
6460   2184
6470   2184
6480   2184
6490   2184
6500   2184
6510   2184
6520   2184
6530   2184
6540   2184
6550   2184
6560   2184
6570   2184
6580   2184
6590   2184
6600   2184
6610   2184
6620   2184
6630   2184
6640   2184
6650   2184
6660   2184
6670   2184
6680   2184
6690   2184
6700   2184
6710   2184
6720   2184
6730   2184
6740   2184
6750   2184
6760   2184
6770   2184
6780   2184
6790   2184
6800   2184
6810   2184
6820   2184
6830   2184
6840   2184
6850   2184
6860   2184
6870   2184
6880   2184
6890   2184
6900   2184
6910   2184
6920   2184
6930   2184
6940   2184
6950   2184
6960   2184
6970   2184
6980   2184
6990   2184
7000   2184
7010   2184
7020   2184
7030   2184
7040   2184
7050   2184
7060   2184
7070   2184
7080   2184
7090   2184
7100   2184
7110   2184
7120   2184
7130   2184
7140   2184
7150   2184
7160   2184
7170   2184
7180   2184
7190   2184
7200   2184
7210   2184
7220   2184
7230   2184
7240   2184
7250   2184
7260   2184
7270   2184
7280   2184
7290   2184
7300   2184
7310   2184
7320   2184
7330   2184
7340   2184
7350   2184
7360   2184
7370   2184
7380   2184
7390   2184
7400   2184
7410   2184
7420   2184
7430   2184
7440   2184
7450   2184
7460   2184
10   2938
7470   2184
20   2694
30   2694
7480   2184
40   2694
7490   2184
50   2694
60   2444
7500   2184
70   2444
80   2444
7510   2184
90   2444
7520   2184
100   2444
110   2444
7530   2184
120   2444
130   2320
7540   2184
140   2320
7550   2184
150   2320
160   2320
7560   2184
170   2320
180   2320
7570   2184
190   2320
200   2320
7580   2184
210   2320
7590   2184
220   2320
230   2320
7600   2184
240   2320
250   2320
7610   2184
260   2320
270   2320
7620   2184
280   2320
290   2320
7630   2184
300   2320
310   2320
320   2320
7640   2184
330   2320
340   2320
350   2320
7650   2184
360   2320
370   2320
380   2320
7660   2184
390   2320
400   2320
7670   2184
410   2320
420   2320
430   2320
7680   2184
440   2320
450   2320
7690   2184
460   2320
470   2320
480   2320
7700   2184
490   2320
500   2320
510   2320
7710   2184
520   2320
530   2320
540   2320
7720   2184
550   2320
560   2320
7730   2184
570   2320
580   2320
590   2320
7740   2184
600   2320
610   2320
620   2320
7750   2184
630   2320
640   2320
650   2320
7760   2184
660   2320
670   2320
680   2320
7770   2184
690   2320
700   2320
7780   2184
710   2320
720   2320
730   2320
7790   2184
740   2320
750   2320
760   2320
7800   2184
770   2320
780   2320
790   2320
7810   2184
800   2320
810   2320
7820   2184
820   2320
830   2320
840   2320
7830   2184
850   2320
860   2320
870   2320
7840   2184
880   2320
890   2320
7850   2184
900   2320
910   2320
920   2201
7860   2184
930   2201
940   2201
950   2201
7870   2184
960   2201
970   2201
980   2201
7880   2184
990   2201
1000   2201
7890   2184
1010   2201
1020   2201
1030   2201
7900   2184
1040   2201
1050   2201
1060   2201
7910   2184
1070   2201
1080   2201
7920   2184
1090   2201
1100   2201
1110   2201
7930   2184
1120   2201
1130   2201
1140   2201
7940   2184
1150   2201
1160   2201
7950   2184
1170   2201
1180   2201
1190   2201
7960   2184
1200   2201
1210   2201
1220   2201
7970   2184
1230   2201
1240   2201
1250   2201
7980   2184
1260   2201
1270   2201
1280   2201
7990   2184
1290   2201
1300   2201
1310   2201
8000   2184
1320   2201
1330   2201
1340   2201
8010   2184
1350   2201
1360   2201
8020   2184
1370   2201
1380   2201
1390   2201
8030   2184
1400   2201
1410   2201
1420   2201
8040   2184
1430   2201
1440   2201
1450   2201
8050   2184
1460   2201
1470   2201
1480   2201
8060   2184
1490   2201
1500   2201
1510   2201
8070   2184
1520   2201
1530   2201
8080   2184
1540   2201
1550   2201
1560   2201
8090   2184
1570   2201
1580   2201
1590   2201
8100   2184
1600   2201
1610   2201
8110   2184
1620   2201
1630   2201
1640   2201
8120   2184
1650   2201
1660   2201
8130   2184
1670   2201
1680   2201
1690   2201
8140   2184
1700   2201
1710   2201
1720   2201
8150   2184
1730   2201
1740   2201
1750   2201
8160   2184
1760   2201
1770   2201
8170   2184
1780   2201
1790   2201
1800   2201
8180   2184
1810   2201
1820   2201
8190   2184
1830   2201
1840   2201
1850   2201
8200   2184
1860   2201
1870   2201
1880   2201
8210   2184
1890   2201
1900   2201
8220   2184
1910   2201
1920   2201
8230   2184
1930   2201
1940   2201
1950   2201
8240   2184
1960   2201
1970   2201
8250   2184
1980   2201
1990   2201
2000   2201
8260   2184
2010   2201
2020   2201
2030   2201
8270   2184
2040   2201
2050   2201
8280   2184
2060   2201
2070   2201
2080   2201
8290   2184
2090   2201
2100   2201
2110   2201
8300   2184
2120   2201
2130   2201
8310   2184
2140   2201
2150   2201
8320   2184
2160   2201
2170   2201
8330   2184
2180   2201
2190   2201
2200   2201
8340   2184
2210   2201
2220   2201
2230   2201
8350   2184
2240   2201
2250   2201
2260   2201
8360   2184
2270   2201
2280   2201
2290   2201
8370   2184
2300   2201
2310   2201
8380   2184
2320   2201
2330   2201
8390   2184
2340   2201
2350   2201
2360   2201
8400   2184
2370   2201
2380   2201
2390   2201
8410   2184
2400   2201
2410   2201
8420   2184
2420   2201
2430   2201
2440   2201
8430   2184
2450   2201
2460   2201
2470   2201
8440   2184
2480   2201
2490   2201
2500   2201
8450   2184
2510   2201
2520   2201
8460   2184
2530   2201
2540   2201
2550   2201
8470   2184
2560   2201
2570   2201
8480   2184
2580   2201
2590   2201
8490   2184
2600   2201
2610   2201
2620   2201
8500   2184
2630   2201
2640   2201
8510   2184
2650   2201
2660   2201
2670   2201
8520   2184
2680   2201
2690   2201
2700   2201
8530   2184
2710   2201
2720   2201
8540   2184
2730   2201
2740   2201
2750   2201
8550   2184
2760   2201
2770   2201
8560   2184
2780   2201
2790   2201
8570   2184
2800   2201
2810   2201
2820   2201
8580   2184
2830   2201
2840   2201
2850   2201
8590   2184
2860   2201
2870   2201
8600   2184
2880   2201
2890   2201
8610   2184
2900   2201
2910   2201
8620   2184
2920   2201
2930   2201
2940   2201
8630   2184
2950   2201
2960   2201
8640   2184
2970   2201
2980   2201
2990   2201
8650   2184
3000   2201
3010   2184
8660   2184
3020   2184
3030   2184
8670   2184
3040   2184
3050   2184
8680   2184
3060   2184
3070   2184
3080   2184
8690   2184
3090   2184
3100   2184
8700   2184
3110   2184
3120   2184
8710   2184
3130   2184
3140   2184
3150   2184
8720   2184
3160   2184
3170   2184
8730   2184
3180   2184
3190   2184
3200   2184
8740   2184
3210   2184
3220   2184
8750   2184
3230   2184
3240   2184
3250   2184
8760   2184
3260   2184
3270   2184
3280   2184
8770   2184
3290   2184
3300   2184
3310   2184
3320   2184
8780   2184
3330   2184
3340   2184
8790   2184
3350   2184
3360   2184
3370   2184
8800   2184
3380   2184
3390   2184
8810   2184
3400   2184
3410   2184
3420   2184
8820   2184
3430   2184
3440   2184
3450   2184
8830   2184
3460   2184
3470   2184
8840   2184
3480   2184
3490   2184
3500   2184
3510   2184
8850   2184
3520   2184
3530   2184
3540   2184
8860   2184
3550   2184
3560   2184
8870   2184
3570   2184
3580   2184
3590   2184
8880   2184
3600   2184
3610   2184
3620   2184
8890   2184
3630   2184
3640   2184
8900   2184
3650   2184
3660   2184
3670   2184
8910   2184
3680   2184
3690   2184
3700   2184
8920   2184
3710   2184
3720   2184
3730   2184
8930   2184
3740   2184
3750   2184
3760   2184
8940   2184
3770   2184
3780   2184
3790   2184
8950   2184
3800   2184
3810   2184
3820   2184
8960   2184
3830   2184
3840   2184
8970   2184
3850   2184
3860   2184
3870   2184
8980   2184
3880   2184
3890   2184
3900   2184
8990   2184
3910   2184
3920   2184
3930   2184
9000   2184
3940   2184
3950   2184
9010   2184
3960   2184
3970   2184
3980   2184
9020   2184
3990   2184
4000   2184
4010   2184
9030   2184
4020   2184
4030   2184
4040   2184
9040   2184
4050   2184
4060   2184
9050   2184
4070   2184
4080   2184
4090   2184
9060   2184
4100   2184
4110   2184
4120   2184
9070   2184
4130   2184
4140   2184
9080   2184
4150   2184
4160   2184
4170   2184
9090   2184
4180   2184
4190   2184
4200   2184
9100   2184
4210   2184
4220   2184
9110   2184
4230   2184
4240   2184
4250   2184
9120   2184
4260   2184
4270   2184
9130   2184
4280   2184
4290   2184
4300   2184
9140   2184
4310   2184
4320   2184
4330   2184
9150   2184
4340   2184
4350   2184
4360   2184
9160   2184
4370   2184
4380   2184
9170   2184
4390   2184
4400   2184
9180   2184
4410   2184
4420   2184
4430   2184
9190   2184
4440   2184
4450   2184
4460   2184
9200   2184
4470   2184
4480   2184
9210   2184
4490   2184
4500   2184
4510   2184
9220   2184
4520   2184
4530   2184
9230   2184
4540   2184
4550   2184
9240   2184
4560   2184
4570   2184
4580   2184
9250   2184
4590   2184
4600   2184
9260   2184
4610   2184
4620   2184
9270   2184
4630   2184
4640   2184
9280   2184
4650   2184
4660   2184
4670   2184
9290   2184
4680   2184
4690   2184
9300   2184
4700   2184
4710   2184
9310   2184
4720   2184
4730   2184
4740   2184
4750   2184
9320   2184
4760   2184
4770   2184
9330   2184
4780   2184
4790   2184
9340   2184
4800   2184
9350   2184
4810   2184
4820   2184
9360   2184
4830   2184
9370   2184
4840   2184
4850   2184
9380   2184
4860   2184
4870   2184
9390   2184
4880   2184
4890   2184
9400   2184
4900   2184
4910   2184
4920   2184
9410   2184
4930   2184
4940   2184
9420   2184
4950   2184
4960   2184
4970   2184
9430   2184
4980   2184
4990   2184
5000   2184
9440   2184
5010   2184
5020   2184
5030   2184
9450   2184
5040   2184
5050   2184
9460   2184
5060   2184
5070   2184
5080   2184
9470   2184
5090   2184
5100   2184
5110   2184
9480   2184
5120   2184
5130   2184
5140   2184
9490   2184
5150   2184
5160   2184
5170   2184
9500   2184
5180   2184
5190   2184
9510   2184
5200   2184
5210   2184
5220   2184
9520   2184
5230   2184
5240   2184
5250   2184
9530   2184
5260   2184
5270   2184
9540   2184
5280   2184
5290   2184
5300   2184
9550   2184
5310   2184
5320   2184
5330   2184
9560   2184
5340   2184
5350   2184
5360   2184
9570   2184
5370   2184
5380   2184
9580   2184
5390   2184
5400   2184
5410   2184
9590   2184
5420   2184
5430   2184
5440   2184
9600   2184
5450   2184
5460   2184
9610   2184
5470   2184
5480   2184
9620   2184
5490   2184
5500   2184
5510   2184
9630   2184
5520   2184
5530   2184
5540   2184
9640   2184
5550   2184
5560   2184
5570   2184
9650   2184
5580   2184
5590   2184
9660   2184
5600   2184
5610   2184
5620   2184
9670   2184
5630   2184
5640   2184
9680   2184
5650   2184
5660   2184
9690   2184
5670   2184
5680   2184
5690   2184
9700   2184
5700   2184
5710   2184
9710   2184
5720   2184
5730   2184
9720   2184
5740   2184
5750   2184
5760   2184
9730   2184
5770   2184
5780   2184
9740   2184
5790   2184
5800   2184
9750   2184
5810   2184
5820   2184
5830   2184
9760   2184
5840   2184
5850   2184
9770   2184
5860   2184
5870   2184
5880   2184
9780   2184
5890   2184
5900   2184
9790   2184
5910   2184
5920   2184
9800   2184
5930   2184
5940   2184
5950   2184
9810   2184
5960   2184
5970   2184
9820   2184
5980   2184
5990   2184
6000   2184
9830   2184
6010   2184
6020   2184
9840   2184
6030   2184
6040   2184
9850   2184
6050   2184
6060   2184
9860   2184
6070   2184
6080   2184
9870   2184
6090   2184
6100   2184
6110   2184
9880   2184
6120   2184
6130   2184
9890   2184
6140   2184
6150   2184
9900   2184
6160   2184
6170   2184
9910   2184
6180   2184
6190   2184
6200   2184
9920   2184
6210   2184
6220   2184
9930   2184
6230   2184
6240   2184
6250   2184
9940   2184
6260   2184
6270   2184
9950   2184
6280   2184
6290   2184
6300   2184
9960   2184
6310   2184
6320   2184
9970   2184
6330   2184
6340   2184
9980   2184
6350   2184
6360   2184
9990   2184
6370   2184
6380   2184
10000   2184
6390   2184
6400   2184
10010   2184
6410   2184
6420   2184
6430   2184
10020   2184
6440   2184
6450   2184
10030   2184
6460   2184
6470   2184
10040   2184
6480   2184
6490   2184
6500   2184
10050   2184
6510   2184
6520   2184
10060   2184
6530   2184
6540   2184
6550   2184
10070   2184
6560   2184
6570   2184
6580   2184
10080   2184
6590   2184
6600   2184
10090   2184
6610   2184
6620   2184
10100   2184
6630   2184
6640   2184
10110   2184
6650   2184
6660   2184
6670   2184
10120   2184
6680   2184
6690   2184
10130   2184
6700   2184
6710   2184
10140   2184
6720   2184
6730   2184
6740   2184
10150   2184
6750   2184
6760   2184
10160   2184
6770   2184
6780   2184
10170   2184
6790   2184
6800   2184
10180   2184
6810   2184
6820   2184
6830   2184
10190   2184
6840   2184
6850   2184
10200   2184
6860   2184
6870   2184
10210   2184
6880   2184
6890   2184
6900   2184
10220   2184
6910   2184
6920   2184
10230   2184
6930   2184
6940   2184
10240   2184
6950   2184
6960   2184
6970   2184
10250   2184
6980   2184
6990   2184
10260   2184
7000   2184
7010   2184
7020   2184
10270   2184
7030   2184
7040   2184
10280   2184
7050   2184
7060   2184
10290   2184
7070   2184
7080   2184
10300   2184
7090   2184
7100   2184
7110   2184
10310   2184
7120   2184
7130   2184
10320   2184
7140   2184
7150   2184
10330   2184
7160   2184
7170   2184
10340   2184
7180   2184
7190   2184
10350   2184
7200   2184
7210   2184
10360   2184
7220   2184
7230   2184
7240   2184
10370   2184
7250   2184
7260   2184
7270   2184
10380   2184
7280   2184
7290   2184
10390   2184
7300   2184
7310   2184
10400   2184
7320   2184
7330   2184
10410   2184
7340   2184
7350   2184
10420   2184
7360   2184
7370   2184
7380   2184
10430   2184
7390   2184
7400   2184
10440   2184
7410   2184
7420   2184
7430   2184
10450   2184
7440   2184
7450   2184
10460   2184
7460   2184
7470   2184
10470   2184
7480   2184
7490   2184
7500   2184
10480   2184
7510   2184
7520   2184
10490   2184
7530   2184
7540   2184
10500   2184
7550   2184
7560   2184
10510   2184
7570   2184
7580   2184
10520   2184
7590   2184
7600   2184
10530   2184
7610   2184
7620   2184
10540   2184
7630   2184
7640   2184
7650   2184
10550   2184
7660   2184
7670   2184
10560   2184
7680   2184
7690   2184
7700   2184
10570   2184
7710   2184
7720   2184
10580   2184
7730   2184
7740   2184
10590   2184
7750   2184
7760   2184
10600   2184
7770   2184
7780   2184
7790   2184
10610   2184
7800   2184
7810   2184
10620   2184
7820   2184
7830   2184
7840   2184
10630   2184
7850   2184
7860   2184
10640   2184
7870   2184
7880   2184
10650   2184
7890   2184
7900   2184
10660   2184
7910   2184
7920   2184
10670   2184
7930   2184
7940   2184
7950   2184
10680   2184
7960   2184
7970   2184
10690   2184
7980   2184
7990   2184
10700   2184
8000   2184
8010   2184
10710   2184
8020   2184
8030   2184
10720   2184
8040   2184
8050   2184
10730   2184
8060   2184
8070   2184
10740   2184
8080   2184
8090   2184
10750   2184
8100   2184
8110   2184
10760   2184
8120   2184
8130   2184
10770   2184
8140   2184
8150   2184
10780   2184
8160   2184
8170   2184
8180   2184
10790   2184
8190   2184
8200   2184
10800   2184
8210   2184
8220   2184
10810   2184
8230   2184
8240   2184
10820   2184
8250   2184
8260   2184
10830   2184
8270   2184
8280   2184
10840   2184
8290   2184
8300   2184
10850   2184
8310   2184
8320   2184
10860   2184
8330   2184
8340   2184
10870   2184
8350   2184
8360   2184
10880   2184
8370   2184
8380   2184
10890   2184
8390   2184
8400   2184
10900   2184
8410   2184
8420   2184
10910   2184
8430   2184
10920   2184
8440   2184
8450   2184
10930   2184
8460   2184
8470   2184
8480   2184
10940   2184
8490   2184
10950   2184
8500   2184
8510   2184
10960   2184
8520   2184
8530   2184
10970   2184
8540   2184
8550   2184
10980   2184
8560   2184
8570   2184
10990   2184
8580   2184
8590   2184
11000   2184
8600   2184
8610   2184
11010   2184
8620   2184
8630   2184
8640   2184
11020   2184
8650   2184
8660   2184
11030   2184
8670   2184
8680   2184
11040   2184
8690   2184
8700   2184
11050   2184
8710   2184
8720   2184
8730   2184
11060   2184
8740   2184
8750   2184
11070   2184
8760   2184
8770   2184
11080   2184
8780   2184
8790   2184
11090   2184
8800   2184
8810   2184
11100   2184
8820   2184
8830   2184
11110   2184
8840   2184
8850   2184
11120   2184
8860   2184
8870   2184
11130   2184
8880   2184
8890   2184
11140   2184
8900   2184
8910   2184
11150   2184
8920   2184
8930   2184
11160   2184
8940   2184
8950   2184
11170   2184
8960   2184
8970   2184
8980   2184
11180   2184
8990   2184
9000   2184
11190   2184
9010   2184
9020   2184
11200   2184
9030   2184
9040   2184
11210   2184
9050   2184
9060   2184
11220   2184
9070   2184
9080   2184
9090   2184
11230   2184
9100   2184
9110   2184
11240   2184
9120   2184
9130   2184
9140   2184
11250   2184
9150   2184
9160   2184
11260   2184
9170   2184
9180   2184
9190   2184
11270   2184
9200   2184
9210   2184
11280   2184
9220   2184
9230   2184
11290   2184
9240   2184
9250   2184
9260   2184
11300   2184
9270   2184
9280   2184
11310   2184
9290   2184
9300   2184
11320   2184
9310   2184
9320   2184
9330   2184
11330   2184
9340   2184
9350   2184
11340   2184
9360   2184
9370   2184
9380   2184
11350   2184
9390   2184
9400   2184
11360   2184
9410   2184
9420   2184
9430   2184
11370   2184
9440   2184
9450   2184
11380   2184
9460   2184
9470   2184
11390   2184
9480   2184
9490   2184
9500   2184
11400   2184
9510   2184
9520   2184
11410   2184
9530   2184
9540   2184
11420   2184
9550   2184
9560   2184
11430   2184
9570   2184
9580   2184
9590   2184
11440   2184
9600   2184
9610   2184
11450   2184
9620   2184
9630   2184
11460   2184
9640   2184
9650   2184
11470   2184
9660   2184
9670   2184
9680   2184
11480   2184
9690   2184
9700   2184
11490   2184
9710   2184
9720   2184
11500   2184
9730   2184
9740   2184
9750   2184
11510   2184
9760   2184
9770   2184
11520   2184
9780   2184
9790   2184
9800   2184
11530   2184
9810   2184
9820   2184
11540   2184
9830   2184
9840   2184
9850   2184
11550   2184
9860   2184
9870   2184
11560   2184
9880   2184
9890   2184
11570   2184
9900   2184
9910   2184
9920   2184
11580   2184
9930   2184
9940   2184
11590   2184
9950   2184
9960   2184
11600   2184
9970   2184
9980   2184
11610   2184
9990   2184
10000   2184
10010   2184
11620   2184
10020   2184
10030   2184
11630   2184
10040   2184
10050   2184
10060   2184
11640   2184
10070   2184
10080   2184
11650   2184
10090   2184
10100   2184
10110   2184
11660   2184
10120   2184
10130   2184
11670   2184
10140   2184
10150   2184
11680   2184
10160   2184
10170   2184
10180   2184
11690   2184
10190   2184
10200   2184
11700   2184
10210   2184
10220   2184
10230   2184
11710   2184
10240   2184
10250   2184
11720   2184
10260   2184
10270   2184
10280   2184
11730   2184
10290   2184
10300   2184
11740   2184
10310   2184
10320   2184
11750   2184
10330   2184
10340   2184
10350   2184
11760   2184
10360   2184
10370   2184
11770   2184
10380   2184
10390   2184
11780   2184
10400   2184
10410   2184
10420   2184
11790   2184
10430   2184
10440   2184
11800   2184
10450   2184
10460   2184
11810   2184
10470   2184
10480   2184
10490   2184
11820   2184
10500   2184
10510   2184
10520   2184
11830   2184
10530   2184
10540   2184
11840   2184
10550   2184
10560   2184
10570   2184
11850   2184
10580   2184
10590   2184
11860   2184
10600   2184
10610   2184
11870   2184
10620   2184
10630   2184
11880   2184
10640   2184
10650   2184
10660   2184
11890   2184
10670   2184
10680   2184
11900   2184
10690   2184
10700   2184
11910   2184
10710   2184
10720   2184
10730   2184
11920   2184
10740   2184
10750   2184
11930   2184
10760   2184
10770   2184
10780   2184
11940   2184
10790   2184
10800   2184
10810   2184
11950   2184
10820   2184
10830   2184
11960   2184
10840   2184
10850   2184
11970   2184
10860   2184
10870   2184
11980   2184
10880   2184
10890   2184
10900   2184
11990   2184
10910   2184
10920   2184
12000   2184
10930   2184
10940   2184
12010   2184
10950   2184
10960   2184
12020   2184
10970   2184
10980   2184
10990   2184
12030   2184
11000   2184
11010   2184
12040   2184
11020   2184
11030   2184
12050   2184
11040   2184
11050   2184
12060   2184
11060   2184
11070   2184
11080   2184
12070   2184
11090   2184
11100   2184
12080   2184
11110   2184
11120   2184
12090   2184
11130   2184
11140   2184
12100   2184
11150   2184
11160   2184
12110   2184
11170   2184
11180   2184
12120   2184
11190   2184
11200   2184
12130   2184
11210   2184
11220   2184
12140   2184
11230   2184
11240   2184
12150   2184
11250   2184
11260   2184
11270   2184
12160   2184
11280   2184
11290   2184
12170   2184
11300   2184
11310   2184
12180   2184
11320   2184
11330   2184
12190   2184
11340   2184
11350   2184
12200   2184
11360   2184
11370   2184
12210   2184
11380   2184
11390   2184
12220   2184
11400   2184
11410   2184
11420   2184
12230   2184
11430   2184
11440   2184
12240   2184
11450   2184
11460   2184
12250   2184
11470   2184
11480   2184
11490   2184
12260   2184
11500   2184
11510   2184
12270   2184
11520   2184
11530   2184
12280   2184
11540   2184
11550   2184
11560   2184
12290   2184
11570   2184
11580   2184
12300   2184
11590   2184
11600   2184
11610   2184
12310   2184
11620   2184
11630   2184
12320   2184
11640   2184
11650   2184
12330   2184
11660   2184
11670   2184
12340   2184
11680   2184
11690   2184
12350   2184
11700   2184
11710   2184
11720   2184
12360   2184
11730   2184
11740   2184
11750   2184
12370   2184
11760   2184
11770   2184
11780   2184
12380   2184
11790   2184
11800   2184
11810   2184
12390   2184
11820   2184
11830   2184
12400   2184
11840   2184
11850   2184
12410   2184
11860   2184
11870   2184
11880   2184
12420   2184
11890   2184
11900   2184
11910   2184
12430   2184
11920   2184
11930   2184
12440   2184
11940   2184
11950   2184
11960   2184
12450   2184
11970   2184
11980   2184
12460   2184
11990   2184
12000   2184
12470   2184
12010   2184
12020   2184
12480   2184
12030   2184
12040   2184
12050   2184
12490   2184
12060   2184
12070   2184
12500   2184
12080   2184
12090   2184
12510   2184
12100   2184
12110   2184
12120   2184
12520   2184
12130   2184
12140   2184
12530   2184
12150   2184
12160   2184
12540   2184
12170   2184
12180   2184
12550   2184
12190   2184
12200   2184
12560   2184
12210   2184
12220   2184
12570   2184
12230   2184
12240   2184
12580   2184
12250   2184
12260   2184
12590   2184
12270   2184
12280   2184
12600   2184
12290   2184
12610   2184
12300   2184
12310   2184
12620   2184
12320   2184
12330   2184
12630   2184
12340   2184
12350   2184
12640   2184
12360   2184
12370   2184
12650   2184
12380   2184
12390   2184
12660   2184
12400   2184
12410   2184
12670   2184
12420   2184
12430   2184
12680   2184
12440   2184
12450   2184
12690   2184
12460   2184
12470   2184
12480   2184
12700   2184
12490   2184
12500   2184
12710   2184
12510   2184
12520   2184
12720   2184
12530   2184
12540   2184
12550   2184
12730   2184
12560   2184
12570   2184
12740   2184
12580   2184
12590   2184
12600   2184
12750   2184
12610   2184
12620   2184
12760   2184
12630   2184
12640   2184
12650   2184
12770   2184
12660   2184
12670   2184
12780   2184
12680   2184
12690   2184
12700   2184
12790   2184
12710   2184
12720   2184
12800   2184
12730   2184
12740   2184
12750   2184
12810   2184
12760   2184
12770   2184
12820   2184
12780   2184
12790   2184
12830   2184
12800   2184
12810   2184
12840   2184
12820   2184
12830   2184
12840   2184
12850   2184
12850   2184
12860   2184
12860   2184
12870   2184
12880   2184
12870   2184
12890   2184
12900   2184
12880   2184
12910   2184
12920   2184
12890   2184
12930   2184
12940   2184
12950   2184
12900   2184
12960   2184
12970   2184
12910   2184
12980   2184
12990   2184
12920   2184
13000   2184
13010   2184
12930   2184
13020   2184
13030   2184
12940   2184
13040   2184
13050   2184
12950   2184
13060   2184
13070   2184
12960   2184
13080   2184
13090   2184
12970   2184
13100   2184
13110   2184
12980   2184
13120   2184
13130   2184
12990   2184
13140   2184
13150   2184
13000   2184
13160   2184
13170   2184
13010   2184
13180   2184
13190   2184
13020   2184
13200   2184
13210   2184
13030   2184
13220   2184
13230   2184
13040   2184
13240   2184
13250   2184
13050   2184
13260   2184
13270   2184
13060   2184
13280   2184
13290   2184
13070   2184
13300   2184
13080   2184
13310   2184
13320   2184
13090   2184
13330   2184
13100   2184
13340   2184
13110   2184
13350   2184
13120   2184
13360   2184
13130   2184
13370   2184
13140   2184
13150   2184
13380   2184
13160   2184
13390   2184
13170   2184
13400   2184
13180   2184
13410   2184
13190   2184
13420   2184
13430   2184
13200   2184
13440   2184
13210   2184
13450   2184
13220   2184
13460   2184
13230   2184
13470   2184
13240   2184
13480   2184
13490   2184
13250   2184
13500   2184
13260   2184
13510   2184
13270   2184
13520   2184
13280   2184
13530   2184
13540   2184
13290   2184
13550   2184
13300   2184
13560   2184
13310   2184
13570   2184
13580   2184
13320   2184
13590   2184
13330   2184
13600   2184
13610   2184
13340   2184
13620   2184
13350   2184
13630   2184
13360   2184
13640   2184
13650   2184
13370   2184
13660   2184
13670   2184
13380   2184
13680   2184
13690   2184
13390   2184
13700   2184
13400   2184
13710   2184
13720   2184
13410   2184
13730   2184
13420   2184
13740   2184
13430   2184
13750   2184
13440   2184
13760   2184
13770   2184
13780   2184
13450   2184
13790   2184
13460   2184
13800   2184
13810   2184
13470   2184
13820   2184
13480   2184
13830   2184
13840   2184
13490   2184
13850   2184
13500   2184
13860   2184
13870   2184
13510   2184
13880   2184
13890   2184
13520   2184
13900   2184
13910   2184
13530   2184
13920   2184
13540   2184
13930   2184
13550   2184
13940   2184
13950   2184
13560   2184
13570   2184
13960   2184
13580   2184
13970   2184
13980   2184
13590   2184
13990   2184
13600   2184
14000   2184
14010   2184
13610   2184
14020   2184
14030   2184
13620   2184
14040   2184
13630   2184
14050   2184
13640   2184
14060   2184
13650   2184
14070   2184
13660   2184
14080   2184
14090   2184
13670   2184
14100   2184
13680   2184
14110   2184
13690   2184
14120   2184
14130   2184
13700   2184
13710   2184
14140   2184
14150   2184
13720   2184
14160   2184
13730   2184
14170   2184
13740   2184
14180   2184
14190   2184
13750   2184
13760   2184
14200   2184
13770   2184
14210   2184
14220   2184
13780   2184
14230   2184
13790   2184
14240   2184
13800   2184
14250   2184
14260   2184
13810   2184
14270   2184
14280   2184
13820   2184
14290   2184
13830   2184
14300   2184
13840   2184
14310   2184
13850   2184
14320   2184
13860   2184
14330   2184
14340   2184
13870   2184
14350   2184
13880   2184
14360   2184
13890   2184
14370   2184
14380   2184
13900   2184
14390   2184
13910   2184
14400   2184
14410   2184
13920   2184
14420   2184
13930   2184
14430   2184
14440   2184
13940   2184
14450   2184
13950   2184
14460   2184
13960   2184
14470   2184
14480   2184
13970   2184
13980   2184
14490   2184
14500   2184
13990   2184
14510   2184
14000   2184
14520   2184
14010   2184
14530   2184
14540   2184
14020   2184
14550   2184
14030   2184
14560   2184
14570   2184
14040   2184
14580   2184
14050   2184
14590   2184
14600   2184
14060   2184
14610   2184
14070   2184
14620   2184
14080   2184
14630   2184
14640   2184
14090   2184
14650   2184
14660   2184
14100   2184
14110   2184
14670   2184
14680   2184
14120   2184
14690   2184
14130   2184
14700   2184
14140   2184
14710   2184
14720   2184
14150   2184
14730   2184
14740   2184
14160   2184
14750   2184
14170   2184
14760   2184
14770   2184
14180   2184
14780   2184
14790   2184
14190   2184
14800   2184
14200   2184
14810   2184
14820   2184
14210   2184
14830   2184
14840   2184
14220   2184
14850   2184
14230   2184
14860   2184
14870   2184
14240   2184
14880   2184
14250   2184
14890   2184
14260   2184
14900   2184
14910   2184
14270   2184
14920   2184
14930   2184
14280   2184
14940   2184
14290   2184
14950   2184
14960   2184
14300   2184
14970   2184
14980   2184
14310   2184
14990   2184
14320   2184
15000   2184
14330   2184
15010   2184
14340   2184
15020   2184
15030   2184
14350   2184
15040   2184
14360   2184
15050   2184
14370   2184
15060   2184
15070   2184
14380   2184
15080   2184
15090   2184
14390   2184
15100   2184
14400   2184
15110   2184
15120   2184
14410   2184
15130   2184
14420   2184
15140   2184
14430   2184
15150   2184
14440   2184
15160   2184
14450   2184
15170   2184
15180   2184
14460   2184
15190   2184
14470   2184
14480   2184
15200   2184
14490   2184
15210   2184
15220   2184
14500   2184
15230   2184
14510   2184
15240   2184
15250   2184
14520   2184
15260   2184
14530   2184
15270   2184
14540   2184
15280   2184
15290   2184
14550   2184
15300   2184
14560   2184
15310   2184
15320   2184
14570   2184
15330   2184
15340   2184
14580   2184
15350   2184
14590   2184
15360   2184
14600   2184
15370   2184
15380   2184
14610   2184
15390   2184
14620   2184
15400   2184
14630   2184
15410   2184
14640   2184
15420   2184
14650   2184
15430   2184
14660   2184
15440   2184
14670   2184
15450   2184
15460   2184
14680   2184
15470   2184
14690   2184
15480   2184
15490   2184
14700   2184
15500   2184
14710   2184
15510   2184
15520   2184
14720   2184
15530   2184
15540   2184
14730   2184
15550   2184
14740   2184
14750   2184
15560   2184
15570   2184
14760   2184
15580   2184
14770   2184
15590   2184
14780   2184
15600   2184
15610   2184
14790   2184
15620   2184
14800   2184
15630   2184
15640   2184
14810   2184
15650   2184
14820   2184
15660   2184
15670   2184
14830   2184
15680   2184
14840   2184
15690   2184
15700   2184
14850   2184
15710   2184
15720   2184
14860   2184
15730   2184
14870   2184
15740   2184
15750   2184
14880   2184
15760   2184
14890   2184
14900   2184
15770   2184
14910   2184
15780   2184
14920   2184
15790   2184
15800   2184
14930   2184
15810   2184
14940   2184
15820   2184
14950   2184
15830   2184
15840   2184
14960   2184
15850   2184
15860   2184
14970   2184
14980   2184
15870   2184
15880   2184
14990   2184
15890   2184
15000   2184
15900   2184
15010   2184
15910   2184
15020   2184
15920   2184
15030   2184
15930   2184
15940   2184
15040   2184
15950   2184
15050   2184
15960   2184
15060   2184
15970   2184
15070   2184
15980   2184
15080   2184
15990   2184
15090   2184
16000   2184
15100   2184
16010   2184
16020   2184
15110   2184
16030   2184
16040   2184
15120   2184
16050   2184
15130   2184
16060   2184
15140   2184
16070   2184
16080   2184
15150   2184
16090   2184
15160   2184
16100   2184
16110   2184
15170   2184
16120   2184
15180   2184
16130   2184
15190   2184
16140   2184
16150   2184
15200   2184
16160   2184
15210   2184
16170   2184
16180   2184
16190   2184
15220   2184
16200   2184
15230   2184
16210   2184
15240   2184
16220   2184
16230   2184
15250   2184
16240   2184
15260   2184
16250   2184
15270   2184
16260   2184
15280   2184
16270   2184
15290   2184
16280   2184
16290   2184
15300   2184
16300   2184
15310   2184
16310   2184
16320   2184
15320   2184
16330   2184
15330   2184
16340   2184
16350   2184
15340   2184
16360   2184
15350   2184
16370   2184
15360   2184
16380   2184
15370   2184
16390   2184
16400   2184
15380   2184
16410   2184
15390   2184
16420   2184
16430   2184
15400   2184
16440   2184
15410   2184
16450   2184
15420   2184
16460   2184
15430   2184
16470   2184
16480   2184
15440   2184
16490   2184
15450   2184
16500   2184
15460   2184
16510   2184
16520   2184
15470   2184
16530   2184
15480   2184
16540   2184
16550   2184
15490   2184
16560   2184
15500   2184
16570   2184
16580   2184
15510   2184
15520   2184
16590   2184
16600   2184
15530   2184
16610   2184
15540   2184
16620   2184
16630   2184
15550   2184
16640   2184
16650   2184
15560   2184
16660   2184
16670   2184
15570   2184
16680   2184
16690   2184
15580   2184
16700   2184
15590   2184
16710   2184
16720   2184
15600   2184
16730   2184
15610   2184
16740   2184
16750   2184
15620   2184
16760   2184
15630   2184
16770   2184
15640   2184
16780   2184
16790   2184
15650   2184
16800   2184
15660   2184
16810   2184
15670   2184
16820   2184
16830   2184
15680   2184
16840   2184
15690   2184
16850   2184
16860   2184
15700   2184
16870   2184
15710   2184
16880   2184
15720   2184
16890   2184
15730   2184
16900   2184
16910   2184
15740   2184
16920   2184
15750   2184
16930   2184
16940   2184
15760   2184
16950   2184
15770   2184
16960   2184
15780   2184
16970   2184
16980   2184
15790   2184
16990   2184
15800   2184
17000   2184
17010   2184
15810   2184
17020   2184
15820   2184
17030   2184
17040   2184
15830   2184
17050   2184
15840   2184
17060   2184
15850   2184
17070   2184
17080   2184
15860   2184
17090   2184
15870   2184
17100   2184
17110   2184
15880   2184
17120   2184
15890   2184
17130   2184
17140   2184
15900   2184
17150   2184
15910   2184
17160   2184
17170   2184
15920   2184
17180   2184
15930   2184
17190   2184
17200   2184
15940   2184
17210   2184
15950   2184
17220   2184
15960   2184
17230   2184
17240   2184
15970   2184
17250   2184
15980   2184
17260   2184
17270   2184
15990   2184
17280   2184
16000   2184
17290   2184
17300   2184
16010   2184
17310   2184
16020   2184
17320   2184
17330   2184
16030   2184
17340   2184
16040   2184
17350   2184
16050   2184
17360   2184
16060   2184
17370   2184
16070   2184
17380   2184
17390   2184
16080   2184
17400   2184
16090   2184
17410   2184
16100   2184
17420   2184
16110   2184
17430   2184
16120   2184
17440   2184
16130   2184
17450   2184
16140   2184
17460   2184
16150   2184
17470   2184
16160   2184
16170   2184
17480   2184
16180   2184
17490   2184
16190   2184
17500   2184
17510   2184
16200   2184
17520   2184
16210   2184
17530   2184
16220   2184
17540   2184
16230   2184
17550   2184
16240   2184
17560   2184
16250   2184
17570   2184
16260   2184
17580   2184
16270   2184
17590   2184
17600   2184
16280   2184
17610   2184
16290   2184
17620   2184
16300   2184
17630   2184
17640   2184
16310   2184
17650   2184
16320   2184
17660   2184
16330   2184
17670   2184
17680   2184
16340   2184
17690   2184
16350   2184
17700   2184
16360   2184
17710   2184
16370   2184
16380   2184
17720   2184
16390   2184
17730   2184
16400   2184
17740   2184
17750   2184
16410   2184
17760   2184
16420   2184
17770   2184
16430   2184
17780   2184
17790   2184
16440   2184
17800   2184
16450   2184
17810   2184
16460   2184
16470   2184
17820   2184
17830   2184
16480   2184
16490   2184
17840   2184
16500   2184
17850   2184
16510   2184
17860   2184
16520   2184
17870   2184
17880   2184
16530   2184
17890   2184
17900   2184
16540   2184
17910   2184
16550   2184
17920   2184
16560   2184
17930   2184
16570   2184
17940   2184
17950   2184
16580   2184
17960   2184
16590   2184
17970   2184
17980   2184
16600   2184
17990   2184
16610   2184
18000   2184
16620   2184
18010   2184
16630   2184
18020   2184
18030   2184
16640   2184
18040   2184
16650   2184
18050   2184
18060   2184
16660   2184
18070   2184
16670   2184
18080   2184
16680   2184
18090   2184
16690   2184
18100   2184
16700   2184
18110   2184
16710   2184
18120   2184
16720   2184
18130   2184
16730   2184
18140   2184
18150   2184
16740   2184
16750   2184
18160   2184
16760   2184
18170   2184
16770   2184
18180   2184
16780   2184
18190   2184
18200   2184
16790   2184
18210   2184
16800   2184
18220   2184
18230   2184
16810   2184
18240   2184
16820   2184
18250   2184
16830   2184
18260   2184
16840   2184
18270   2184
18280   2184
16850   2184
18290   2184
18300   2184
16860   2184
18310   2184
16870   2184
18320   2184
18330   2184
16880   2184
18340   2184
16890   2184
16900   2184
18350   2184
16910   2184
18360   2184
16920   2184
18370   2184
18380   2184
16930   2184
18390   2184
16940   2184
18400   2184
16950   2184
18410   2184
16960   2184
18420   2184
16970   2184
18430   2184
18440   2184
16980   2184
18450   2184
16990   2184
18460   2184
18470   2184
17000   2184
18480   2184
17010   2184
18490   2184
17020   2184
18500   2184
17030   2184
18510   2184
17040   2184
18520   2184
17050   2184
18530   2184
17060   2184
18540   2184
17070   2184
18550   2184
17080   2184
18560   2184
17090   2184
18570   2184
17100   2184
18580   2184
18590   2184
17110   2184
18600   2184
17120   2184
18610   2184
18620   2184
17130   2184
18630   2184
17140   2184
18640   2184
17150   2184
18650   2184
17160   2184
18660   2184
18670   2184
17170   2184
18680   2184
17180   2184
18690   2184
17190   2184
18700   2184
18710   2184
17200   2184
18720   2184
17210   2184
18730   2184
18740   2184
17220   2184
18750   2184
17230   2184
18760   2184
18770   2184
17240   2184
18780   2184
17250   2184
18790   2184
18800   2184
17260   2184
18810   2184
18820   2184
17270   2184
18830   2184
18840   2184
17280   2184
18850   2184
17290   2184
18860   2184
18870   2184
17300   2184
18880   2184
17310   2184
18890   2184
17320   2184
18900   2184
17330   2184
18910   2184
18920   2184
17340   2184
18930   2184
18940   2184
17350   2184
18950   2184
17360   2184
18960   2184
17370   2184
18970   2184
18980   2184
17380   2184
18990   2184
17390   2184
19000   2184
19010   2184
17400   2184
19020   2184
17410   2184
19030   2184
19040   2184
17420   2184
19050   2184
17430   2184
19060   2184
19070   2184
17440   2184
19080   2184
17450   2184
19090   2184
17460   2184
19100   2184
19110   2184
17470   2184
19120   2184
17480   2184
19130   2184
17490   2184
19140   2184
17500   2184
19150   2184
19160   2184
17510   2184
19170   2184
17520   2184
19180   2184
19190   2184
17530   2184
19200   2184
17540   2184
19210   2184
19220   2184
17550   2184
19230   2184
17560   2184
19240   2184
17570   2184
19250   2184
19260   2184
17580   2184
19270   2184
19280   2184
17590   2184
19290   2184
17600   2184
19300   2184
17610   2184
19310   2184
17620   2184
19320   2184
19330   2184
17630   2184
19340   2184
17640   2184
19350   2184
17650   2184
19360   2184
19370   2184
17660   2184
19380   2184
17670   2184
19390   2184
19400   2184
17680   2184
19410   2184
19420   2184
17690   2184
19430   2184
19440   2184
19450   2184
17700   2184
19460   2184
19470   2184
19480   2184
19490   2184
19500   2184
19510   2184
19520   2184
19530   2184
19540   2184
19550   2184
19560   2184
19570   2184
19580   2184
19590   2184
19600   2184
19610   2184
19620   2184
19630   2184
19640   2184
19650   2184
19660   2184
19670   2184
19680   2184
19690   2184
19700   2184
19710   2184
19720   2184
19730   2184
19740   2184
19750   2184
19760   2184
19770   2184
19780   2184
19790   2184
19800   2184
19810   2184
19820   2184
19830   2184
19840   2184
19850   2184
19860   2184
19870   2184
19880   2184
19890   2184
19900   2184
19910   2184
19920   2184
19930   2184
19940   2184
19950   2184
19960   2184
19970   2184
19980   2184
19990   2184
20000   2184
20010   2184
20020   2184
20030   2184
20040   2184
20050   2184
20060   2184
20070   2184
20080   2184
20090   2184
20100   2184
20110   2184
20120   2184
20130   2184
20140   2184
20150   2184
20160   2184
20170   2184
20180   2184
20190   2184
20200   2184
20210   2184
20220   2184
20230   2184
20240   2184
20250   2184
20260   2184
20270   2184
20280   2184
20290   2184
20300   2184
20310   2184
20320   2184
20330   2184
20340   2184
20350   2184
20360   2184
20370   2184
20380   2184
20390   2184
20400   2184
20410   2184
20420   2184
20430   2184
20440   2184
20450   2184
20460   2184
20470   2184
20480   2184
20490   2184
20500   2184
20510   2184
20520   2184
20530   2184
20540   2184
20550   2184
20560   2184
20570   2184
20580   2184
20590   2184
20600   2184
20610   2184
20620   2184
20630   2184
20640   2184
20650   2184
20660   2184
20670   2184
20680   2184
20690   2184
20700   2184
20710   2184
20720   2184
20730   2184
20740   2184
20750   2184
20760   2184
20770   2184
20780   2184
20790   2184
20800   2184
20810   2184
20820   2184
20830   2184
20840   2184
20850   2184
20860   2184
20870   2184
20880   2184
20890   2184
20900   2184
20910   2184
20920   2184
20930   2184
20940   2184
20950   2184
20960   2184
20970   2184
20980   2184
20990   2184
21000   2184
21010   2184
21020   2184
21030   2184
21040   2184
21050   2184
21060   2184
21070   2184
21080   2184
21090   2184
21100   2184
21110   2184
21120   2184
21130   2184
21140   2184
21150   2184
21160   2184
21170   2184
21180   2184
21190   2184
21200   2184
21210   2184
21220   2184
21230   2184
21240   2184
21250   2184
21260   2184
21270   2184
21280   2184
21290   2184
21300   2184
21310   2184
21320   2184
21330   2184
21340   2184
21350   2184
21360   2184
21370   2184
21380   2184
21390   2184
21400   2184
21410   2184
21420   2184
21430   2184
21440   2184
21450   2184
21460   2184
21470   2184
21480   2184
21490   2184
21500   2184
21510   2184
21520   2184
21530   2184
21540   2184
21550   2184
21560   2184
21570   2184
21580   2184
21590   2184
21600   2184
21610   2184
21620   2184
21630   2184
21640   2184
21650   2184
21660   2184
21670   2184
21680   2184
21690   2184
21700   2184
21710   2184
21720   2184
21730   2184
21740   2184
21750   2184
21760   2184
21770   2184
21780   2184
21790   2184
21800   2184
21810   2184
21820   2184
21830   2184
21840   2184
21850   2184
21860   2184
21870   2184
21880   2184
21890   2184
21900   2184
21910   2184
21920   2184
21930   2184
21940   2184
21950   2184
21960   2184
21970   2184
21980   2184
21990   2184
22000   2184
22010   2184
22020   2184
22030   2184
22040   2184
22050   2184
22060   2184
22070   2184
22080   2184
22090   2184
22100   2184
22110   2184
22120   2184
22130   2184
22140   2184
22150   2184
22160   2184
22170   2184
22180   2184
22190   2184
22200   2184
22210   2184
22220   2184
22230   2184
22240   2184
22250   2184
22260   2184
22270   2184
22280   2184
22290   2184
22300   2184
22310   2184
22320   2184
22330   2184
22340   2184
22350   2184
22360   2184
22370   2184
22380   2184
22390   2184
22400   2184
22410   2184
22420   2184
22430   2184
22440   2184
22450   2184
22460   2184
22470   2184
22480   2184
22490   2184
22500   2184
22510   2184
22520   2184
22530   2184
22540   2184
22550   2184
22560   2184
22570   2184
22580   2184
22590   2184
22600   2184
22610   2184
22620   2184
22630   2184
22640   2184
22650   2184
22660   2184
22670   2184
22680   2184
22690   2184
22700   2184
22710   2184
22720   2184
22730   2184
22740   2184
22750   2184
22760   2184
22770   2184
22780   2184
22790   2184
22800   2184
22810   2184
22820   2184
22830   2184
22840   2184
22850   2184
22860   2184
22870   2184
22880   2184
22890   2184
22900   2184
22910   2184
22920   2184
22930   2184
22940   2184
22950   2184
22960   2184
22970   2184
22980   2184
22990   2184
23000   2184
23010   2184
23020   2184
23030   2184
23040   2184
23050   2184
23060   2184
23070   2184
23080   2184
23090   2184
23100   2184
23110   2184
23120   2184
23130   2184
23140   2184
23150   2184
23160   2184
23170   2184
23180   2184
23190   2184
23200   2184
23210   2184
23220   2184
23230   2184
23240   2184
23250   2184
23260   2184
23270   2184
23280   2184
23290   2184
23300   2184
23310   2184
23320   2184
23330   2184
23340   2184
23350   2184
23360   2184
23370   2184
23380   2184
23390   2184
23400   2184
23410   2184
23420   2184
23430   2184
23440   2184
23450   2184
23460   2184
23470   2184
23480   2184
23490   2184
23500   2184
23510   2184
23520   2184
23530   2184
23540   2184
23550   2184
23560   2184
23570   2184
23580   2184
23590   2184
23600   2184
23610   2184
23620   2184
23630   2184
23640   2184
23650   2184
23660   2184
23670   2184
23680   2184
23690   2184
23700   2184
23710   2184
23720   2184
23730   2184
23740   2184
23750   2184
23760   2184
23770   2184
23780   2184
23790   2184
23800   2184
23810   2184
23820   2184
23830   2184
23840   2184
23850   2184
23860   2184
23870   2184
23880   2184
23890   2184
23900   2184
23910   2184
23920   2184
23930   2184
23940   2184
23950   2184
23960   2184
23970   2184
23980   2184
23990   2184
24000   2184
24010   2184
24020   2184
24030   2184
24040   2184
24050   2184
24060   2184
24070   2184
24080   2184
24090   2184
24100   2184
24110   2184
24120   2184
24130   2184
24140   2184
24150   2184
24160   2184
24170   2184
24180   2184
24190   2184
24200   2184
24210   2184
24220   2184
24230   2184
24240   2184
24250   2184
24260   2184
24270   2184
24280   2184
24290   2184
24300   2184
24310   2184
24320   2184
24330   2184
24340   2184
24350   2184
24360   2184
24370   2184
24380   2184
24390   2184
24400   2184
24410   2184
24420   2184
24430   2184
24440   2184
24450   2184
24460   2184
24470   2184
24480   2184
24490   2184
24500   2184
24510   2184
24520   2184
24530   2184
24540   2184
24550   2184
24560   2184
24570   2184
24580   2184
24590   2184
24600   2184
24610   2184
24620   2184
24630   2184
24640   2184
24650   2184
24660   2184
24670   2184
24680   2184
24690   2184
24700   2184
24710   2184
24720   2184
24730   2184
24740   2184
24750   2184
24760   2184
24770   2184
24780   2184
24790   2184
24800   2184
24810   2184
24820   2184
24830   2184
24840   2184
24850   2184
24860   2184
24870   2184
24880   2184
24890   2184
24900   2184
24910   2184
24920   2184
24930   2184
24940   2184
24950   2184
24960   2184
24970   2184
24980   2184
24990   2184
25000   2184
25010   2184
25020   2184
25030   2184
25040   2184
25050   2184
25060   2184
25070   2184
25080   2184
25090   2184
25100   2184
25110   2184
25120   2184
25130   2184
25140   2184
25150   2184
25160   2184
25170   2184
25180   2184
25190   2184
25200   2184
25210   2184
25220   2184
25230   2184
25240   2184
25250   2184
25260   2184
25270   2184
25280   2184
25290   2184
25300   2184
25310   2184
25320   2184
25330   2184
25340   2184
25350   2184
25360   2184
25370   2184
25380   2184
25390   2184
25400   2184
25410   2184
25420   2184
25430   2184
25440   2184
25450   2184
25460   2184
25470   2184
25480   2184
25490   2184
25500   2184
25510   2184
25520   2184
25530   2184
25540   2184
25550   2184
25560   2184
25570   2184
25580   2184
25590   2184
25600   2184
25610   2184
25620   2184
25630   2184
25640   2184
25650   2184
25660   2184
25670   2184
25680   2184
25690   2184
25700   2184
25710   2184
25720   2184
25730   2184
25740   2184
25750   2184
25760   2184
25770   2184
25780   2184
25790   2184
25800   2184
25810   2184
25820   2184
25830   2184
25840   2184
25850   2184
25860   2184
25870   2184
25880   2184
25890   2184
25900   2184
25910   2184
25920   2184
25930   2184
25940   2184
25950   2184
25960   2184
25970   2184
25980   2184
25990   2184
26000   2184
26010   2184
26020   2184
26030   2184
26040   2184
26050   2184
26060   2184
26070   2184
26080   2184
26090   2184
26100   2184
26110   2184
26120   2184
26130   2184
26140   2184
26150   2184
26160   2184
26170   2184
26180   2184
26190   2184
26200   2184
26210   2184
26220   2184
26230   2184
26240   2184
26250   2184
26260   2184
26270   2184
26280   2184
26290   2184
26300   2184
26310   2184
26320   2184
26330   2184
26340   2184
26350   2184
26360   2184
26370   2184
26380   2184
26390   2184
26400   2184
26410   2184
26420   2184
26430   2184
26440   2184
26450   2184
26460   2184
26470   2184
26480   2184
26490   2184
26500   2184
26510   2184
26520   2184
26530   2184
26540   2184
26550   2184
26560   2184
26570   2184
26580   2184
26590   2184
26600   2184
26610   2184
26620   2184
26630   2184
26640   2184
26650   2184
26660   2184
26670   2184
26680   2184
26690   2184
26700   2184
26710   2184
26720   2184
26730   2184
26740   2184
26750   2184
26760   2184
26770   2184
26780   2184
26790   2184
26800   2184
26810   2184
26820   2184
26830   2184
26840   2184
26850   2184
26860   2184
26870   2184
26880   2184
26890   2184
26900   2184
26910   2184
26920   2184
26930   2184
26940   2184
26950   2184
26960   2184
26970   2184
26980   2184
26990   2184
27000   2184
27010   2184
27020   2184
27030   2184
27040   2184
27050   2184
27060   2184
27070   2184
27080   2184
27090   2184
27100   2184
27110   2184
27120   2184
27130   2184
27140   2184
27150   2184
27160   2184
27170   2184
27180   2184
27190   2184
27200   2184
27210   2184
27220   2184
27230   2184
27240   2184
27250   2184
27260   2184
27270   2184
27280   2184
27290   2184
27300   2184
27310   2184
27320   2184
27330   2184
27340   2184
27350   2184
27360   2184
27370   2184
27380   2184
27390   2184
27400   2184
27410   2184
27420   2184
27430   2184
27440   2184
27450   2184
27460   2184
27470   2184
27480   2184
27490   2184
27500   2184
27510   2184
27520   2184
27530   2184
27540   2184
27550   2184
27560   2184
27570   2184
27580   2184
27590   2184
27600   2184
27610   2184
27620   2184
27630   2184
27640   2184
27650   2184
27660   2184
27670   2184
27680   2184
27690   2184
27700   2184
27710   2184
27720   2184
27730   2184
27740   2184
27750   2184
27760   2184
27770   2184
27780   2184
27790   2184
27800   2184
27810   2184
27820   2184
27830   2184
27840   2184
27850   2184
27860   2184
27870   2184
27880   2184
27890   2184
27900   2184
27910   2184
27920   2184
27930   2184
27940   2184
27950   2184
27960   2184
27970   2184
27980   2184
27990   2184
28000   2184
28010   2184
28020   2177
28030   2177
28040   2177
28050   2177
28060   2177
28070   2177
28080   2177
28090   2177
28100   2177
28110   2177
28120   2177
28130   2177
28140   2177
28150   2177
28160   2177
28170   2177
28180   2177
28190   2177
28200   2177
28210   2177
28220   2177
28230   2177
28240   2177
28250   2177
28260   2177
28270   2177
28280   2177
28290   2177
28300   2177
28310   2177
28320   2177
28330   2177
28340   2177
28350   2177
28360   2177
28370   2177
28380   2177
28390   2177
28400   2177
28410   2177
28420   2177
28430   2177
28440   2177
28450   2177
28460   2177
28470   2177
28480   2177
28490   2177
28500   2177
28510   2177
28520   2177
28530   2177
28540   2177
28550   2177
28560   2177
28570   2177
28580   2177
28590   2177
28600   2177
28610   2177
28620   2177
28630   2177
28640   2177
28650   2177
28660   2177
28670   2177
28680   2177
28690   2177
28700   2177
28710   2177
28720   2177
28730   2177
28740   2177
28750   2177
28760   2177
28770   2177
28780   2177
28790   2177
28800   2177
28810   2177
28820   2177
28830   2177
28840   2177
28850   2177
28860   2177
28870   2177
28880   2177
28890   2177
28900   2177
28910   2177
28920   2177
28930   2177
28940   2177
28950   2177
28960   2177
28970   2177
28980   2177
28990   2177
29000   2177
29010   2177
29020   2177
29030   2177
29040   2177
29050   2177
29060   2177
29070   2177
29080   2177
29090   2177
29100   2177
29110   2177
29120   2177
29130   2177
29140   2177
29150   2177
29160   2177
29170   2177
29180   2177
29190   2177
29200   2177
29210   2177
29220   2177
29230   2177
29240   2177
29250   2177
29260   2177
29270   2177
29280   2177
29290   2177
29300   2177
29310   2177
29320   2177
29330   2177
29340   2177
29350   2177
29360   2177
29370   2177
29380   2177
29390   2177
29400   2177
29410   2177
29420   2177
29430   2177
29440   2177
29450   2177
29460   2177
29470   2177
29480   2177
29490   2177
29500   2177
29510   2177
29520   2177
29530   2177
29540   2177
29550   2177
29560   2177
29570   2177
29580   2177
29590   2177
29600   2177
29610   2177
29620   2177
29630   2177
29640   2177
29650   2177
29660   2177
29670   2177
29680   2177
29690   2177
29700   2177
29710   2177
29720   2177
29730   2177
29740   2177
29750   2177
29760   2177
29770   2177
29780   2177
29790   2177
29800   2177
29810   2177
29820   2177
29830   2177
29840   2177
29850   2177
29860   2177
29870   2177
29880   2177
29890   2177
29900   2177
29910   2177
29920   2177
29930   2177
29940   2177
29950   2177
29960   2177
29970   2177
29980   2177
29990   2177
30000   2177
30010   2177
30020   2177
30030   2177
30040   2177
30050   2177
30060   2177
30070   2177
30080   2177
30090   2177
30100   2177
30110   2177
30120   2177
30130   2177
30140   2177
30150   2177
30160   2177
30170   2177
30180   2177
30190   2177
30200   2177
30210   2177
30220   2177
30230   2177
30240   2177
30250   2177
30260   2177
30270   2177
30280   2177
30290   2177
30300   2177
30310   2177
30320   2177
30330   2177
30340   2177
30350   2177
30360   2177
30370   2177
30380   2177
30390   2177
30400   2177
30410   2177
30420   2177
30430   2177
30440   2177
30450   2177
30460   2177
30470   2177
30480   2177
30490   2177
30500   2177
30510   2177
30520   2177
30530   2177
30540   2177
30550   2177
30560   2177
30570   2177
30580   2177
30590   2177
30600   2177
30610   2177
30620   2177
30630   2177
30640   2177
30650   2177
30660   2177
30670   2177
30680   2177
30690   2177
30700   2177
30710   2177
30720   2177
30730   2177
30740   2177
30750   2177
30760   2177
30770   2177
30780   2177
30790   2177
30800   2177
30810   2177
30820   2177
30830   2177
30840   2177
30850   2177
30860   2177
30870   2177
30880   2177
30890   2177
30900   2177
30910   2177
30920   2177
30930   2177
30940   2177
30950   2177
30960   2177
30970   2177
30980   2177
30990   2177
31000   2177
31010   2177
31020   2177
31030   2177
31040   2177
31050   2177
31060   2177
31070   2177
31080   2177
31090   2177
31100   2177
31110   2177
31120   2177
31130   2177
31140   2177
31150   2177
31160   2177
31170   2177
31180   2177
31190   2177
31200   2177
31210   2177
31220   2177
31230   2177
31240   2177
31250   2177
31260   2177
31270   2177
31280   2177
31290   2177
31300   2177
31310   2177
31320   2177
31330   2177
31340   2177
31350   2177
31360   2177
31370   2177
31380   2177
31390   2177
31400   2177
31410   2177
31420   2177
31430   2177
31440   2177
31450   2177
31460   2177
31470   2177
31480   2177
31490   2177
31500   2177
31510   2177
31520   2177
31530   2177
31540   2177
31550   2177
31560   2177
31570   2177
31580   2177
31590   2177
31600   2177
31610   2177
31620   2177
31630   2177
31640   2177
31650   2177
31660   2177
31670   2177
31680   2177
31690   2177
31700   2177
31710   2177
31720   2177
31730   2177
31740   2177
31750   2177
31760   2177
31770   2177
31780   2177
31790   2177
31800   2177
31810   2177
31820   2177
31830   2177
31840   2177
31850   2177
31860   2177
31870   2177
31880   2177
31890   2177
31900   2177
31910   2177
31920   2177
31930   2177
31940   2177
31950   2177
31960   2177
31970   2177
31980   2177
31990   2177
32000   2177
32010   2177
32020   2177
32030   2177
32040   2177
32050   2177
32060   2177
32070   2177
32080   2177
32090   2177
32100   2177
32110   2177
32120   2177
32130   2177
32140   2177
32150   2177
32160   2177
32170   2177
32180   2177
32190   2177
32200   2177
32210   2177
32220   2177
32230   2177
32240   2177
32250   2177
32260   2177
32270   2177
32280   2177
32290   2177
32300   2177
32310   2177
32320   2177
32330   2177
32340   2177
32350   2177
32360   2177
32370   2177
32380   2177
32390   2177
32400   2177
32410   2177
32420   2177
32430   2177
32440   2177
32450   2177
32460   2177
32470   2177
32480   2177
32490   2177
32500   2177
32510   2177
32520   2177
32530   2177
32540   2177
32550   2177
32560   2177
32570   2177
32580   2177
32590   2177
32600   2177
32610   2177
32620   2177
32630   2177
32640   2177
32650   2177
32660   2177
32670   2177
32680   2177
32690   2177
32700   2177
32710   2177
32720   2177
32730   2177
32740   2177
32750   2177
32760   2177
32770   2177
32780   2177
32790   2177
32800   2177
32810   2177
32820   2177
32830   2177
32840   2177
32850   2177
32860   2177
32870   2177
32880   2177
32890   2177
32900   2177
32910   2177
32920   2177
32930   2177
32940   2177
32950   2177
32960   2177
32970   2177
32980   2177
32990   2177
33000   2177
33010   2177
33020   2177
33030   2177
33040   2177
33050   2177
33060   2177
33070   2177
33080   2177
33090   2177
33100   2177
33110   2177
33120   2177
33130   2177
33140   2177
33150   2177
33160   2177
33170   2177
33180   2177
33190   2177
33200   2177
33210   2177
33220   2177
33230   2177
33240   2177
33250   2177
33260   2177
33270   2177
33280   2177
33290   2177
33300   2177
33310   2177
33320   2177
33330   2177
33340   2177
33350   2177
33360   2177
33370   2177
33380   2177
33390   2177
33400   2177
33410   2177
33420   2177
33430   2177
33440   2177
33450   2177
33460   2177
33470   2177
33480   2177
33490   2177
33500   2177
33510   2177
33520   2177
33530   2177
33540   2177
33550   2177
33560   2177
33570   2177
33580   2177
33590   2177
33600   2177
33610   2177
33620   2177
33630   2177
33640   2177
33650   2177
33660   2177
33670   2177
33680   2177
33690   2177
33700   2177
33710   2177
33720   2177
33730   2177
33740   2177
33750   2177
33760   2177
33770   2177
33780   2177
33790   2177
33800   2177
33810   2177
33820   2177
33830   2177
33840   2177
33850   2177
33860   2177
33870   2177
33880   2177
33890   2177
33900   2177
33910   2177
33920   2177
33930   2177
33940   2177
33950   2177
33960   2177
33970   2177
33980   2177
33990   2177
34000   2177
34010   2177
34020   2177
34030   2177
34040   2177
34050   2177
34060   2177
34070   2177
34080   2177
34090   2177
34100   2177
34110   2177
34120   2177
34130   2177
34140   2177
34150   2177
34160   2177
34170   2177
34180   2177
34190   2177
34200   2177
34210   2177
34220   2177
34230   2177
34240   2177
34250   2177
34260   2177
34270   2177
34280   2177
34290   2177
34300   2177
34310   2177
34320   2177
34330   2177
34340   2177
34350   2177
34360   2177
34370   2177
34380   2177
34390   2177
34400   2177
34410   2177
34420   2177
34430   2177
34440   2177
34450   2177
34460   2177
34470   2177
34480   2177
34490   2177
34500   2177
34510   2177
34520   2177
34530   2177
34540   2177
34550   2177
34560   2177
34570   2177
34580   2177
34590   2177
34600   2177
34610   2177
34620   2177
34630   2177
34640   2177
34650   2177
34660   2177
34670   2177
34680   2177
34690   2177
34700   2177
34710   2177
34720   2177
34730   2177
34740   2177
34750   2177
34760   2177
34770   2177
34780   2177
34790   2177
34800   2177
34810   2177
34820   2177
34830   2177
34840   2177
34850   2177
34860   2177
34870   2177
34880   2177
34890   2177
34900   2177
34910   2177
34920   2177
34930   2177
34940   2177
34950   2177
34960   2177
34970   2177
34980   2177
34990   2177
35000   2177
35010   2177
35020   2177
35030   2177
35040   2177
35050   2177
35060   2177
35070   2177
35080   2177
35090   2177
35100   2177
35110   2177
35120   2177
35130   2177
35140   2177
35150   2177
35160   2177
35170   2177
35180   2177
35190   2177
35200   2177
35210   2177
35220   2177
35230   2177
35240   2177
35250   2177
35260   2177
35270   2177
35280   2177
35290   2177
35300   2177
35310   2177
35320   2177
35330   2177
35340   2177
35350   2177
35360   2177
35370   2177
35380   2177
35390   2177
35400   2177
35410   2177
35420   2177
35430   2177
35440   2177
35450   2177
35460   2177
35470   2177
35480   2177
35490   2177
35500   2177
35510   2177
35520   2177
35530   2177
35540   2177
35550   2177
35560   2177
35570   2177
35580   2177
35590   2177
35600   2177
35610   2177
35620   2177
35630   2177
35640   2177
35650   2177
35660   2177
35670   2177
35680   2177
35690   2177
35700   2177
35710   2177
35720   2177
35730   2177
35740   2177
35750   2177
35760   2177
35770   2177
35780   2177
35790   2177
35800   2177
35810   2177
35820   2177
35830   2177
35840   2177
35850   2177
35860   2177
35870   2177
35880   2177
35890   2177
35900   2177
35910   2177
35920   2177
35930   2177
35940   2177
35950   2177
35960   2177
35970   2177
35980   2177
35990   2177
36000   2177
36010   2177
36020   2177
36030   2177
36040   2177
36050   2177
36060   2177
36070   2177
36080   2177
36090   2177
36100   2177
36110   2177
36120   2177
36130   2177
36140   2177
36150   2177
36160   2177
36170   2177
36180   2177
36190   2177
36200   2177
36210   2177
36220   2177
36230   2177
36240   2177
36250   2177
36260   2177
36270   2177
36280   2177
36290   2177
36300   2177
36310   2177
36320   2177
36330   2177
36340   2177
36350   2177
36360   2177
36370   2177
36380   2177
36390   2177
36400   2177
36410   2177
36420   2177
36430   2177
36440   2177
36450   2177
36460   2177
36470   2177
36480   2177
36490   2177
36500   2177
36510   2177
36520   2177
36530   2177
36540   2177
36550   2177
36560   2177
36570   2177
36580   2177
36590   2177
36600   2177
36610   2177
36620   2177
36630   2177
36640   2177
36650   2177
36660   2177
36670   2177
36680   2177
36690   2177
36700   2177
36710   2177
36720   2177
36730   2177
36740   2177
36750   2177
36760   2177
36770   2177
36780   2177
36790   2177
36800   2177
36810   2177
36820   2177
36830   2177
36840   2177
36850   2177
36860   2177
36870   2177
36880   2177
36890   2177
36900   2177
36910   2177
36920   2177
36930   2177
36940   2177
36950   2177
36960   2177
36970   2177
36980   2177
36990   2177
37000   2177
37010   2177
37020   2177
37030   2177
37040   2177
37050   2177
37060   2177
37070   2177
37080   2177
37090   2177
37100   2177
37110   2177
37120   2177
37130   2177
37140   2177
37150   2177
37160   2177
37170   2177
37180   2177
37190   2177
37200   2177
37210   2177
37220   2177
37230   2177
37240   2177
37250   2177
37260   2177
37270   2177
37280   2177
37290   2177
37300   2177
37310   2177
37320   2177
37330   2177
37340   2177
37350   2177
37360   2177
37370   2177
37380   2177
37390   2177
37400   2177
37410   2177
37420   2177
37430   2177
37440   2177
37450   2177
37460   2177
37470   2177
37480   2177
37490   2177
37500   2177
37510   2177
37520   2177
37530   2177
37540   2177
37550   2177
37560   2177
37570   2177
37580   2177
37590   2177
37600   2177
37610   2177
37620   2177
37630   2177
37640   2177
37650   2177
37660   2177
37670   2177
37680   2177
37690   2177
37700   2177
37710   2177
37720   2177
37730   2177
37740   2128
37750   2128
37760   2128
37770   2128
37780   2128
37790   2128
37800   2128
37810   2128
37820   2128
37830   2128
37840   2128
37850   2128
37860   2128
37870   2128
37880   2128
37890   2128
37900   2128
37910   2128
37920   2128
37930   2128
37940   2128
37950   2128
37960   2128
37970   2128
37980   2128
37990   2128
38000   2128
38010   2128
38020   2128
38030   2128
38040   2128
38050   2128
38060   2128
38070   2128
38080   2128
38090   2128
38100   2128
38110   2128
38120   2128
38130   2128
38140   2128
38150   2128
38160   2128
38170   2128
38180   2128
38190   2128
38200   2128
38210   2128
38220   2128
38230   2128
38240   2128
38250   2128
38260   2128
38270   2128
38280   2128
38290   2128
38300   2128
38310   2128
38320   2128
38330   2128
38340   2128
38350   2128
38360   2128
38370   2128
38380   2128
38390   2128
38400   2128
38410   2128
38420   2128
38430   2128
38440   2128
38450   2128
38460   2128
38470   2128
38480   2128
38490   2128
38500   2128
38510   2128
38520   2128
38530   2128
38540   2128
38550   2128
38560   2128
38570   2128
38580   2128
38590   2128
38600   2128
38610   2128
38620   2128
38630   2128
38640   2128
38650   2128
38660   2128
38670   2128
38680   2128
38690   2128
38700   2128
38710   2128
38720   2128
38730   2128
38740   2128
38750   2128
38760   2128
38770   2128
38780   2128
38790   2128
38800   2128
38810   2128
38820   2128
38830   2128
38840   2128
38850   2128
38860   2128
38870   2128
38880   2128
38890   2128
38900   2128
38910   2128
38920   2128
38930   2128
38940   2128
38950   2128
38960   2128
38970   2128
38980   2128
38990   2128
39000   2128
39010   2128
39020   2128
39030   2128
39040   2128
39050   2128
39060   2128
39070   2128
39080   2128
39090   2128
39100   2128
39110   2128
39120   2128
39130   2128
39140   2128
39150   2128
39160   2128
39170   2128
39180   2128
39190   2128
39200   2128
39210   2128
39220   2128
39230   2128
39240   2128
39250   2128
39260   2128
39270   2128
39280   2128
39290   2128
39300   2128
39310   2128
39320   2128
39330   2128
39340   2128
39350   2128
39360   2128
39370   2128
39380   2128
39390   2128
39400   2128
39410   2128
39420   2128
39430   2128
39440   2128
39450   2128
39460   2128
39470   2128
39480   2128
39490   2128
39500   2128
39510   2128
39520   2128
39530   2128
39540   2128
39550   2128
39560   2128
39570   2128
39580   2128
39590   2128
39600   2128
39610   2128
39620   2128
39630   2128
39640   2128
39650   2128
39660   2128
39670   2128
39680   2128
39690   2128
39700   2128
39710   2128
39720   2128
39730   2128
39740   2128
39750   2128
39760   2128
