10   2044
20   1852
30   1852
40   1852
50   1852
60   1852
70   1852
80   1852
90   1852
100   1852
110   1835
120   1835
130   1715
140   1642
150   1642
160   1642
170   1642
180   1642
190   1642
200   1642
210   1642
220   1642
230   1642
240   1642
250   1642
260   1642
270   1642
280   1642
290   1642
300   1642
310   1642
320   1642
330   1642
340   1642
350   1642
360   1642
370   1642
380   1642
390   1642
400   1642
410   1642
420   1642
430   1642
440   1642
450   1642
460   1642
470   1642
480   1642
490   1642
500   1642
510   1642
520   1642
530   1642
540   1642
550   1642
560   1642
570   1642
580   1642
590   1642
600   1642
610   1642
620   1642
630   1642
640   1642
650   1642
660   1642
670   1642
680   1642
690   1642
700   1642
710   1642
720   1642
730   1642
740   1642
750   1642
760   1642
770   1642
780   1642
790   1642
800   1642
810   1642
820   1642
830   1642
840   1642
850   1642
860   1642
870   1642
880   1642
890   1642
900   1642
910   1642
920   1642
930   1642
940   1642
950   1642
960   1642
970   1642
980   1642
990   1642
1000   1642
1010   1642
1020   1642
1030   1642
1040   1642
1050   1642
1060   1642
1070   1642
1080   1642
1090   1642
1100   1642
1110   1642
1120   1642
1130   1642
1140   1642
1150   1642
1160   1642
1170   1642
1180   1642
1190   1642
1200   1642
1210   1642
1220   1642
1230   1642
1240   1642
1250   1642
1260   1642
1270   1642
1280   1642
1290   1642
1300   1642
1310   1642
1320   1642
1330   1642
1340   1642
1350   1642
1360   1642
1370   1642
1380   1642
1390   1642
1400   1642
1410   1642
1420   1642
1430   1642
1440   1642
1450   1642
1460   1642
1470   1642
1480   1642
1490   1642
1500   1642
1510   1503
1520   1503
1530   1503
1540   1503
1550   1503
1560   1503
1570   1503
1580   1503
1590   1503
1600   1503
1610   1503
1620   1503
1630   1503
1640   1503
1650   1503
1660   1503
1670   1503
1680   1503
1690   1503
1700   1503
1710   1503
1720   1503
1730   1503
1740   1503
1750   1503
1760   1503
1770   1503
1780   1503
1790   1503
1800   1503
1810   1503
1820   1503
1830   1503
1840   1503
1850   1503
1860   1503
1870   1503
1880   1503
1890   1503
1900   1503
1910   1503
1920   1503
1930   1503
1940   1503
1950   1503
1960   1503
1970   1503
1980   1503
1990   1503
2000   1503
2010   1503
2020   1503
2030   1503
2040   1503
2050   1503
2060   1503
2070   1503
2080   1503
2090   1503
2100   1503
2110   1503
2120   1503
2130   1503
2140   1503
2150   1503
2160   1503
2170   1503
2180   1503
2190   1503
2200   1503
2210   1503
2220   1503
2230   1503
2240   1503
2250   1503
2260   1503
2270   1503
2280   1503
2290   1503
2300   1503
2310   1503
2320   1503
2330   1503
2340   1503
2350   1503
2360   1503
2370   1503
2380   1503
2390   1503
2400   1503
2410   1503
2420   1503
2430   1503
2440   1503
2450   1503
2460   1503
2470   1503
2480   1503
2490   1503
2500   1503
2510   1503
2520   1503
2530   1503
2540   1503
2550   1503
2560   1503
2570   1503
2580   1503
2590   1503
2600   1503
2610   1503
2620   1503
2630   1503
2640   1503
2650   1503
2660   1503
2670   1503
2680   1503
2690   1503
2700   1503
2710   1503
2720   1503
2730   1503
2740   1503
2750   1503
2760   1503
2770   1503
2780   1503
2790   1503
2800   1503
2810   1503
2820   1503
2830   1503
2840   1503
2850   1503
2860   1503
2870   1503
2880   1503
2890   1503
2900   1503
2910   1503
2920   1503
2930   1503
2940   1503
2950   1503
2960   1503
2970   1503
2980   1503
2990   1503
3000   1503
3010   1503
3020   1503
3030   1503
3040   1503
3050   1503
3060   1503
3070   1503
3080   1503
3090   1503
3100   1503
3110   1503
3120   1503
3130   1503
3140   1503
3150   1503
3160   1503
3170   1503
3180   1503
3190   1503
3200   1503
3210   1503
3220   1503
3230   1503
3240   1503
3250   1503
3260   1503
3270   1503
3280   1503
3290   1503
3300   1503
3310   1503
3320   1503
3330   1503
3340   1503
3350   1503
3360   1503
3370   1503
3380   1503
3390   1503
3400   1503
3410   1503
3420   1503
3430   1503
3440   1503
3450   1503
3460   1503
3470   1503
3480   1503
3490   1503
3500   1503
3510   1503
3520   1503
3530   1503
3540   1503
3550   1503
3560   1503
3570   1503
3580   1503
3590   1503
3600   1503
3610   1503
3620   1503
3630   1503
3640   1503
3650   1503
3660   1503
3670   1503
3680   1503
3690   1503
3700   1503
3710   1503
3720   1503
3730   1503
3740   1503
3750   1503
3760   1503
3770   1503
3780   1503
3790   1503
3800   1503
3810   1503
3820   1503
3830   1503
3840   1503
3850   1503
3860   1503
3870   1503
3880   1503
3890   1503
3900   1503
3910   1503
3920   1503
3930   1503
3940   1503
3950   1503
3960   1503
3970   1503
3980   1503
3990   1503
4000   1503
4010   1503
4020   1503
4030   1503
4040   1503
4050   1503
4060   1503
4070   1503
4080   1503
4090   1503
4100   1503
4110   1503
4120   1503
4130   1503
4140   1503
4150   1503
4160   1503
4170   1503
4180   1503
4190   1503
4200   1503
4210   1503
4220   1503
4230   1503
4240   1503
4250   1503
4260   1503
4270   1503
4280   1503
4290   1503
4300   1503
4310   1503
4320   1503
4330   1503
4340   1503
4350   1503
4360   1503
4370   1503
4380   1503
4390   1503
4400   1503
4410   1503
4420   1503
4430   1503
4440   1503
4450   1503
4460   1503
4470   1503
4480   1503
4490   1503
4500   1503
4510   1503
4520   1503
4530   1503
4540   1503
4550   1503
4560   1503
4570   1503
4580   1503
4590   1503
4600   1503
4610   1503
4620   1503
4630   1503
4640   1503
4650   1503
4660   1503
4670   1503
4680   1503
4690   1503
4700   1503
4710   1503
4720   1503
4730   1503
4740   1503
4750   1503
4760   1503
4770   1503
4780   1503
4790   1503
4800   1503
4810   1503
4820   1503
4830   1503
4840   1503
4850   1503
4860   1503
4870   1503
4880   1503
4890   1503
4900   1503
4910   1503
4920   1503
4930   1503
4940   1503
4950   1503
4960   1503
4970   1503
4980   1503
4990   1503
5000   1503
5010   1503
5020   1503
5030   1503
5040   1503
5050   1503
5060   1503
5070   1503
5080   1503
5090   1503
5100   1503
5110   1503
5120   1503
5130   1503
5140   1503
5150   1503
5160   1503
5170   1503
5180   1503
5190   1503
5200   1503
5210   1503
5220   1503
5230   1503
5240   1503
5250   1503
5260   1503
5270   1503
5280   1503
5290   1503
5300   1503
5310   1503
5320   1503
5330   1503
5340   1503
5350   1503
5360   1503
5370   1503
5380   1503
5390   1503
5400   1503
5410   1503
5420   1503
5430   1503
5440   1503
5450   1503
5460   1503
5470   1503
5480   1503
5490   1503
5500   1503
5510   1503
5520   1503
5530   1503
5540   1503
5550   1503
5560   1493
5570   1493
5580   1493
5590   1493
5600   1493
5610   1493
5620   1493
5630   1493
5640   1493
5650   1493
5660   1493
5670   1493
5680   1493
5690   1493
5700   1493
5710   1493
5720   1493
5730   1493
5740   1493
5750   1493
5760   1493
5770   1493
5780   1493
5790   1493
5800   1493
5810   1493
5820   1493
5830   1493
5840   1493
5850   1493
5860   1493
5870   1493
5880   1493
5890   1493
5900   1493
5910   1493
5920   1493
5930   1493
5940   1493
5950   1493
5960   1493
5970   1493
5980   1493
5990   1493
6000   1493
6010   1493
6020   1493
6030   1493
6040   1493
6050   1493
6060   1493
6070   1493
6080   1493
6090   1493
6100   1493
6110   1493
6120   1493
6130   1493
6140   1493
6150   1493
6160   1493
6170   1493
6180   1493
6190   1493
6200   1493
6210   1493
6220   1493
6230   1493
6240   1493
6250   1493
6260   1493
6270   1493
6280   1493
6290   1493
6300   1493
6310   1493
6320   1493
6330   1493
6340   1493
6350   1493
6360   1493
6370   1493
6380   1493
6390   1493
6400   1493
6410   1493
6420   1493
6430   1493
6440   1493
6450   1493
6460   1493
6470   1493
6480   1493
6490   1493
6500   1493
6510   1493
6520   1493
6530   1493
6540   1493
6550   1493
6560   1493
6570   1493
6580   1493
6590   1493
6600   1493
6610   1493
6620   1493
6630   1493
6640   1493
6650   1493
6660   1493
6670   1493
6680   1493
6690   1493
6700   1493
6710   1493
6720   1493
6730   1493
6740   1493
6750   1493
6760   1493
6770   1493
6780   1493
6790   1493
6800   1493
6810   1493
6820   1493
6830   1493
6840   1493
6850   1493
6860   1493
6870   1493
6880   1493
6890   1493
6900   1493
6910   1493
6920   1493
6930   1493
6940   1493
6950   1493
6960   1493
6970   1493
6980   1493
6990   1493
7000   1493
7010   1493
7020   1493
7030   1493
7040   1493
7050   1493
7060   1493
7070   1493
7080   1493
7090   1493
7100   1493
7110   1493
7120   1493
7130   1493
7140   1493
7150   1493
7160   1493
7170   1493
7180   1493
7190   1493
7200   1493
7210   1493
7220   1493
7230   1493
7240   1493
7250   1493
7260   1493
7270   1493
7280   1493
7290   1493
7300   1493
7310   1493
7320   1493
7330   1493
7340   1493
7350   1493
7360   1493
7370   1493
7380   1493
7390   1493
7400   1493
7410   1493
7420   1493
7430   1493
7440   1493
7450   1493
7460   1493
7470   1493
7480   1493
7490   1493
7500   1493
7510   1493
7520   1493
7530   1493
7540   1493
7550   1493
7560   1493
7570   1493
7580   1493
7590   1493
7600   1493
7610   1493
7620   1493
7630   1493
7640   1493
7650   1493
7660   1493
7670   1493
7680   1493
7690   1493
7700   1493
7710   1493
7720   1493
7730   1493
7740   1493
7750   1493
7760   1493
7770   1493
7780   1493
7790   1493
7800   1493
7810   1493
7820   1493
7830   1493
7840   1493
7850   1493
7860   1493
7870   1493
7880   1493
7890   1493
7900   1493
7910   1493
7920   1493
7930   1493
7940   1493
7950   1493
7960   1493
7970   1493
7980   1493
7990   1493
8000   1493
8010   1493
8020   1493
8030   1493
8040   1493
8050   1493
8060   1493
8070   1493
8080   1493
8090   1493
8100   1493
8110   1493
8120   1493
8130   1493
8140   1493
8150   1493
8160   1493
8170   1493
8180   1493
8190   1493
8200   1493
8210   1493
8220   1493
8230   1493
8240   1493
8250   1493
8260   1493
8270   1493
8280   1493
8290   1493
8300   1493
8310   1493
8320   1493
8330   1493
8340   1493
8350   1493
8360   1493
8370   1493
8380   1493
8390   1493
8400   1493
8410   1493
8420   1493
8430   1493
8440   1493
8450   1493
8460   1493
8470   1493
8480   1493
8490   1493
8500   1493
8510   1493
8520   1493
8530   1493
8540   1493
8550   1493
8560   1493
8570   1493
8580   1493
8590   1493
8600   1493
8610   1493
8620   1493
8630   1493
8640   1493
8650   1493
8660   1493
8670   1493
8680   1493
8690   1493
8700   1493
8710   1493
8720   1493
8730   1493
8740   1493
8750   1493
8760   1493
8770   1493
8780   1493
8790   1493
8800   1493
8810   1493
8820   1493
8830   1493
8840   1493
8850   1493
8860   1493
8870   1493
8880   1493
8890   1493
8900   1493
8910   1493
8920   1493
8930   1493
8940   1493
8950   1493
8960   1493
8970   1493
8980   1493
8990   1493
9000   1493
9010   1493
9020   1493
9030   1493
9040   1493
9050   1493
9060   1493
9070   1493
9080   1493
9090   1493
9100   1493
9110   1493
9120   1493
9130   1493
9140   1493
9150   1493
9160   1493
9170   1493
9180   1493
9190   1493
9200   1493
9210   1493
9220   1493
9230   1493
9240   1493
9250   1493
9260   1493
9270   1493
9280   1493
9290   1493
9300   1493
9310   1493
9320   1493
9330   1493
9340   1493
9350   1493
9360   1493
9370   1493
9380   1493
9390   1493
9400   1493
9410   1493
9420   1493
9430   1493
9440   1493
9450   1493
9460   1493
9470   1493
9480   1493
9490   1493
9500   1493
9510   1493
9520   1493
9530   1493
9540   1493
9550   1493
9560   1493
9570   1493
9580   1493
9590   1493
9600   1493
9610   1493
9620   1493
9630   1493
9640   1493
9650   1493
9660   1493
9670   1493
9680   1493
9690   1493
9700   1493
9710   1493
9720   1493
9730   1493
9740   1493
9750   1493
9760   1493
9770   1493
9780   1493
9790   1493
9800   1493
9810   1493
9820   1493
9830   1493
9840   1493
9850   1493
9860   1493
9870   1493
9880   1493
9890   1493
9900   1493
9910   1493
9920   1493
9930   1493
9940   1493
9950   1493
9960   1493
9970   1493
9980   1493
9990   1493
10000   1493
10010   1493
10020   1493
10030   1493
10040   1493
10050   1493
10060   1493
10070   1493
10080   1493
10090   1493
10100   1493
10110   1493
10120   1493
10130   1493
10140   1493
10150   1493
10160   1493
10170   1493
10180   1493
10190   1493
10200   1493
10210   1493
10220   1493
10230   1493
10240   1493
10250   1493
10260   1493
10270   1493
10280   1493
10290   1493
10300   1493
10310   1493
10320   1493
10330   1493
10340   1493
10350   1493
10360   1493
10370   1493
10380   1493
10390   1493
10400   1493
10410   1493
10420   1493
10430   1493
10440   1493
10450   1493
10460   1493
10470   1493
10480   1493
10490   1493
10500   1493
10510   1493
10520   1493
10530   1493
10540   1493
10550   1493
10560   1493
10570   1493
10580   1493
10590   1493
10600   1493
10610   1493
10620   1493
10630   1493
10640   1493
10650   1493
10660   1493
10670   1493
10680   1493
10690   1493
10700   1493
10710   1493
10720   1493
10730   1493
10740   1493
10750   1493
10760   1493
10770   1493
10780   1493
10790   1493
10800   1493
10810   1493
10820   1493
10830   1493
10840   1493
10850   1493
10860   1493
10870   1493
10880   1493
10890   1493
10900   1493
10910   1493
10920   1493
10930   1493
10940   1493
10950   1493
10960   1493
10970   1493
10980   1493
10990   1493
11000   1493
11010   1493
11020   1493
11030   1493
11040   1493
11050   1493
11060   1493
11070   1493
11080   1493
11090   1493
11100   1493
11110   1493
11120   1493
11130   1493
11140   1493
11150   1493
11160   1493
11170   1493
11180   1493
11190   1493
11200   1493
11210   1493
11220   1493
11230   1493
11240   1493
11250   1493
11260   1493
11270   1493
11280   1493
11290   1493
11300   1493
11310   1493
11320   1493
11330   1493
11340   1493
11350   1493
11360   1493
11370   1493
11380   1493
11390   1493
11400   1493
11410   1493
11420   1493
11430   1493
11440   1493
11450   1493
11460   1493
11470   1493
11480   1493
11490   1493
11500   1493
11510   1493
11520   1493
11530   1493
11540   1493
11550   1493
10   2044
11560   1493
20   1852
30   1852
11570   1493
40   1852
50   1852
11580   1493
60   1852
11590   1493
70   1852
80   1852
11600   1493
90   1852
11610   1493
100   1852
110   1835
11620   1493
120   1835
130   1715
11630   1493
140   1642
150   1642
11640   1493
160   1642
170   1642
11650   1493
180   1642
190   1642
11660   1493
200   1642
210   1642
11670   1493
220   1642
230   1642
11680   1493
240   1642
250   1642
11690   1493
260   1642
270   1642
11700   1493
280   1642
290   1642
11710   1493
300   1642
310   1642
11720   1493
320   1642
11730   1493
330   1642
340   1642
11740   1493
350   1642
360   1642
11750   1493
370   1642
380   1642
11760   1493
390   1642
400   1642
11770   1493
410   1642
420   1642
11780   1493
430   1642
440   1642
11790   1493
450   1642
460   1642
11800   1493
470   1642
480   1642
11810   1493
490   1642
500   1642
11820   1493
510   1642
11830   1493
11840   1493
520   1642
11850   1493
530   1642
11860   1493
540   1642
550   1642
11870   1493
560   1642
11880   1493
570   1642
11890   1493
580   1642
590   1642
11900   1493
11910   1493
600   1642
11920   1493
610   1642
11930   1493
11940   1493
620   1642
11950   1493
630   1642
11960   1493
11970   1493
640   1642
650   1642
11980   1493
660   1642
11990   1493
670   1642
12000   1493
680   1642
12010   1493
690   1642
12020   1493
700   1642
12030   1493
710   1642
12040   1493
720   1642
12050   1493
730   1642
12060   1493
740   1642
12070   1493
750   1642
760   1642
12080   1493
770   1642
12090   1493
780   1642
12100   1493
790   1642
12110   1493
800   1642
12120   1493
810   1642
12130   1493
820   1642
830   1642
12140   1493
840   1642
12150   1493
850   1642
12160   1493
860   1642
12170   1493
870   1642
12180   1493
880   1642
12190   1493
890   1642
12200   1493
900   1642
910   1642
12210   1493
920   1642
12220   1493
930   1642
12230   1493
940   1642
12240   1493
950   1642
960   1642
12250   1493
970   1642
12260   1493
980   1642
12270   1493
990   1642
12280   1493
1000   1642
12290   1493
1010   1642
12300   1493
1020   1642
1030   1642
12310   1493
12320   1493
1040   1642
12330   1493
1050   1642
12340   1493
1060   1642
1070   1642
12350   1493
1080   1642
12360   1493
1090   1642
12370   1493
1100   1642
12380   1493
1110   1642
12390   1493
1120   1642
1130   1642
12400   1493
1140   1642
12410   1493
1150   1642
12420   1493
1160   1642
12430   1493
1170   1642
12440   1493
1180   1642
12450   1493
1190   1642
12460   1493
1200   1642
12470   1493
1210   1642
12480   1493
1220   1642
12490   1493
1230   1642
1240   1642
12500   1493
1250   1642
12510   1493
1260   1642
12520   1493
1270   1642
1280   1642
12530   1493
1290   1642
12540   1493
1300   1642
12550   1493
1310   1642
12560   1493
1320   1642
12570   1493
1330   1642
1340   1642
12580   1493
1350   1642
12590   1493
1360   1642
12600   1493
1370   1642
12610   1493
1380   1642
12620   1493
1390   1642
1400   1642
12630   1493
12640   1493
1410   1642
1420   1642
12650   1493
1430   1642
12660   1493
1440   1642
1450   1642
12670   1493
1460   1642
12680   1493
1470   1642
12690   1493
1480   1642
12700   1493
1490   1642
1500   1642
12710   1493
1510   1503
12720   1493
1520   1503
12730   1493
1530   1503
12740   1493
1540   1503
12750   1493
1550   1503
12760   1493
1560   1503
1570   1503
12770   1493
1580   1503
12780   1493
1590   1503
12790   1493
1600   1503
12800   1493
1610   1503
12810   1493
1620   1503
12820   1493
1630   1503
1640   1503
12830   1493
1650   1503
12840   1493
1660   1503
12850   1493
1670   1503
12860   1493
1680   1503
12870   1493
1690   1503
12880   1493
1700   1503
12890   1493
1710   1503
12900   1493
1720   1503
12910   1493
1730   1503
12920   1493
1740   1503
1750   1503
12930   1493
1760   1503
1770   1503
12940   1493
1780   1503
1790   1503
12950   1493
1800   1503
12960   1493
1810   1503
1820   1503
12970   1493
1830   1503
1840   1503
1850   1503
12980   1493
1860   1503
12990   1493
1870   1503
1880   1503
13000   1493
1890   1503
1900   1503
13010   1493
1910   1503
1920   1503
13020   1493
1930   1503
1940   1503
13030   1493
1950   1503
1960   1503
13040   1493
1970   1503
13050   1493
1980   1503
1990   1503
13060   1493
2000   1503
2010   1503
13070   1493
2020   1503
2030   1503
13080   1493
2040   1503
2050   1503
13090   1493
2060   1503
2070   1503
13100   1493
2080   1503
13110   1493
2090   1503
2100   1503
2110   1503
13120   1493
2120   1503
2130   1503
13130   1493
2140   1503
2150   1503
13140   1493
2160   1503
13150   1493
2170   1503
2180   1503
13160   1493
2190   1503
2200   1503
13170   1493
2210   1503
2220   1503
13180   1493
2230   1503
2240   1503
13190   1493
2250   1503
13200   1493
2260   1503
2270   1503
13210   1493
2280   1503
2290   1503
13220   1493
2300   1503
2310   1503
13230   1493
2320   1503
2330   1503
13240   1493
2340   1503
2350   1503
13250   1493
2360   1503
2370   1503
13260   1493
2380   1503
2390   1503
13270   1493
2400   1503
2410   1503
13280   1493
2420   1503
2430   1503
13290   1493
2440   1503
2450   1503
13300   1493
2460   1503
2470   1503
13310   1493
2480   1503
2490   1503
13320   1493
2500   1503
2510   1503
13330   1493
2520   1503
2530   1503
13340   1493
2540   1503
13350   1493
2550   1503
2560   1503
13360   1493
2570   1503
2580   1503
13370   1493
2590   1503
2600   1503
13380   1493
2610   1503
2620   1503
13390   1493
2630   1503
2640   1503
13400   1493
2650   1503
2660   1503
13410   1493
2670   1503
13420   1493
2680   1503
2690   1503
13430   1493
2700   1503
2710   1503
13440   1493
2720   1503
2730   1503
13450   1493
2740   1503
2750   1503
13460   1493
2760   1503
2770   1503
13470   1493
2780   1503
2790   1503
13480   1493
2800   1503
2810   1503
13490   1493
2820   1503
2830   1503
13500   1493
2840   1503
13510   1493
2850   1503
2860   1503
13520   1493
2870   1503
2880   1503
13530   1493
2890   1503
2900   1503
13540   1493
2910   1503
13550   1493
2920   1503
13560   1493
2930   1503
2940   1503
13570   1493
2950   1503
13580   1493
2960   1503
13590   1493
2970   1503
13600   1493
2980   1503
13610   1493
2990   1503
13620   1493
3000   1503
13630   1493
3010   1503
13640   1493
3020   1503
13650   1493
3030   1503
3040   1503
13660   1493
3050   1503
13670   1493
3060   1503
13680   1493
3070   1503
13690   1493
3080   1503
13700   1493
3090   1503
3100   1503
13710   1493
3110   1503
13720   1493
3120   1503
13730   1493
3130   1503
3140   1503
13740   1493
3150   1503
13750   1493
3160   1503
13760   1493
3170   1503
3180   1503
13770   1493
3190   1503
13780   1493
3200   1503
13790   1493
3210   1503
13800   1493
3220   1503
3230   1503
13810   1493
3240   1503
13820   1493
3250   1503
13830   1493
3260   1503
13840   1493
3270   1503
13850   1493
3280   1503
3290   1503
13860   1493
3300   1503
13870   1493
3310   1503
13880   1493
3320   1503
3330   1503
13890   1493
3340   1503
13900   1493
3350   1503
13910   1493
3360   1503
13920   1493
3370   1503
13930   1493
3380   1503
3390   1503
13940   1493
3400   1503
13950   1493
3410   1503
13960   1493
3420   1503
13970   1493
3430   1503
3440   1503
13980   1493
3450   1503
13990   1493
3460   1503
14000   1493
3470   1503
14010   1493
14020   1493
3480   1503
3490   1503
14030   1493
14040   1493
3500   1503
14050   1493
3510   1503
14060   1493
3520   1503
14070   1493
3530   1503
14080   1493
3540   1503
14090   1493
14100   1493
3550   1503
14110   1493
3560   1503
3570   1503
14120   1493
3580   1503
14130   1493
3590   1503
3600   1503
14140   1493
3610   1503
14150   1493
3620   1503
14160   1493
3630   1503
3640   1503
14170   1493
3650   1503
14180   1493
3660   1503
14190   1493
3670   1503
14200   1493
14210   1493
3680   1503
14220   1493
3690   1503
14230   1493
3700   1503
14240   1493
3710   1503
3720   1503
14250   1493
3730   1503
14260   1493
3740   1503
14270   1493
3750   1503
14280   1493
3760   1503
14290   1493
3770   1503
14300   1493
3780   1503
3790   1503
14310   1493
3800   1503
14320   1493
3810   1503
14330   1493
3820   1503
3830   1503
14340   1493
3840   1503
14350   1493
3850   1503
14360   1493
3860   1503
14370   1493
3870   1503
3880   1503
14380   1493
3890   1503
14390   1493
3900   1503
14400   1493
3910   1503
3920   1503
14410   1493
3930   1503
3940   1503
14420   1493
3950   1503
14430   1493
3960   1503
14440   1493
3970   1503
14450   1493
3980   1503
3990   1503
14460   1493
4000   1503
14470   1493
4010   1503
14480   1493
4020   1503
4030   1503
14490   1493
4040   1503
4050   1503
14500   1493
4060   1503
4070   1503
14510   1493
4080   1503
14520   1493
4090   1503
14530   1493
4100   1503
14540   1493
4110   1503
4120   1503
14550   1493
4130   1503
4140   1503
14560   1493
4150   1503
4160   1503
14570   1493
4170   1503
4180   1503
14580   1493
4190   1503
14590   1493
4200   1503
4210   1503
14600   1493
4220   1503
4230   1503
14610   1493
4240   1503
4250   1503
14620   1493
4260   1503
14630   1493
4270   1503
4280   1503
14640   1493
4290   1503
14650   1493
4300   1503
14660   1493
4310   1503
4320   1503
14670   1493
4330   1503
14680   1493
4340   1503
14690   1493
4350   1503
4360   1503
14700   1493
4370   1503
4380   1503
14710   1493
4390   1503
14720   1493
4400   1503
14730   1493
4410   1503
4420   1503
14740   1493
4430   1503
4440   1503
14750   1493
4450   1503
14760   1493
4460   1503
4470   1503
14770   1493
4480   1503
4490   1503
14780   1493
4500   1503
4510   1503
14790   1493
4520   1503
14800   1493
4530   1503
4540   1503
14810   1493
4550   1503
14820   1493
4560   1503
4570   1503
14830   1493
4580   1503
4590   1503
14840   1493
4600   1503
14850   1493
4610   1503
4620   1503
14860   1493
4630   1503
14870   1493
4640   1503
14880   1493
4650   1503
4660   1503
14890   1493
4670   1503
14900   1493
4680   1503
4690   1503
14910   1493
4700   1503
14920   1493
4710   1503
14930   1493
14940   1493
4720   1503
4730   1503
14950   1493
4740   1503
4750   1503
14960   1493
4760   1503
14970   1493
4770   1503
4780   1503
14980   1493
4790   1503
14990   1493
4800   1503
15000   1493
4810   1503
15010   1493
4820   1503
4830   1503
15020   1493
4840   1503
15030   1493
4850   1503
15040   1493
4860   1503
15050   1493
4870   1503
15060   1493
4880   1503
4890   1503
15070   1493
4900   1503
4910   1503
15080   1493
4920   1503
15090   1493
4930   1503
4940   1503
15100   1493
4950   1503
4960   1503
15110   1493
4970   1503
15120   1493
4980   1503
15130   1493
4990   1503
5000   1503
15140   1493
5010   1503
15150   1493
5020   1503
5030   1503
15160   1493
5040   1503
15170   1493
5050   1503
5060   1503
15180   1493
5070   1503
15190   1493
5080   1503
15200   1493
5090   1503
15210   1493
5100   1503
15220   1493
5110   1503
15230   1493
5120   1503
5130   1503
15240   1493
5140   1503
15250   1493
5150   1503
5160   1503
15260   1493
5170   1503
15270   1493
5180   1503
15280   1493
5190   1503
5200   1503
15290   1493
5210   1503
15300   1493
5220   1503
15310   1493
5230   1503
5240   1503
15320   1493
5250   1503
5260   1503
15330   1493
5270   1503
15340   1493
5280   1503
15350   1493
5290   1503
15360   1493
5300   1503
15370   1493
5310   1503
5320   1503
15380   1493
5330   1503
15390   1493
5340   1503
5350   1503
15400   1493
5360   1503
15410   1493
5370   1503
5380   1503
15420   1493
5390   1503
15430   1493
5400   1503
5410   1503
15440   1493
5420   1503
15450   1493
5430   1503
15460   1493
5440   1503
15470   1493
5450   1503
15480   1493
5460   1503
5470   1503
15490   1493
5480   1503
5490   1503
15500   1493
5500   1503
5510   1503
15510   1493
5520   1503
15520   1493
5530   1503
15530   1493
5540   1503
5550   1503
15540   1493
5560   1493
15550   1493
5570   1493
5580   1493
15560   1493
5590   1493
15570   1493
5600   1493
5610   1493
15580   1493
5620   1493
5630   1493
15590   1493
5640   1493
15600   1493
5650   1493
5660   1493
15610   1493
5670   1493
15620   1493
5680   1493
5690   1493
15630   1493
15640   1493
5700   1493
5710   1493
15650   1493
5720   1493
5730   1493
15660   1493
5740   1493
15670   1493
5750   1493
5760   1493
15680   1493
5770   1493
15690   1493
5780   1493
5790   1493
15700   1493
5800   1493
15710   1493
5810   1493
5820   1493
15720   1493
5830   1493
15730   1493
5840   1493
5850   1493
15740   1493
5860   1493
15750   1493
15760   1493
5870   1493
15770   1493
5880   1493
5890   1493
15780   1493
15790   1493
5900   1493
15800   1493
5910   1493
15810   1493
5920   1493
5930   1493
5940   1493
15820   1493
5950   1493
5960   1493
15830   1493
5970   1493
15840   1493
5980   1493
5990   1493
15850   1493
6000   1493
15860   1493
6010   1493
6020   1493
15870   1493
6030   1493
15880   1493
6040   1493
15890   1493
6050   1493
6060   1493
15900   1493
6070   1493
6080   1493
15910   1493
6090   1493
15920   1493
6100   1493
6110   1493
15930   1493
6120   1493
6130   1493
15940   1493
6140   1493
15950   1493
6150   1493
6160   1493
15960   1493
6170   1493
15970   1493
6180   1493
15980   1493
6190   1493
6200   1493
15990   1493
6210   1493
6220   1493
16000   1493
6230   1493
16010   1493
6240   1493
16020   1493
6250   1493
16030   1493
6260   1493
6270   1493
16040   1493
6280   1493
16050   1493
6290   1493
6300   1493
16060   1493
6310   1493
16070   1493
6320   1493
16080   1493
6330   1493
6340   1493
16090   1493
6350   1493
16100   1493
6360   1493
6370   1493
16110   1493
6380   1493
16120   1493
6390   1493
16130   1493
6400   1493
16140   1493
6410   1493
16150   1493
6420   1493
6430   1493
16160   1493
6440   1493
16170   1493
6450   1493
6460   1493
16180   1493
6470   1493
16190   1493
6480   1493
6490   1493
16200   1493
6500   1493
6510   1493
16210   1493
6520   1493
16220   1493
6530   1493
16230   1493
6540   1493
16240   1493
6550   1493
6560   1493
16250   1493
6570   1493
16260   1493
6580   1493
6590   1493
16270   1493
6600   1493
16280   1493
6610   1493
16290   1493
6620   1493
16300   1493
6630   1493
16310   1493
6640   1493
16320   1493
6650   1493
16330   1493
6660   1493
6670   1493
16340   1493
6680   1493
16350   1493
6690   1493
16360   1493
6700   1493
6710   1493
16370   1493
6720   1493
16380   1493
6730   1493
6740   1493
16390   1493
6750   1493
16400   1493
6760   1493
16410   1493
6770   1493
6780   1493
16420   1493
6790   1493
6800   1493
16430   1493
6810   1493
16440   1493
6820   1493
16450   1493
6830   1493
6840   1493
16460   1493
6850   1493
6860   1493
16470   1493
6870   1493
16480   1493
6880   1493
6890   1493
16490   1493
6900   1493
16500   1493
6910   1493
16510   1493
6920   1493
6930   1493
16520   1493
6940   1493
16530   1493
6950   1493
16540   1493
6960   1493
16550   1493
6970   1493
6980   1493
16560   1493
6990   1493
16570   1493
7000   1493
7010   1493
16580   1493
7020   1493
16590   1493
7030   1493
16600   1493
7040   1493
7050   1493
16610   1493
7060   1493
16620   1493
7070   1493
16630   1493
7080   1493
7090   1493
16640   1493
7100   1493
16650   1493
7110   1493
16660   1493
7120   1493
7130   1493
16670   1493
7140   1493
7150   1493
16680   1493
7160   1493
16690   1493
7170   1493
16700   1493
7180   1493
7190   1493
16710   1493
7200   1493
16720   1493
7210   1493
7220   1493
16730   1493
7230   1493
16740   1493
7240   1493
7250   1493
16750   1493
7260   1493
16760   1493
7270   1493
16770   1493
7280   1493
16780   1493
7290   1493
7300   1493
16790   1493
7310   1493
16800   1493
7320   1493
7330   1493
16810   1493
7340   1493
16820   1493
7350   1493
16830   1493
7360   1493
16840   1493
7370   1493
16850   1493
7380   1493
7390   1493
16860   1493
7400   1493
16870   1493
7410   1493
7420   1493
16880   1493
7430   1493
16890   1493
7440   1493
7450   1493
16900   1493
7460   1493
16910   1493
7470   1493
7480   1493
16920   1493
7490   1493
16930   1493
7500   1493
7510   1493
16940   1493
7520   1493
16950   1493
7530   1493
7540   1493
16960   1493
7550   1493
16970   1493
7560   1493
7570   1493
16980   1493
7580   1493
7590   1493
16990   1493
7600   1493
17000   1493
7610   1493
17010   1493
7620   1493
7630   1493
17020   1493
7640   1493
7650   1493
17030   1493
17040   1493
7660   1493
7670   1493
17050   1493
7680   1493
17060   1493
7690   1493
17070   1493
7700   1493
17080   1493
7710   1493
17090   1493
17100   1493
7720   1493
17110   1493
7730   1493
17120   1493
7740   1493
7750   1493
17130   1493
7760   1493
7770   1493
17140   1493
17150   1493
7780   1493
17160   1493
7790   1493
17170   1493
7800   1493
17180   1493
7810   1493
7820   1493
17190   1493
7830   1493
17200   1493
7840   1493
17210   1493
7850   1493
7860   1493
17220   1493
17230   1493
7870   1493
17240   1493
7880   1493
17250   1493
7890   1493
7900   1493
17260   1493
7910   1493
17270   1493
7920   1493
7930   1493
17280   1493
7940   1493
17290   1493
7950   1493
17300   1493
7960   1493
17310   1493
7970   1493
7980   1493
17320   1493
7990   1493
17330   1493
8000   1493
8010   1493
17340   1493
8020   1493
17350   1493
8030   1493
17360   1493
8040   1493
8050   1493
17370   1493
8060   1493
17380   1493
8070   1493
8080   1493
17390   1493
8090   1493
17400   1493
8100   1493
8110   1493
17410   1493
8120   1493
17420   1493
8130   1493
17430   1493
8140   1493
8150   1493
17440   1493
8160   1493
17450   1493
8170   1493
17460   1493
8180   1493
8190   1493
17470   1493
8200   1493
17480   1493
8210   1493
17490   1493
8220   1493
17500   1493
8230   1493
8240   1493
17510   1493
8250   1493
17520   1493
8260   1493
8270   1493
17530   1493
8280   1493
17540   1493
8290   1493
8300   1493
17550   1493
8310   1493
17560   1493
8320   1493
8330   1493
17570   1493
8340   1493
17580   1493
8350   1493
17590   1493
8360   1493
8370   1493
17600   1493
8380   1493
8390   1493
17610   1493
8400   1493
17620   1493
8410   1493
17630   1493
8420   1493
17640   1493
8430   1493
17650   1493
8440   1493
17660   1493
17670   1493
8450   1493
17680   1493
8460   1493
8470   1493
17690   1493
8480   1493
17700   1493
8490   1493
17710   1493
8500   1493
17720   1493
8510   1493
17730   1493
8520   1493
8530   1493
17740   1493
8540   1493
17750   1493
8550   1493
17760   1493
8560   1493
17770   1493
8570   1493
17780   1493
8580   1493
17790   1493
8590   1493
8600   1493
17800   1493
8610   1493
17810   1493
8620   1493
17820   1493
8630   1493
8640   1493
17830   1493
8650   1493
8660   1493
17840   1493
8670   1493
17850   1493
8680   1493
17860   1493
8690   1493
17870   1493
8700   1493
17880   1493
8710   1493
8720   1493
17890   1493
8730   1493
8740   1493
17900   1493
8750   1493
8760   1493
17910   1493
8770   1493
8780   1493
17920   1493
8790   1493
17930   1493
8800   1493
17940   1493
8810   1493
17950   1493
8820   1493
17960   1493
8830   1493
8840   1493
17970   1493
8850   1493
17980   1493
8860   1493
8870   1493
17990   1493
8880   1493
18000   1493
8890   1493
8900   1493
18010   1493
8910   1493
8920   1493
18020   1493
8930   1493
8940   1493
18030   1493
18040   1493
8950   1493
18050   1493
8960   1493
8970   1493
18060   1493
8980   1493
18070   1493
8990   1493
9000   1493
18080   1493
9010   1493
9020   1493
18090   1493
9030   1493
9040   1493
18100   1493
9050   1493
18110   1493
9060   1493
18120   1493
9070   1493
18130   1493
9080   1493
18140   1493
9090   1493
9100   1493
18150   1493
9110   1493
18160   1493
9120   1493
9130   1493
18170   1493
9140   1493
9150   1493
18180   1493
9160   1493
9170   1493
18190   1493
9180   1493
9190   1493
18200   1493
9200   1493
9210   1493
18210   1493
9220   1493
9230   1493
18220   1493
9240   1493
18230   1493
9250   1493
9260   1493
18240   1493
9270   1493
18250   1493
9280   1493
18260   1493
9290   1493
18270   1493
9300   1493
9310   1493
18280   1493
9320   1493
18290   1493
9330   1493
18300   1493
9340   1493
18310   1493
9350   1493
18320   1493
9360   1493
18330   1493
9370   1493
18340   1493
9380   1493
9390   1493
18350   1493
9400   1493
18360   1493
9410   1493
18370   1493
9420   1493
9430   1493
18380   1493
9440   1493
18390   1493
9450   1493
18400   1493
9460   1493
9470   1493
18410   1493
9480   1493
9490   1493
18420   1493
9500   1493
9510   1493
18430   1493
9520   1493
18440   1493
9530   1493
9540   1493
18450   1493
9550   1493
9560   1493
18460   1493
9570   1493
18470   1493
9580   1493
9590   1493
18480   1493
9600   1493
9610   1493
18490   1493
9620   1493
18500   1493
9630   1493
9640   1493
18510   1493
9650   1493
9660   1493
18520   1493
9670   1493
18530   1493
9680   1493
9690   1493
18540   1493
9700   1493
9710   1493
18550   1493
9720   1493
18560   1493
9730   1493
18570   1493
9740   1493
9750   1493
18580   1493
9760   1493
18590   1493
9770   1493
9780   1493
18600   1493
9790   1493
18610   1493
9800   1493
9810   1493
18620   1493
9820   1493
18630   1493
9830   1493
18640   1493
9840   1493
9850   1493
18650   1493
9860   1493
18660   1493
9870   1493
18670   1493
9880   1493
9890   1493
18680   1493
9900   1493
9910   1493
18690   1493
9920   1493
18700   1493
9930   1493
9940   1493
18710   1493
9950   1493
18720   1493
9960   1493
18730   1493
9970   1493
9980   1493
18740   1493
9990   1493
18750   1493
10000   1493
10010   1493
18760   1493
10020   1493
18770   1493
10030   1493
10040   1493
18780   1493
10050   1493
18790   1493
10060   1493
10070   1493
18800   1493
10080   1493
10090   1493
18810   1493
10100   1493
18820   1493
10110   1493
18830   1493
10120   1493
10130   1493
18840   1493
10140   1493
18850   1493
10150   1493
18860   1493
10160   1493
18870   1493
10170   1493
18880   1493
10180   1493
18890   1493
10190   1493
18900   1493
10200   1493
10210   1493
18910   1493
10220   1493
18920   1493
10230   1493
18930   1493
10240   1493
18940   1493
10250   1493
18950   1493
10260   1493
18960   1493
10270   1493
18970   1493
10280   1493
18980   1493
10290   1493
10300   1493
18990   1493
10310   1493
10320   1493
19000   1493
10330   1493
19010   1493
10340   1493
19020   1493
10350   1493
19030   1493
10360   1493
10370   1493
19040   1493
10380   1493
19050   1493
10390   1493
19060   1493
10400   1493
10410   1493
19070   1493
10420   1493
19080   1493
10430   1493
10440   1493
19090   1493
10450   1493
19100   1493
10460   1493
10470   1493
19110   1493
10480   1493
19120   1493
10490   1493
10500   1493
19130   1493
10510   1493
19140   1493
10520   1493
10530   1493
19150   1493
10540   1493
19160   1493
10550   1493
19170   1493
19180   1493
10560   1493
19190   1493
10570   1493
19200   1493
10580   1493
19210   1493
10590   1493
19220   1493
10600   1493
19230   1493
10610   1493
10620   1493
19240   1493
10630   1493
19250   1493
10640   1493
19260   1493
10650   1493
10660   1493
19270   1493
19280   1493
10670   1493
10680   1493
19290   1493
10690   1493
19300   1493
10700   1493
19310   1493
10710   1493
19320   1493
10720   1493
19330   1493
10730   1493
19340   1493
10740   1493
10750   1493
19350   1493
19360   1493
10760   1493
19370   1493
10770   1493
10780   1493
19380   1493
10790   1493
19390   1493
10800   1493
19400   1493
10810   1493
19410   1493
10820   1493
10830   1493
19420   1493
10840   1493
19430   1493
10850   1493
19440   1493
10860   1493
10870   1493
19450   1493
10880   1493
19460   1493
10890   1493
19470   1493
10900   1493
19480   1493
10910   1493
19490   1493
10920   1493
10930   1493
19500   1493
10940   1493
19510   1493
10950   1493
19520   1493
10960   1493
10970   1493
19530   1493
10980   1493
10990   1493
19540   1493
19550   1493
11000   1493
19560   1493
11010   1493
11020   1493
19570   1493
11030   1493
19580   1493
11040   1493
11050   1493
19590   1493
11060   1493
19600   1493
11070   1493
11080   1493
19610   1493
19620   1493
11090   1493
19630   1493
11100   1493
11110   1493
19640   1493
11120   1493
19650   1493
11130   1493
19660   1493
11140   1493
11150   1493
19670   1493
11160   1493
11170   1493
11180   1493
11190   1493
11200   1493
19690   1493
11210   1493
11220   1493
19700   1493
11230   1493
11240   1493
19710   1493
11250   1493
11260   1493
19720   1493
11270   1493
11280   1493
19730   1493
11290   1493
11300   1493
19740   1493
11310   1493
11320   1493
19750   1493
11330   1493
11340   1493
11350   1493
19760   1493
11360   1493
11370   1493
19770   1493
11380   1493
11390   1493
19780   1493
11400   1493
11410   1493
19790   1493
11420   1493
11430   1493
19800   1493
11440   1493
11450   1493
19810   1493
11460   1493
11470   1493
19820   1493
11480   1493
11490   1493
19830   1493
11500   1493
11510   1493
19840   1493
11520   1493
11530   1493
19850   1493
11540   1493
11550   1493
19860   1493
11560   1493
11570   1493
19870   1493
11580   1493
11590   1493
19880   1493
11600   1493
11610   1493
19890   1493
11620   1493
11630   1493
11640   1493
19900   1493
11650   1493
11660   1493
19910   1493
11670   1493
11680   1493
19920   1493
11690   1493
11700   1493
19930   1493
11710   1493
19940   1493
11720   1493
19950   1493
11730   1493
19960   1493
11740   1493
19970   1493
11750   1493
19980   1493
11760   1493
11770   1493
19990   1493
11780   1493
20000   1493
11790   1493
20010   1493
11800   1493
20020   1493
11810   1493
11820   1493
20030   1493
11830   1493
20040   1493
11840   1493
20050   1493
11850   1493
20060   1493
11860   1493
20070   1493
11870   1493
11880   1493
20080   1493
11890   1493
20090   1493
11900   1493
20100   1493
11910   1493
20110   1493
11920   1493
20120   1493
11930   1493
20130   1493
11940   1493
20140   1493
11950   1493
20150   1493
20160   1493
11960   1493
20170   1493
11970   1493
11980   1493
20180   1493
11990   1493
12000   1493
20190   1493
12010   1493
20200   1493
12020   1493
12030   1493
20210   1493
12040   1493
20220   1493
12050   1493
12060   1493
20230   1493
12070   1493
12080   1493
20240   1493
12090   1493
12100   1493
20250   1493
12110   1493
12120   1493
20260   1493
12130   1493
12140   1493
20270   1493
12150   1493
12160   1493
20280   1493
12170   1493
12180   1493
20290   1493
12190   1493
12200   1493
20300   1493
12210   1493
12220   1493
20310   1493
12230   1493
12240   1493
12250   1493
20320   1493
12260   1493
12270   1493
20330   1493
12280   1493
12290   1493
12300   1493
20340   1493
12310   1493
12320   1493
20350   1493
12330   1493
12340   1493
20360   1493
12350   1493
12360   1493
20370   1493
12370   1493
12380   1493
12390   1493
20380   1493
12400   1493
12410   1493
20390   1493
12420   1493
12430   1493
12440   1493
20400   1493
12450   1493
12460   1493
20410   1493
12470   1493
12480   1493
20420   1493
12490   1493
12500   1493
12510   1493
20430   1493
12520   1493
12530   1493
20440   1493
12540   1493
12550   1493
20450   1493
12560   1493
12570   1493
20460   1493
12580   1493
12590   1493
12600   1493
20470   1493
12610   1493
12620   1493
20480   1493
12630   1493
12640   1493
12650   1493
20490   1493
12660   1493
12670   1493
20500   1493
12680   1493
12690   1493
12700   1493
20510   1493
12710   1493
20520   1493
12720   1493
12730   1493
12740   1493
20530   1493
12750   1493
12760   1493
20540   1493
12770   1493
12780   1493
20550   1493
12790   1493
12800   1493
20560   1493
12810   1493
12820   1493
12830   1493
20570   1493
12840   1493
12850   1493
20580   1493
12860   1493
12870   1493
20590   1493
12880   1493
12890   1493
12900   1493
20600   1493
12910   1493
12920   1493
20610   1493
12930   1493
12940   1493
12950   1493
20620   1493
12960   1493
12970   1493
20630   1493
12980   1493
12990   1493
20640   1493
13000   1493
13010   1493
20650   1493
13020   1493
13030   1493
20660   1493
13040   1493
13050   1493
20670   1493
13060   1493
13070   1493
13080   1493
20680   1493
13090   1493
13100   1493
20690   1493
13110   1493
13120   1493
20700   1493
13130   1493
13140   1493
20710   1493
13150   1493
13160   1493
20720   1493
13170   1493
13180   1493
20730   1493
13190   1493
13200   1493
13210   1493
20740   1493
13220   1493
13230   1493
20750   1493
13240   1493
13250   1493
20760   1493
13260   1493
13270   1493
20770   1493
13280   1493
13290   1493
13300   1493
20780   1493
13310   1493
13320   1493
20790   1493
13330   1493
13340   1493
20800   1493
13350   1493
13360   1493
20810   1493
13370   1493
13380   1493
20820   1493
13390   1493
13400   1493
20830   1493
13410   1493
13420   1493
13430   1493
20840   1493
13440   1493
13450   1493
20850   1493
13460   1493
13470   1493
20860   1493
13480   1493
20870   1493
13490   1493
13500   1493
20880   1493
13510   1493
13520   1493
20890   1493
13530   1493
13540   1493
13550   1493
20900   1493
13560   1493
20910   1493
13570   1493
13580   1493
20920   1493
13590   1493
13600   1493
20930   1493
13610   1493
13620   1493
20940   1493
13630   1493
13640   1493
20950   1493
13650   1493
20960   1493
13660   1493
13670   1493
13680   1493
20970   1493
13690   1493
20980   1493
13700   1493
13710   1493
20990   1493
13720   1493
13730   1493
21000   1493
13740   1493
13750   1493
21010   1493
13760   1493
13770   1493
21020   1493
13780   1493
13790   1493
21030   1493
13800   1493
21040   1493
13810   1493
13820   1493
21050   1493
13830   1493
13840   1493
21060   1493
13850   1493
13860   1493
21070   1493
13870   1493
13880   1493
21080   1493
13890   1493
13900   1493
21090   1493
13910   1493
13920   1493
21100   1493
13930   1493
13940   1493
21110   1493
13950   1493
13960   1493
21120   1493
13970   1493
13980   1493
13990   1493
21130   1493
14000   1493
14010   1493
21140   1493
14020   1493
14030   1493
21150   1493
14040   1493
14050   1493
21160   1493
14060   1493
14070   1493
21170   1493
14080   1493
14090   1493
21180   1493
14100   1493
14110   1493
21190   1493
14120   1493
14130   1493
21200   1493
14140   1493
14150   1493
14160   1493
21210   1493
14170   1493
14180   1493
21220   1493
14190   1493
21230   1493
14200   1493
14210   1493
14220   1493
21240   1493
14230   1493
14240   1493
21250   1493
14250   1493
14260   1493
21260   1493
14270   1493
14280   1493
14290   1493
21270   1493
14300   1493
21280   1493
14310   1493
14320   1493
21290   1493
14330   1493
14340   1493
21300   1493
14350   1493
14360   1493
14370   1493
21310   1493
14380   1493
14390   1493
21320   1493
14400   1493
14410   1493
21330   1493
14420   1493
14430   1493
21340   1493
14440   1493
14450   1493
14460   1493
21350   1493
14470   1493
14480   1493
21360   1493
14490   1493
14500   1493
14510   1493
21370   1493
14520   1493
21380   1493
14530   1493
14540   1493
14550   1493
21390   1493
14560   1493
14570   1493
21400   1493
14580   1493
14590   1493
21410   1493
14600   1493
14610   1493
14620   1493
21420   1493
14630   1493
14640   1493
21430   1493
14650   1493
14660   1493
21440   1493
14670   1493
14680   1493
21450   1493
14690   1493
14700   1493
21460   1493
14710   1493
14720   1493
21470   1493
14730   1493
14740   1493
14750   1493
21480   1493
14760   1493
14770   1493
21490   1493
14780   1493
14790   1493
21500   1493
14800   1493
14810   1493
21510   1493
14820   1493
14830   1493
21520   1493
14840   1493
21530   1493
14850   1493
14860   1493
21540   1493
14870   1493
14880   1493
21550   1493
14890   1493
14900   1493
21560   1493
14910   1493
14920   1493
14930   1493
21570   1493
14940   1493
14950   1493
21580   1493
14960   1493
14970   1493
21590   1493
14980   1493
14990   1493
21600   1493
15000   1493
15010   1493
21610   1493
15020   1493
15030   1493
21620   1493
15040   1493
15050   1493
21630   1493
15060   1493
15070   1493
21640   1493
15080   1493
15090   1493
21650   1493
15100   1493
15110   1493
21660   1493
15120   1493
15130   1493
21670   1493
15140   1493
15150   1493
21680   1493
15160   1493
15170   1493
21690   1493
15180   1493
15190   1493
21700   1493
15200   1493
15210   1493
15220   1493
21710   1493
15230   1493
21720   1493
15240   1493
15250   1493
21730   1493
15260   1493
15270   1493
21740   1493
15280   1493
15290   1493
21750   1493
15300   1493
15310   1493
21760   1493
15320   1493
15330   1493
21770   1493
15340   1493
15350   1493
21780   1493
15360   1493
15370   1493
21790   1493
15380   1493
15390   1493
21800   1493
15400   1493
15410   1493
21810   1493
15420   1493
15430   1493
21820   1493
15440   1493
15450   1493
21830   1493
15460   1493
15470   1493
15480   1493
21840   1493
15490   1493
15500   1493
21850   1493
15510   1493
15520   1493
21860   1493
15530   1493
15540   1493
21870   1493
15550   1493
15560   1493
21880   1493
15570   1493
15580   1493
21890   1493
15590   1493
15600   1493
21900   1493
15610   1493
15620   1493
21910   1493
15630   1493
15640   1493
21920   1493
15650   1493
15660   1493
21930   1493
15670   1493
15680   1493
21940   1493
15690   1493
15700   1493
21950   1493
15710   1493
15720   1493
21960   1493
15730   1493
15740   1493
21970   1493
15750   1493
15760   1493
15770   1493
21980   1493
15780   1493
15790   1493
21990   1493
15800   1493
15810   1493
22000   1493
15820   1493
15830   1493
15840   1493
22010   1493
15850   1493
15860   1493
22020   1493
15870   1493
15880   1493
22030   1493
15890   1493
15900   1493
22040   1493
15910   1493
15920   1493
22050   1493
15930   1493
15940   1493
22060   1493
15950   1493
15960   1493
15970   1493
22070   1493
15980   1493
15990   1493
22080   1493
16000   1493
16010   1493
22090   1493
16020   1493
16030   1493
22100   1493
16040   1493
16050   1493
22110   1493
16060   1493
16070   1493
22120   1493
16080   1493
16090   1493
22130   1493
16100   1493
16110   1493
16120   1493
22140   1493
16130   1493
16140   1493
22150   1493
16150   1493
16160   1493
22160   1493
16170   1493
16180   1493
22170   1493
16190   1493
16200   1493
22180   1493
16210   1493
16220   1493
22190   1493
16230   1493
16240   1493
22200   1493
16250   1493
16260   1493
22210   1493
16270   1493
16280   1493
16290   1493
22220   1493
16300   1493
16310   1493
22230   1493
16320   1493
16330   1493
22240   1493
16340   1493
16350   1493
16360   1493
22250   1493
16370   1493
16380   1493
16390   1493
22260   1493
16400   1493
16410   1493
22270   1493
16420   1493
16430   1493
22280   1493
16440   1493
16450   1493
16460   1493
22290   1493
16470   1493
16480   1493
22300   1493
16490   1493
16500   1493
22310   1493
16510   1493
16520   1493
22320   1493
16530   1493
16540   1493
16550   1493
22330   1493
16560   1493
16570   1493
22340   1493
16580   1493
16590   1493
22350   1493
16600   1493
16610   1493
22360   1493
16620   1493
16630   1493
16640   1493
22370   1493
16650   1493
16660   1493
22380   1493
16670   1493
16680   1493
22390   1493
16690   1493
16700   1493
22400   1493
16710   1493
16720   1493
22410   1493
16730   1493
16740   1493
16750   1493
22420   1493
16760   1493
16770   1493
22430   1493
16780   1493
16790   1493
22440   1493
16800   1493
16810   1493
22450   1493
16820   1493
16830   1493
22460   1493
16840   1493
16850   1493
16860   1493
22470   1493
16870   1493
16880   1493
22480   1493
16890   1493
16900   1493
22490   1493
16910   1493
16920   1493
22500   1493
16930   1493
16940   1493
22510   1493
16950   1493
16960   1493
22520   1493
16970   1493
16980   1493
16990   1493
22530   1493
17000   1493
17010   1493
22540   1493
17020   1493
17030   1493
22550   1493
17040   1493
17050   1493
22560   1493
17060   1493
17070   1493
22570   1493
17080   1493
17090   1493
17100   1493
22580   1493
17110   1493
17120   1493
22590   1493
17130   1493
17140   1493
22600   1493
17150   1493
17160   1493
22610   1493
17170   1493
17180   1493
17190   1493
22620   1493
17200   1493
17210   1493
22630   1493
17220   1493
17230   1493
22640   1493
17240   1493
17250   1493
22650   1493
17260   1493
17270   1493
22660   1493
17280   1493
17290   1493
22670   1493
17300   1493
22680   1493
17310   1493
17320   1493
22690   1493
17330   1493
22700   1493
17340   1493
22710   1493
17350   1493
22720   1493
17360   1493
17370   1493
22730   1493
17380   1493
22740   1493
17390   1493
17400   1493
22750   1493
17410   1493
22760   1493
17420   1493
22770   1493
17430   1493
22780   1493
17440   1493
17450   1493
22790   1493
17460   1493
22800   1493
22810   1493
17470   1493
22820   1493
17480   1493
17490   1493
22830   1493
17500   1493
22840   1493
17510   1493
17520   1493
22850   1493
17530   1493
22860   1493
17540   1493
17550   1493
22870   1493
17560   1493
17570   1493
22880   1493
17580   1493
22890   1493
17590   1493
22900   1493
17600   1493
22910   1493
22920   1493
17610   1493
22930   1493
17620   1493
17630   1493
22940   1493
17640   1493
22950   1493
17650   1493
22960   1493
17660   1493
17670   1493
22970   1493
17680   1493
22980   1493
17690   1493
22990   1493
17700   1493
23000   1493
17710   1493
17720   1493
23010   1493
17730   1493
17740   1493
23020   1493
17750   1493
23030   1493
17760   1493
17770   1493
23040   1493
17780   1493
23050   1493
17790   1493
23060   1493
17800   1493
23070   1493
17810   1493
17820   1493
23080   1493
17830   1493
23090   1493
17840   1493
17850   1493
23100   1493
17860   1493
17870   1493
23110   1493
17880   1493
23120   1493
17890   1493
17900   1493
23130   1493
17910   1493
17920   1493
23140   1493
17930   1493
23150   1493
17940   1493
17950   1493
23160   1493
17960   1493
23170   1493
17970   1493
17980   1493
23180   1493
17990   1493
23190   1493
18000   1493
18010   1493
23200   1493
18020   1493
23210   1493
18030   1493
23220   1493
18040   1493
18050   1493
18060   1493
18070   1493
18080   1493
18090   1493
18100   1493
18110   1493
18120   1493
18130   1493
18140   1493
18150   1493
18160   1493
18170   1493
18180   1493
18190   1493
18200   1493
18210   1493
18220   1493
18230   1493
18240   1493
18250   1493
18260   1493
18270   1493
18280   1493
18290   1493
18300   1493
18310   1493
18320   1493
18330   1493
18340   1493
18350   1493
18360   1493
18370   1493
18380   1493
18390   1493
18400   1493
18410   1493
18420   1493
18430   1493
18440   1493
18450   1493
18460   1493
18470   1493
18480   1493
18490   1493
18500   1493
18510   1493
18520   1493
18530   1493
18540   1493
18550   1493
18560   1493
18570   1493
18580   1493
18590   1493
18600   1493
18610   1493
18620   1493
18630   1493
18640   1493
18650   1493
18660   1493
18670   1493
18680   1493
18690   1493
18700   1493
18710   1493
18720   1493
18730   1493
18740   1493
18750   1493
18760   1493
18770   1493
18780   1493
18790   1493
18800   1493
18810   1493
18820   1493
18830   1493
18840   1493
18850   1493
18860   1493
18870   1493
18880   1493
18890   1493
18900   1493
18910   1493
18920   1493
18930   1493
18940   1493
18950   1493
18960   1493
18970   1493
18980   1493
18990   1493
19000   1493
19010   1493
19020   1493
19030   1493
19040   1493
19050   1493
19060   1493
19070   1493
19080   1493
19090   1493
19100   1493
19110   1493
19120   1493
19130   1493
19140   1493
19150   1493
19160   1493
19170   1493
19180   1493
19190   1493
19200   1493
19210   1493
19220   1493
19230   1493
19240   1493
19250   1493
19260   1493
19270   1493
19280   1493
19290   1493
19300   1493
19310   1493
19320   1493
19330   1493
19340   1493
19350   1493
19360   1493
19370   1493
19380   1493
19390   1493
19400   1493
19410   1493
19420   1493
19430   1493
19440   1493
19450   1493
19460   1493
19470   1493
19480   1493
19490   1493
19500   1493
19510   1493
19520   1493
19530   1493
19540   1493
19550   1493
19560   1493
19570   1493
19580   1493
19590   1493
19600   1493
19610   1493
19620   1493
19630   1493
19640   1493
19650   1493
19660   1493
19670   1493
19680   1493
19690   1493
19700   1493
19710   1493
19720   1493
19730   1493
19740   1493
19750   1493
19760   1493
19770   1493
19780   1493
19790   1493
19800   1493
19810   1493
19820   1493
19830   1493
19840   1493
19850   1493
19860   1493
19870   1493
19880   1493
19890   1493
19900   1493
19910   1493
19920   1493
19930   1493
19940   1493
19950   1493
19960   1493
19970   1493
19980   1493
19990   1493
20000   1493
20010   1493
20020   1493
20030   1493
20040   1493
20050   1493
20060   1493
20070   1493
20080   1493
20090   1493
20100   1493
20110   1493
20120   1493
20130   1493
20140   1493
20150   1493
20160   1493
20170   1493
20180   1493
20190   1493
20200   1493
20210   1493
20220   1493
20230   1493
20240   1493
20250   1493
20260   1493
20270   1493
20280   1493
20290   1493
20300   1493
20310   1493
20320   1493
20330   1493
20340   1493
20350   1493
20360   1493
20370   1493
20380   1493
20390   1493
20400   1493
20410   1493
20420   1493
20430   1493
20440   1493
20450   1493
20460   1493
20470   1493
20480   1493
20490   1493
20500   1493
20510   1493
20520   1493
20530   1493
20540   1493
20550   1493
20560   1493
20570   1493
20580   1493
20590   1493
20600   1493
20610   1493
20620   1493
20630   1493
20640   1493
20650   1493
20660   1493
20670   1493
20680   1493
20690   1493
20700   1493
20710   1493
20720   1493
20730   1493
20740   1493
20750   1493
20760   1493
20770   1493
20780   1493
20790   1493
20800   1493
20810   1493
20820   1493
20830   1493
20840   1493
20850   1493
20860   1493
20870   1493
20880   1493
20890   1493
20900   1493
20910   1493
20920   1493
20930   1493
20940   1493
20950   1493
20960   1493
20970   1493
20980   1493
20990   1493
21000   1493
21010   1493
21020   1493
21030   1493
21040   1493
21050   1493
21060   1493
21070   1493
21080   1493
21090   1493
21100   1493
21110   1493
21120   1493
21130   1493
21140   1493
21150   1493
21160   1493
21170   1493
21180   1493
21190   1493
21200   1493
21210   1493
21220   1493
21230   1493
21240   1493
21250   1493
21260   1493
21270   1493
21280   1493
21290   1493
21300   1493
21310   1493
21320   1493
21330   1493
21340   1493
21350   1493
21360   1493
21370   1493
21380   1493
21390   1493
21400   1493
21410   1493
21420   1493
21430   1493
21440   1493
21450   1493
21460   1493
21470   1493
21480   1493
21490   1493
21500   1493
21510   1493
21520   1493
21530   1493
21540   1493
21550   1493
21560   1493
21570   1493
21580   1493
21590   1493
21600   1493
21610   1493
21620   1493
21630   1493
21640   1493
21650   1493
21660   1493
21670   1493
21680   1493
21690   1493
21700   1493
21710   1493
21720   1493
21730   1493
21740   1493
21750   1493
21760   1493
21770   1493
21780   1493
21790   1493
21800   1493
21810   1493
21820   1493
21830   1493
21840   1493
21850   1493
21860   1493
21870   1493
21880   1493
21890   1493
21900   1493
21910   1493
21920   1493
21930   1493
21940   1493
21950   1493
21960   1493
21970   1493
21980   1493
21990   1493
22000   1493
22010   1493
22020   1493
22030   1493
22040   1493
22050   1493
22060   1493
22070   1493
22080   1493
22090   1493
22100   1493
22110   1493
22120   1493
22130   1493
22140   1493
22150   1493
22160   1493
22170   1493
22180   1493
22190   1493
22200   1493
22210   1493
22220   1493
22230   1493
22240   1493
22250   1493
22260   1493
22270   1493
22280   1493
22290   1493
22300   1493
22310   1493
22320   1493
22330   1493
22340   1493
22350   1493
22360   1493
22370   1493
22380   1493
22390   1493
22400   1493
22410   1493
22420   1493
22430   1493
22440   1493
22450   1493
22460   1493
22470   1493
22480   1493
22490   1493
22500   1493
22510   1493
22520   1493
22530   1493
22540   1493
22550   1493
22560   1493
22570   1493
22580   1493
22590   1493
22600   1493
22610   1493
22620   1493
22630   1493
22640   1493
22650   1493
22660   1493
22670   1493
22680   1493
22690   1493
22700   1493
22710   1493
22720   1493
22730   1493
22740   1493
22750   1493
22760   1493
22770   1493
22780   1493
22790   1493
22800   1493
22810   1493
22820   1493
22830   1493
22840   1493
22850   1493
22860   1493
22870   1493
22880   1493
22890   1493
22900   1493
22910   1493
22920   1493
22930   1493
22940   1493
22950   1493
22960   1493
22970   1493
22980   1493
22990   1493
23000   1493
23010   1493
23020   1493
23030   1493
23040   1493
23050   1493
23060   1493
23070   1493
23080   1493
23090   1493
23100   1493
23110   1493
23120   1493
23130   1493
23140   1493
23150   1493
23160   1493
23170   1493
23180   1493
23190   1493
23200   1493
23210   1493
23220   1493
23230   1493
23240   1493
23250   1493
23260   1493
23270   1493
23280   1493
23290   1493
23300   1493
23310   1493
23320   1493
23330   1493
23340   1493
23350   1493
23360   1493
23370   1493
23380   1493
23390   1493
23400   1493
23410   1493
23420   1493
23430   1493
23440   1493
23450   1493
23460   1493
23470   1493
23480   1493
23490   1493
23500   1493
23510   1493
23520   1493
23530   1493
23540   1493
23550   1493
23560   1493
23570   1493
23580   1493
23590   1493
23600   1493
23610   1493
23620   1493
23630   1493
23640   1493
23650   1493
23660   1493
23670   1493
23680   1493
23690   1493
23700   1493
23710   1493
23720   1493
23730   1493
23740   1493
23750   1493
23760   1493
23770   1493
23780   1493
23790   1493
23800   1493
23810   1493
23820   1493
23830   1493
23840   1493
23850   1493
23860   1493
23870   1493
23880   1493
23890   1493
23900   1493
23910   1493
23920   1493
23930   1493
23940   1493
23950   1493
23960   1493
23970   1493
23980   1493
23990   1493
24000   1493
24010   1493
24020   1493
24030   1493
24040   1493
24050   1493
24060   1493
24070   1493
24080   1493
24090   1493
24100   1493
24110   1493
24120   1493
24130   1493
24140   1493
24150   1493
24160   1493
24170   1493
24180   1493
24190   1493
24200   1493
24210   1493
24220   1493
24230   1493
24240   1493
24250   1493
24260   1493
24270   1493
24280   1493
24290   1493
24300   1493
24310   1493
24320   1493
24330   1493
24340   1493
24350   1493
24360   1493
24370   1493
24380   1493
24390   1493
24400   1493
24410   1493
24420   1493
24430   1493
24440   1493
24450   1493
24460   1493
24470   1493
24480   1493
24490   1493
24500   1493
24510   1493
24520   1493
24530   1493
24540   1493
24550   1493
24560   1493
24570   1493
24580   1493
24590   1493
24600   1493
24610   1493
24620   1493
24630   1493
24640   1493
24650   1493
24660   1493
24670   1493
24680   1493
24690   1493
24700   1493
24710   1493
24720   1493
24730   1493
24740   1493
24750   1493
24760   1493
24770   1493
24780   1493
24790   1493
24800   1493
24810   1493
24820   1493
24830   1493
24840   1493
24850   1493
24860   1493
24870   1493
24880   1493
24890   1493
24900   1493
24910   1493
24920   1493
24930   1493
24940   1493
24950   1493
24960   1493
24970   1493
24980   1493
24990   1493
25000   1493
25010   1493
25020   1493
25030   1493
25040   1493
25050   1493
25060   1493
25070   1493
25080   1493
25090   1493
25100   1493
25110   1493
25120   1493
25130   1493
25140   1493
25150   1493
25160   1493
25170   1493
25180   1493
25190   1493
25200   1493
25210   1493
25220   1493
25230   1493
25240   1493
25250   1493
25260   1493
25270   1493
25280   1493
25290   1493
25300   1493
25310   1493
25320   1493
25330   1493
25340   1493
25350   1493
25360   1493
25370   1493
25380   1493
25390   1493
25400   1493
25410   1493
25420   1493
25430   1493
25440   1493
25450   1493
25460   1493
25470   1493
25480   1493
25490   1493
25500   1493
25510   1493
25520   1493
25530   1493
25540   1493
25550   1493
25560   1493
25570   1493
25580   1493
25590   1493
25600   1493
25610   1493
25620   1493
25630   1493
25640   1493
25650   1493
25660   1493
25670   1493
25680   1493
25690   1493
25700   1493
25710   1493
25720   1493
25730   1493
25740   1493
25750   1493
25760   1493
25770   1493
25780   1493
25790   1493
25800   1493
25810   1493
25820   1493
25830   1493
25840   1493
25850   1493
25860   1493
25870   1493
25880   1493
25890   1493
25900   1493
25910   1493
25920   1493
25930   1493
25940   1493
25950   1493
25960   1493
25970   1493
25980   1493
25990   1493
26000   1493
26010   1493
26020   1493
26030   1493
26040   1493
26050   1493
26060   1493
26070   1493
26080   1493
26090   1493
26100   1493
26110   1493
26120   1493
26130   1493
26140   1493
26150   1493
26160   1493
26170   1493
26180   1493
26190   1493
26200   1493
26210   1493
26220   1493
26230   1493
26240   1493
26250   1493
26260   1493
26270   1493
26280   1493
26290   1493
26300   1493
26310   1493
26320   1493
26330   1493
26340   1493
26350   1493
26360   1493
26370   1493
26380   1493
26390   1493
26400   1493
26410   1493
26420   1493
26430   1493
26440   1493
26450   1493
26460   1493
26470   1493
26480   1493
26490   1493
26500   1493
26510   1493
26520   1493
26530   1493
26540   1493
26550   1493
26560   1493
26570   1493
26580   1493
26590   1493
26600   1493
26610   1493
26620   1493
26630   1493
26640   1493
26650   1493
26660   1493
26670   1493
26680   1493
26690   1493
26700   1493
26710   1493
26720   1493
26730   1493
26740   1493
26750   1493
26760   1493
26770   1493
26780   1493
26790   1493
26800   1493
26810   1493
26820   1493
26830   1493
26840   1493
26850   1493
26860   1493
26870   1493
26880   1493
26890   1493
26900   1493
26910   1493
26920   1493
26930   1493
26940   1493
26950   1493
26960   1493
26970   1493
26980   1493
26990   1493
27000   1493
27010   1493
27020   1493
27030   1493
27040   1493
27050   1493
27060   1493
27070   1493
27080   1493
27090   1493
27100   1493
27110   1493
27120   1493
27130   1493
27140   1493
27150   1493
27160   1493
27170   1493
27180   1493
27190   1493
27200   1493
27210   1493
27220   1493
27230   1493
27240   1493
27250   1493
27260   1493
27270   1493
27280   1493
27290   1493
27300   1493
27310   1493
27320   1493
27330   1493
27340   1493
27350   1493
27360   1493
27370   1493
27380   1493
27390   1493
27400   1493
27410   1493
27420   1493
27430   1493
27440   1493
27450   1493
27460   1493
27470   1493
27480   1493
27490   1493
27500   1493
27510   1493
27520   1493
27530   1493
27540   1493
27550   1493
27560   1493
27570   1493
27580   1493
27590   1493
27600   1493
27610   1493
27620   1493
27630   1493
27640   1493
27650   1493
27660   1493
27670   1493
27680   1493
27690   1493
27700   1493
27710   1493
27720   1493
27730   1493
27740   1493
27750   1493
27760   1493
27770   1493
27780   1493
27790   1493
27800   1493
27810   1493
27820   1493
27830   1493
27840   1493
27850   1493
27860   1493
27870   1493
27880   1493
27890   1493
27900   1493
27910   1493
27920   1493
27930   1493
27940   1493
27950   1493
27960   1493
27970   1493
27980   1493
27990   1493
28000   1493
28010   1493
28020   1493
28030   1493
28040   1493
28050   1493
28060   1493
28070   1493
28080   1493
28090   1493
28100   1493
28110   1493
28120   1493
28130   1493
28140   1493
28150   1493
28160   1493
28170   1493
28180   1493
28190   1493
28200   1493
28210   1493
28220   1493
28230   1493
28240   1493
28250   1493
28260   1493
28270   1493
28280   1493
28290   1493
28300   1493
28310   1493
28320   1493
28330   1493
28340   1493
28350   1493
28360   1493
28370   1493
28380   1493
28390   1493
28400   1493
28410   1493
28420   1493
28430   1493
28440   1493
28450   1493
28460   1493
28470   1493
28480   1493
28490   1493
28500   1493
28510   1493
28520   1493
28530   1493
28540   1493
28550   1493
28560   1493
28570   1493
28580   1493
28590   1493
28600   1493
28610   1493
28620   1493
28630   1493
28640   1493
28650   1493
28660   1493
28670   1493
28680   1493
28690   1493
28700   1493
28710   1493
28720   1493
28730   1493
28740   1493
28750   1493
28760   1493
28770   1493
28780   1493
28790   1493
28800   1493
28810   1493
28820   1493
28830   1493
28840   1493
28850   1493
28860   1493
28870   1493
28880   1493
28890   1493
28900   1493
28910   1493
28920   1493
28930   1493
28940   1493
28950   1493
28960   1493
28970   1493
28980   1493
28990   1493
29000   1493
29010   1493
29020   1493
29030   1493
29040   1493
29050   1493
29060   1493
29070   1493
29080   1493
29090   1493
29100   1493
29110   1493
29120   1493
29130   1493
29140   1493
29150   1493
29160   1493
29170   1493
29180   1493
29190   1493
29200   1493
29210   1493
29220   1493
29230   1493
29240   1493
29250   1493
29260   1493
29270   1493
29280   1493
29290   1493
29300   1493
29310   1493
29320   1493
29330   1493
29340   1493
29350   1493
29360   1493
29370   1493
29380   1493
29390   1493
29400   1493
29410   1493
29420   1493
29430   1493
29440   1493
29450   1493
29460   1493
29470   1493
29480   1493
29490   1493
29500   1493
29510   1493
29520   1493
29530   1493
29540   1493
29550   1493
29560   1493
29570   1493
29580   1493
29590   1493
29600   1493
29610   1493
29620   1493
29630   1493
29640   1493
29650   1493
29660   1493
29670   1493
29680   1493
29690   1493
29700   1493
29710   1493
29720   1493
29730   1493
29740   1493
29750   1493
29760   1493
29770   1493
29780   1493
29790   1493
29800   1493
29810   1493
29820   1493
29830   1493
29840   1493
29850   1493
29860   1493
29870   1493
29880   1493
29890   1493
29900   1493
29910   1493
29920   1493
29930   1493
29940   1493
29950   1493
29960   1493
29970   1493
29980   1493
29990   1493
30000   1493
30010   1493
30020   1493
30030   1493
30040   1493
30050   1493
30060   1493
30070   1493
30080   1493
30090   1493
30100   1493
30110   1493
30120   1493
30130   1493
30140   1493
30150   1493
30160   1493
30170   1493
30180   1493
30190   1493
30200   1493
30210   1493
30220   1493
30230   1493
30240   1493
30250   1493
30260   1493
30270   1493
30280   1493
30290   1493
30300   1493
30310   1493
30320   1493
30330   1493
30340   1493
30350   1493
30360   1493
30370   1493
30380   1493
30390   1493
30400   1493
30410   1493
30420   1493
30430   1493
30440   1493
30450   1493
30460   1493
30470   1493
30480   1493
30490   1493
30500   1493
30510   1493
30520   1493
30530   1493
30540   1493
30550   1493
30560   1493
30570   1493
30580   1493
30590   1493
30600   1493
30610   1493
30620   1493
30630   1493
30640   1493
30650   1493
30660   1493
30670   1493
30680   1493
30690   1493
30700   1493
30710   1493
30720   1493
30730   1493
30740   1493
30750   1493
30760   1493
30770   1493
30780   1493
30790   1493
30800   1493
30810   1493
30820   1493
30830   1493
30840   1493
30850   1493
30860   1493
30870   1493
30880   1493
30890   1493
30900   1493
30910   1493
30920   1493
30930   1493
30940   1493
30950   1493
30960   1493
30970   1493
30980   1493
30990   1493
31000   1493
31010   1493
31020   1493
31030   1493
31040   1493
31050   1493
31060   1493
31070   1493
31080   1493
31090   1493
31100   1493
31110   1493
31120   1493
31130   1493
31140   1493
31150   1493
31160   1493
31170   1493
31180   1493
31190   1493
31200   1493
