10   2824
20   2692
30   2692
40   2692
50   2598
60   2598
70   2592
80   2380
90   2380
100   2380
110   2380
120   2380
130   2380
140   2380
150   2380
160   2380
170   2380
180   2380
190   2380
200   2380
210   2380
220   2380
230   2380
240   2380
250   2380
260   2380
270   2380
280   2380
290   2380
300   2380
310   2380
320   2380
330   2380
340   2380
350   2380
360   2380
370   2380
380   2380
390   2380
400   2380
410   2380
420   2380
430   2380
440   2380
450   2380
460   2380
470   2380
480   2380
490   2380
500   2380
510   2380
520   2380
530   2380
540   2380
550   2380
560   2380
570   2380
580   2380
590   2380
600   2380
610   2380
620   2380
630   2380
640   2380
650   2336
660   2336
670   2336
680   2336
690   2336
700   2336
710   2336
720   2336
730   2336
740   2336
750   2336
760   2336
770   2336
780   2336
790   2336
800   2336
810   2336
820   2336
830   2262
840   2262
850   2262
860   2262
870   2262
880   2262
890   2262
900   2262
910   2262
920   2262
930   2262
940   2262
950   2262
960   2262
970   2262
980   2262
990   2262
1000   2262
1010   2262
1020   2262
1030   2262
1040   2262
1050   2262
1060   2262
1070   2262
1080   2262
1090   2262
1100   2262
1110   2262
1120   2262
1130   2262
1140   2262
1150   2262
1160   2262
1170   2262
1180   2262
1190   2262
1200   2262
1210   2262
1220   2262
1230   2262
1240   2262
1250   2262
1260   2262
1270   2262
1280   2262
1290   2262
1300   2262
1310   2262
1320   2262
1330   2262
1340   2262
1350   2262
1360   2262
1370   2262
1380   2262
1390   2262
1400   2262
1410   2262
1420   2262
1430   2262
1440   2262
1450   2262
1460   2262
1470   2262
1480   2262
1490   2262
1500   2262
1510   2262
1520   2262
1530   2262
1540   2262
1550   2262
1560   2078
1570   2078
1580   2078
1590   2078
1600   2078
1610   2078
1620   2078
1630   2078
1640   2078
1650   2078
1660   2078
1670   2078
1680   2078
1690   2078
1700   2078
1710   2078
1720   2078
1730   2078
1740   2078
1750   2078
1760   2078
1770   2078
1780   2078
1790   2078
1800   2078
1810   2078
1820   2078
1830   2078
1840   2078
1850   2078
1860   2078
1870   2078
1880   2078
1890   2078
1900   2078
1910   2078
1920   2078
1930   2078
1940   2078
1950   2078
1960   2078
1970   2078
1980   2078
1990   2078
2000   2078
2010   2078
2020   2078
2030   2078
2040   2078
2050   2078
2060   2078
2070   2078
2080   2078
2090   2078
2100   2078
2110   2078
2120   2078
2130   2078
2140   2078
2150   2078
2160   2078
2170   2078
2180   2078
2190   2078
2200   2078
2210   2078
2220   2078
2230   2078
2240   2078
2250   2078
2260   2078
2270   2078
2280   2078
2290   2078
2300   2078
2310   2078
2320   2078
2330   2078
2340   2078
2350   2078
2360   2078
2370   2078
2380   2078
2390   2078
2400   2078
2410   2078
2420   2078
2430   2078
2440   2078
2450   2078
2460   2078
2470   2078
2480   2078
2490   2078
2500   2078
2510   2078
2520   2078
2530   2078
2540   2078
2550   2078
2560   2078
2570   2078
2580   2078
2590   2078
2600   2078
2610   2078
2620   2078
2630   2078
2640   2078
2650   2078
2660   2078
2670   2078
2680   2078
2690   2078
2700   2078
2710   2078
2720   2078
2730   2078
2740   2078
2750   2078
2760   2078
2770   2078
2780   2078
2790   2078
2800   2078
2810   2078
2820   2078
2830   2078
2840   2078
2850   2078
2860   2078
2870   2078
2880   2078
2890   2078
2900   2078
2910   2078
2920   2078
2930   2078
2940   2078
2950   2078
2960   2078
2970   2078
2980   2078
2990   2078
3000   2078
3010   2078
3020   2078
3030   2078
3040   2078
3050   2078
3060   2078
3070   2078
3080   2078
3090   2078
3100   2078
3110   2078
3120   2078
3130   2078
3140   2078
3150   2078
3160   2078
3170   2078
3180   2078
3190   2078
3200   2078
3210   2078
3220   2078
3230   2078
3240   2078
3250   2078
3260   2078
3270   2078
3280   2078
3290   2078
3300   2078
3310   2078
3320   2078
3330   2078
3340   2078
3350   2078
3360   2078
3370   2078
3380   2078
3390   2078
3400   2078
3410   2078
3420   2078
3430   2078
3440   2078
3450   2078
3460   2078
3470   2078
3480   2078
3490   2078
3500   2078
3510   2078
3520   2078
3530   2078
3540   2078
3550   2078
3560   2078
3570   2078
3580   2078
3590   2078
3600   2078
3610   2078
3620   2078
3630   2078
3640   2078
3650   2078
3660   2078
3670   2078
3680   2078
3690   2078
3700   2078
3710   2078
3720   2078
3730   2078
3740   2078
3750   2078
3760   2078
3770   2078
3780   2078
3790   2078
3800   2078
3810   2078
3820   2078
3830   2078
3840   2078
3850   2078
3860   2078
3870   2078
3880   2078
3890   2078
3900   2078
3910   2078
3920   2078
3930   2078
3940   2078
3950   2078
3960   2078
3970   2078
3980   2078
3990   2078
4000   2078
4010   2078
4020   2078
4030   2078
4040   2078
4050   2078
4060   2078
4070   2078
4080   2078
4090   2078
4100   2078
4110   2078
4120   2078
4130   2078
4140   2078
4150   2078
4160   2078
4170   2078
4180   2078
4190   2078
4200   2078
4210   2078
4220   2078
4230   2078
4240   2078
4250   2078
4260   2078
4270   2078
4280   2078
4290   2078
4300   2078
4310   2078
4320   2078
4330   2078
4340   2078
4350   2078
4360   2078
4370   2078
4380   2078
4390   2078
4400   2078
4410   2078
4420   2078
4430   2078
4440   2078
4450   2078
4460   2078
4470   2078
4480   2078
4490   2078
4500   2078
4510   2078
4520   2078
4530   2078
4540   2078
4550   2078
4560   2078
4570   2078
4580   2078
4590   2078
4600   2078
4610   2078
4620   2078
4630   2078
4640   2078
4650   2078
4660   2078
4670   2078
4680   2078
4690   2078
4700   2078
4710   2078
4720   2078
4730   2078
4740   2078
4750   2078
4760   2078
4770   2078
4780   2078
4790   2078
4800   2078
4810   2078
4820   2078
4830   2078
4840   2078
4850   2078
4860   2078
4870   2078
4880   2078
4890   2078
4900   2078
4910   2078
4920   2078
4930   2078
4940   2078
4950   2078
4960   2078
4970   2078
4980   2078
4990   2078
5000   2078
5010   2078
5020   2078
5030   2078
5040   2078
5050   2078
5060   2078
5070   2078
5080   2078
5090   2078
5100   2078
5110   2078
5120   2078
5130   2078
5140   2078
5150   2078
5160   2078
5170   2078
5180   2078
5190   2078
5200   2078
5210   2078
5220   2078
5230   2078
5240   2078
5250   2078
5260   2078
5270   2078
5280   2078
5290   2078
5300   2078
5310   2078
5320   2078
5330   2078
5340   2078
5350   2078
5360   2078
5370   2078
5380   2078
5390   2078
5400   2078
5410   2078
5420   2078
5430   2078
5440   2078
5450   2078
5460   2078
5470   2078
5480   2078
5490   2078
5500   2078
5510   2078
5520   2078
5530   2078
5540   2078
5550   2078
5560   2078
5570   2078
5580   2078
5590   2078
5600   2078
5610   2078
5620   2078
5630   2078
5640   2078
5650   2078
5660   2078
5670   2078
5680   2078
5690   2078
5700   2078
5710   2078
5720   2078
5730   2078
5740   2078
5750   2078
5760   2078
5770   2078
5780   2078
5790   2078
5800   2078
5810   2078
5820   2078
5830   2078
5840   2078
5850   2078
5860   2078
5870   2078
5880   2078
5890   2078
5900   2078
5910   2078
5920   2078
5930   2078
5940   2078
5950   2078
5960   2078
5970   2078
5980   2078
5990   2078
6000   2078
6010   2078
6020   2078
6030   2078
6040   2078
6050   2078
6060   2078
6070   2078
6080   2078
6090   2078
6100   2078
6110   2078
6120   2078
6130   2078
6140   2078
6150   2078
6160   2078
6170   2078
6180   2078
6190   2078
6200   2078
6210   2078
6220   2078
6230   2078
6240   2078
6250   2078
6260   2078
6270   2078
6280   2078
6290   2078
6300   2078
6310   2078
6320   2078
6330   2078
6340   2078
6350   2078
6360   2078
6370   2078
6380   2078
6390   2078
6400   2078
6410   2078
6420   2078
6430   2078
6440   2078
6450   2078
6460   2078
6470   2078
6480   2078
6490   2078
6500   2078
6510   2078
6520   2078
6530   2078
6540   2078
6550   2078
6560   2078
6570   2078
6580   2078
6590   2078
6600   2078
6610   2078
6620   2078
6630   2078
6640   2078
6650   2078
6660   2078
6670   2078
6680   2078
6690   2078
6700   2078
6710   2078
6720   2078
6730   2078
6740   2078
6750   2078
6760   2078
6770   2078
6780   2078
6790   2078
6800   2078
6810   2078
6820   2078
6830   2078
6840   2078
6850   2078
6860   2078
6870   2078
6880   2078
6890   2078
6900   2078
6910   2078
6920   2078
6930   2078
6940   2078
6950   2078
6960   2078
6970   2078
6980   2078
6990   2078
7000   2078
7010   2078
7020   2078
7030   2078
7040   2078
7050   2078
7060   2078
7070   2078
7080   2078
7090   2078
7100   2078
7110   2078
7120   2078
7130   2078
7140   2078
7150   2078
7160   2078
7170   2078
7180   2078
7190   2078
7200   2078
7210   2078
7220   2078
7230   2078
7240   2078
7250   2078
7260   2078
7270   2078
7280   2078
7290   2078
7300   2078
7310   2078
7320   2078
7330   2078
7340   2078
7350   2078
7360   2078
7370   2078
7380   2078
7390   2078
7400   2078
7410   2078
7420   2078
7430   2078
7440   2078
7450   2078
7460   2078
7470   2078
7480   2078
7490   2078
7500   2078
7510   2078
7520   2078
7530   2078
7540   2078
7550   2078
7560   2078
7570   2078
7580   2078
7590   2078
7600   2078
7610   2078
7620   2078
7630   2078
7640   2078
7650   2078
7660   2078
7670   2078
7680   2078
7690   2078
7700   2078
7710   2078
7720   2078
7730   2078
7740   2078
7750   2078
7760   2078
7770   2078
7780   2078
7790   2078
7800   2078
7810   2078
7820   2078
7830   2078
7840   2078
7850   2078
7860   2078
7870   2078
7880   2078
7890   2078
7900   2078
7910   2078
7920   2078
7930   2078
7940   2078
7950   2078
7960   2078
7970   2078
7980   2078
7990   2078
8000   2078
8010   2078
8020   2078
8030   2078
8040   2078
8050   2078
8060   2078
8070   2078
8080   2078
8090   2078
8100   2078
8110   2078
8120   2078
8130   2078
8140   2078
8150   2078
8160   2078
8170   2078
8180   2078
8190   2078
8200   2078
8210   2078
8220   2078
8230   2078
8240   2078
8250   2078
8260   2078
8270   2078
8280   2078
8290   2078
8300   2078
8310   2078
8320   2078
8330   2078
8340   2078
8350   2078
8360   2078
8370   2078
8380   2078
8390   2078
8400   2078
8410   2078
8420   2078
8430   2078
8440   2078
8450   2078
8460   2078
8470   2078
8480   2078
8490   2078
8500   2078
8510   2078
8520   2078
8530   2078
8540   2078
8550   2078
8560   2078
8570   2078
8580   2078
8590   2078
8600   2078
8610   2078
8620   2078
8630   2078
8640   2078
8650   2078
8660   2078
8670   2078
8680   2078
8690   2078
8700   2078
8710   2078
8720   2078
8730   2078
8740   2078
8750   2078
8760   2078
8770   2078
8780   2078
8790   2078
8800   2078
8810   2078
8820   2078
8830   2078
8840   2078
8850   2078
8860   2078
8870   2078
8880   2078
8890   2078
8900   2078
8910   2078
8920   2078
8930   2078
8940   2078
8950   2078
8960   2078
8970   2078
8980   2078
8990   2078
9000   2078
9010   2078
9020   2078
9030   2078
9040   2078
9050   2078
9060   2078
9070   2078
9080   2078
9090   2078
9100   2078
9110   2078
9120   2078
9130   2078
9140   2078
9150   2078
9160   2078
9170   2078
9180   2078
9190   2078
9200   2078
9210   2078
9220   2078
9230   2078
9240   2078
9250   2078
9260   2078
9270   2078
9280   2078
9290   2078
9300   2078
9310   2078
9320   2078
9330   2078
9340   2078
9350   2078
9360   2078
9370   2078
9380   2078
9390   2078
9400   2078
9410   2078
9420   2078
9430   2078
9440   2078
9450   2078
9460   2078
9470   2078
9480   2078
9490   2078
9500   2078
9510   2078
9520   2078
9530   2078
9540   2078
9550   2078
9560   2078
9570   2078
9580   2078
9590   2078
9600   2078
9610   2078
9620   2078
9630   2078
9640   2078
9650   2078
9660   2078
9670   2078
9680   2078
9690   2078
9700   2078
9710   2078
9720   2078
9730   2078
9740   2078
9750   2078
9760   2078
9770   2078
9780   2078
9790   2078
9800   2078
9810   2078
9820   2078
9830   2078
9840   2078
9850   2078
9860   2078
9870   2078
9880   2078
9890   2078
9900   2078
9910   2078
9920   2078
9930   2078
9940   2078
9950   2078
9960   2078
9970   2078
9980   2078
9990   2078
10000   2078
10010   2078
10020   2078
10030   2078
10040   2078
10050   2078
10060   2078
10070   2078
10080   2078
10090   2078
10100   2078
10110   2078
10120   2078
10130   2078
10140   2078
10150   2078
10160   2078
10170   2078
10180   2078
10190   2078
10200   2078
10210   2078
10220   2078
10230   2078
10240   2078
10250   2078
10260   2078
10270   2078
10280   2078
10290   2078
10300   2078
10310   2078
10320   2078
10330   2078
10340   2078
10350   2078
10360   2078
10370   2078
10380   2078
10390   2078
10400   2078
10410   2078
10420   2078
10430   2078
10440   2078
10450   2078
10460   2078
10470   2078
10480   2078
10490   2078
10500   2078
10510   2078
10520   2078
10530   2078
10540   2078
10550   2078
10560   2078
10570   2078
10580   2078
10590   2078
10600   2078
10610   2078
10620   2078
10630   2078
10640   2078
10650   2078
10660   2078
10670   2078
10680   2078
10690   2078
10700   2078
10710   2078
10720   2078
10730   2078
10740   2078
10750   2078
10760   2078
10770   2078
10780   2078
10790   2078
10800   2078
10810   2078
10820   2078
10830   2078
10840   2078
10850   2078
10860   2078
10870   2078
10880   2078
10890   2078
10900   2078
10910   2078
10920   2078
10930   2078
10940   2078
10950   2078
10960   2078
10970   2078
10980   2078
10990   2078
11000   2078
11010   2078
11020   2078
11030   2078
11040   2078
11050   2078
11060   2078
11070   2078
11080   2078
11090   2078
11100   2078
11110   2078
11120   2078
11130   2078
11140   2078
11150   2078
11160   2078
11170   2078
11180   2078
11190   2078
11200   2078
11210   2078
11220   2078
11230   2078
11240   2078
11250   2078
11260   2078
11270   2078
11280   2078
11290   2078
11300   2078
11310   2078
11320   2078
11330   2078
11340   2078
11350   2078
11360   2078
11370   2078
11380   2078
11390   2078
11400   2078
11410   2078
11420   2078
11430   2078
11440   2078
11450   2078
11460   2078
11470   2078
11480   2078
11490   2078
11500   2078
11510   2078
11520   2078
11530   2078
11540   2078
11550   2078
11560   2078
11570   2078
11580   2078
11590   2078
11600   2078
11610   2078
11620   2078
11630   2078
11640   2078
11650   2078
11660   2078
11670   2078
11680   2078
11690   2078
11700   2078
11710   2078
11720   2078
11730   2078
11740   2078
11750   2078
11760   2078
11770   2078
11780   2078
11790   2078
11800   2078
11810   2078
11820   2078
11830   2078
11840   2078
11850   2078
11860   2078
11870   2078
11880   2078
11890   2078
11900   2078
11910   2078
11920   2078
11930   2078
11940   2078
11950   2078
11960   2078
11970   2078
11980   2078
11990   2078
12000   2078
12010   2078
12020   2078
12030   2078
12040   2078
12050   2078
12060   2078
12070   2078
12080   2078
12090   2078
12100   2078
12110   2078
12120   2078
12130   2078
12140   2078
12150   2078
12160   2078
12170   2078
12180   2078
12190   2078
12200   2078
12210   2078
12220   2078
12230   2078
12240   2078
12250   2078
12260   2078
12270   2078
12280   2078
12290   2078
12300   2078
12310   2078
12320   2078
12330   2078
12340   2078
12350   2078
12360   2078
12370   2078
12380   2078
12390   2078
12400   2078
12410   2078
12420   2078
12430   2078
12440   2078
12450   2078
12460   2078
12470   2078
12480   2078
12490   2078
12500   2078
12510   2078
12520   2078
12530   2078
12540   2078
12550   2078
12560   2078
12570   2078
12580   2078
12590   2078
12600   2078
12610   2078
12620   2078
12630   2078
12640   2078
12650   2078
12660   2078
12670   2078
12680   2078
12690   2078
12700   2078
12710   2078
12720   2078
12730   2078
12740   2078
12750   2078
12760   2078
12770   2078
12780   2078
12790   2078
12800   2078
12810   2078
12820   2078
12830   2078
12840   2078
12850   2078
12860   2078
12870   2078
12880   2078
12890   2078
12900   2078
12910   2078
12920   2078
12930   2078
12940   2078
12950   2078
12960   2078
12970   2078
12980   2078
12990   2078
13000   2078
13010   2078
13020   2078
13030   2078
13040   2078
13050   2078
13060   2078
13070   2078
13080   2078
13090   2078
13100   2078
13110   2078
13120   2078
13130   2078
13140   2078
13150   2078
13160   2078
13170   2078
13180   2078
13190   2078
13200   2078
13210   2078
13220   2078
13230   2078
13240   2078
13250   2078
13260   2078
13270   2078
13280   2078
13290   2078
13300   2078
13310   2078
13320   2078
13330   2078
13340   2078
13350   2078
13360   2078
13370   2078
13380   2078
13390   2078
13400   2078
13410   2078
13420   2078
13430   2078
13440   2078
13450   2078
13460   2078
13470   2078
13480   2078
13490   2078
13500   2078
13510   2078
13520   2078
13530   2078
13540   2078
13550   2078
13560   2078
13570   2078
13580   2078
13590   2078
13600   2078
13610   2078
13620   2078
13630   2078
13640   2078
13650   2078
13660   2078
13670   2078
13680   2078
13690   2078
13700   2078
13710   2078
13720   2078
13730   2078
13740   2078
13750   2078
13760   2078
13770   2078
13780   2078
13790   2078
13800   2078
13810   2078
13820   2078
13830   2078
13840   2078
13850   2078
13860   2078
13870   2078
13880   2078
13890   2078
13900   2078
13910   2078
13920   2078
13930   2078
13940   2078
13950   2078
13960   2078
13970   2078
13980   2078
13990   2078
14000   2078
14010   2078
14020   2078
14030   2078
14040   2078
14050   2078
14060   2078
14070   2078
14080   2078
14090   2078
14100   2078
14110   2078
14120   2078
14130   2078
14140   2078
14150   2078
14160   2078
14170   2078
14180   2078
14190   2078
14200   2078
14210   2078
14220   2078
14230   2078
14240   2078
14250   2078
14260   2078
14270   2078
14280   2078
14290   2078
14300   2078
14310   2078
14320   2078
14330   2078
14340   2078
14350   2078
14360   2078
14370   2078
14380   2078
14390   2078
14400   2078
14410   2078
14420   2078
14430   2078
14440   2078
14450   2078
14460   2078
14470   2078
14480   2078
14490   2078
14500   2078
14510   2078
14520   2078
14530   2078
14540   2078
14550   2078
14560   2078
14570   2078
14580   2078
14590   2078
14600   2078
14610   2078
14620   2078
14630   2078
14640   2078
14650   2078
14660   2078
14670   2078
14680   2078
14690   2078
14700   2078
14710   2078
14720   2078
14730   2078
14740   2078
14750   2078
14760   2078
14770   2078
14780   2078
14790   2078
14800   2078
14810   2078
14820   2078
14830   2078
14840   2078
14850   2078
14860   2078
14870   2078
14880   2078
14890   2078
14900   2078
14910   2078
14920   2078
14930   2078
14940   2078
14950   2078
14960   2078
14970   2078
14980   2078
14990   2078
15000   2078
15010   2078
15020   2078
15030   2078
15040   2078
15050   2078
15060   2078
15070   2078
15080   2078
15090   2078
15100   2078
15110   2078
15120   2078
15130   2078
15140   2078
15150   2078
15160   2078
15170   2078
15180   2078
15190   2078
15200   2078
15210   2078
15220   2078
15230   2078
15240   2078
15250   2078
15260   2078
15270   2078
15280   2078
15290   2078
15300   2078
15310   2078
15320   2078
15330   2078
15340   2078
15350   2078
15360   2078
15370   2078
15380   2078
15390   2078
15400   2078
15410   2078
15420   2078
15430   2078
15440   2078
15450   2078
15460   2078
15470   2078
15480   2078
15490   2078
15500   2078
15510   2078
15520   2078
15530   2078
15540   2078
15550   2078
15560   2078
15570   2078
15580   2078
15590   2078
15600   2078
15610   2078
15620   2078
15630   2078
15640   2078
15650   2078
15660   2078
15670   2078
15680   2078
15690   2078
15700   2078
15710   2078
15720   2078
15730   2078
15740   2078
15750   2078
15760   2078
15770   2078
15780   2078
15790   2078
15800   2078
15810   2078
15820   2078
15830   2078
15840   2078
15850   2078
15860   2078
15870   2078
15880   2078
15890   2078
15900   2078
15910   2078
15920   2078
15930   2078
15940   2078
15950   2078
15960   2078
15970   2078
15980   2078
15990   2078
16000   2078
16010   2078
16020   2078
16030   2078
16040   2078
16050   2078
16060   2078
16070   2078
16080   2078
16090   2078
16100   2078
16110   2078
16120   2078
16130   2078
16140   2078
16150   2078
16160   2078
16170   2078
16180   2078
16190   2078
16200   2078
16210   2078
16220   2078
16230   2078
16240   2078
16250   2078
16260   2078
16270   2078
16280   2078
16290   2078
16300   2078
16310   2078
16320   2078
16330   2078
16340   2078
16350   2078
16360   2078
16370   2078
16380   2078
16390   2078
16400   2078
16410   2078
16420   2078
16430   2078
16440   2078
16450   2078
16460   2078
16470   2078
16480   2078
16490   2078
16500   2078
16510   2078
16520   2078
16530   2078
16540   2078
16550   2078
16560   2078
16570   2078
16580   2078
16590   2078
16600   2078
16610   2078
16620   2078
16630   2078
16640   2078
16650   2078
16660   2078
16670   2078
16680   2078
16690   2078
16700   2078
16710   2078
16720   2078
16730   2078
16740   2078
16750   2078
16760   2078
16770   2078
16780   2078
16790   2078
16800   2078
16810   2078
16820   2078
16830   2078
16840   2078
16850   2078
16860   2078
16870   2078
16880   2078
16890   2078
16900   2078
16910   2078
16920   2078
16930   2078
16940   2078
16950   2078
16960   2078
16970   2078
16980   2078
16990   2078
17000   2078
17010   2078
17020   2078
17030   2078
17040   2078
17050   2078
17060   2078
17070   2078
17080   2078
17090   2078
17100   2078
17110   2078
17120   2078
17130   2078
17140   2078
17150   2078
17160   2078
17170   2078
17180   2078
17190   2078
17200   2078
17210   2078
17220   2078
17230   2078
17240   2078
17250   2078
17260   2078
17270   2078
17280   2078
17290   2078
17300   2078
17310   2078
17320   2078
17330   2078
17340   2078
17350   2078
17360   2078
17370   2078
17380   2078
17390   2078
17400   2078
17410   2078
17420   2078
17430   2078
17440   2078
17450   2078
17460   2078
17470   2078
17480   2078
17490   2078
17500   2078
17510   2078
17520   2078
17530   2078
17540   2078
17550   2078
17560   2078
17570   2078
17580   2078
17590   2078
17600   2078
17610   2078
17620   2078
17630   2078
17640   2078
17650   2078
17660   2078
17670   2078
17680   2078
17690   2078
17700   2078
17710   2078
17720   2078
17730   2078
17740   2078
17750   2078
17760   2078
17770   2078
17780   2078
17790   2078
17800   2078
17810   2078
17820   2078
17830   2078
17840   2078
17850   2078
17860   2078
17870   2078
17880   2078
17890   2078
17900   2078
17910   2078
17920   2078
17930   2078
17940   2078
17950   2078
17960   2078
17970   2078
17980   2078
17990   2078
18000   2078
18010   2078
18020   2078
18030   2078
18040   2078
18050   2078
18060   2078
18070   2078
18080   2078
18090   2078
18100   2078
18110   2078
18120   2078
18130   2078
18140   2078
18150   2078
18160   2078
18170   2078
18180   2078
18190   2078
18200   2078
18210   2078
18220   2078
18230   2078
18240   2078
18250   2078
18260   2078
18270   2078
18280   2078
18290   2078
18300   2078
18310   2078
18320   2078
18330   2078
18340   2078
18350   2078
18360   2078
18370   2078
18380   2078
18390   2078
18400   2078
18410   2078
18420   2078
18430   2078
18440   2078
18450   2078
18460   2078
18470   2078
18480   2078
18490   2078
18500   2078
18510   2078
18520   2078
18530   2078
18540   2078
18550   2078
18560   2078
18570   2078
18580   2078
18590   2078
18600   2078
18610   2078
18620   2078
18630   2078
18640   2078
18650   2078
18660   2078
18670   2078
18680   2078
18690   2078
18700   2078
18710   2078
18720   2078
18730   2078
18740   2078
18750   2078
18760   2078
18770   2078
18780   2078
18790   2078
18800   2078
18810   2078
18820   2078
18830   2078
18840   2078
18850   2078
18860   2078
18870   2078
18880   2078
18890   2078
18900   2078
18910   2078
18920   2078
18930   2078
18940   2078
18950   2078
18960   2078
18970   2078
18980   2078
18990   2078
19000   2078
19010   2078
19020   2078
19030   2078
19040   2078
19050   2078
19060   2078
19070   2078
19080   2078
19090   2078
19100   2078
19110   2078
19120   2078
19130   2078
19140   2078
19150   2078
19160   2078
19170   2078
19180   2078
19190   2078
19200   2078
19210   2078
19220   2078
19230   2078
19240   2078
19250   2078
19260   2078
19270   2078
19280   2078
19290   2078
19300   2078
19310   2078
19320   2078
19330   2078
19340   2078
19350   2078
19360   2078
19370   2078
19380   2078
19390   2078
19400   2078
19410   2078
19420   2078
19430   2078
19440   2078
19450   2078
19460   2078
19470   2078
19480   2078
19490   2078
19500   2078
19510   2078
19520   2078
19530   2078
19540   2078
19550   2078
19560   2078
19570   2078
19580   2078
19590   2078
19600   2078
19610   2078
19620   2078
19630   2078
19640   2078
19650   2078
19660   2078
19670   2078
19680   2078
19690   2078
19700   2078
19710   2078
19720   2078
19730   2078
19740   2078
19750   2078
19760   2078
19770   2078
19780   2078
19790   2078
19800   2078
19810   2078
19820   2078
19830   2078
19840   2078
19850   2078
19860   2078
19870   2078
19880   2078
19890   2078
19900   2078
19910   2078
19920   2078
19930   2078
19940   2078
19950   2078
19960   2078
19970   2078
19980   2078
19990   2078
20000   2078
20010   2078
20020   2078
20030   2078
20040   2078
20050   2078
20060   2078
20070   2078
20080   2078
20090   2078
20100   2078
20110   2078
20120   2078
20130   2078
20140   2078
20150   2078
20160   2078
20170   2078
20180   2078
20190   2078
20200   2078
20210   2078
20220   2078
20230   2078
20240   2078
20250   2078
20260   2078
20270   2078
20280   2078
20290   2078
20300   2078
20310   2078
20320   2078
20330   2078
20340   2078
20350   2078
20360   2078
20370   2078
