10   11795
20   11215
30   11215
40   11215
50   11215
60   11215
70   11215
80   11215
90   11215
100   11215
110   11215
120   11215
130   11215
140   10921
150   10921
160   10921
170   10921
180   10921
190   10921
200   10921
210   10921
220   10851
230   10851
240   10851
250   10851
260   10851
270   10851
280   10851
290   10851
300   10851
310   10851
320   10851
330   10851
340   10851
350   10851
360   10851
370   10851
380   10851
390   10851
400   10851
410   10851
420   10851
430   10851
440   10851
450   10851
460   10851
470   10851
480   10851
490   10851
500   10851
510   10851
520   10851
530   10851
540   10851
550   10851
560   10810
570   10810
580   10810
590   10810
600   10810
610   10810
620   10586
630   10586
640   10586
650   10586
660   10586
670   10586
680   10586
690   10586
700   10586
710   10586
720   10586
730   10586
740   10586
750   10586
760   10586
770   10586
780   10586
790   10586
800   10586
810   10586
820   10479
830   10479
840   10479
850   10479
860   10479
870   10479
880   10479
890   10479
900   10479
910   10479
920   10479
930   10479
940   10479
950   10479
960   10479
970   10479
980   10479
990   10479
1000   10479
1010   10479
1020   10479
1030   10479
1040   10479
1050   10479
1060   10479
1070   10479
1080   10479
1090   10479
1100   10479
1110   10479
1120   10479
1130   10479
1140   10479
1150   10479
1160   10479
1170   10479
1180   10479
1190   10479
1200   10479
1210   10479
1220   10479
1230   10479
1240   10479
1250   10479
1260   10479
1270   10479
1280   10479
1290   10479
1300   10389
1310   10389
1320   10389
1330   10389
1340   10389
1350   10389
1360   10389
1370   10389
1380   10389
1390   10389
1400   10389
1410   10389
1420   10238
1430   10238
1440   10238
1450   10238
1460   10238
1470   10238
1480   10238
1490   10238
1500   10238
1510   10238
1520   10238
1530   10238
1540   10238
1550   10238
1560   10238
1570   10238
1580   10238
1590   10238
1600   10238
1610   10238
1620   10238
1630   10238
1640   10238
1650   10238
1660   10238
1670   10238
1680   10238
1690   10238
1700   10238
1710   10238
1720   10238
1730   10238
1740   10238
1750   10238
1760   10238
1770   10238
1780   10238
1790   10238
1800   10238
1810   10238
1820   10238
1830   10238
1840   10238
1850   10238
1860   10238
1870   10238
1880   10238
1890   10238
1900   10238
1910   10238
1920   10238
1930   10238
1940   10238
1950   10238
1960   10238
1970   10238
1980   10238
1990   10238
2000   10238
2010   10238
2020   10238
2030   10238
2040   10238
2050   10238
2060   10238
2070   10238
2080   10238
2090   10238
2100   10238
2110   10238
2120   10238
2130   10238
2140   10238
2150   10238
2160   10238
2170   10238
2180   10238
2190   10238
2200   10238
2210   10238
2220   10238
2230   10238
2240   10238
2250   10238
2260   10238
2270   10238
2280   10238
2290   10238
2300   10238
2310   10238
2320   10238
2330   10238
2340   10238
2350   10238
2360   10238
2370   10238
2380   10238
2390   10238
2400   10238
2410   10238
2420   10238
2430   10238
2440   10238
2450   10238
2460   10238
2470   10238
2480   10238
2490   10238
2500   10238
2510   10238
2520   10238
2530   10238
2540   10238
2550   10238
2560   10238
2570   10238
2580   10238
2590   10238
2600   10238
2610   10238
2620   10238
2630   10238
2640   10238
2650   10238
2660   10238
2670   10238
2680   10238
2690   10238
2700   10238
2710   10238
2720   10238
2730   10238
2740   10238
2750   10238
2760   10238
2770   10238
2780   10238
2790   10238
2800   10238
2810   10238
2820   10238
2830   10238
2840   10238
2850   10238
2860   10238
2870   10238
2880   10238
2890   10238
2900   10238
2910   10238
2920   10238
2930   10238
2940   10238
2950   10238
2960   10238
2970   10238
2980   10238
2990   10238
3000   10238
3010   10238
3020   10238
3030   10238
3040   10238
3050   10238
3060   10238
3070   10238
3080   10238
3090   10238
3100   10238
3110   10238
3120   10238
3130   10238
3140   10238
3150   10238
3160   10238
3170   10238
3180   10238
3190   10238
3200   10238
3210   10238
3220   10238
3230   10238
3240   10238
3250   10238
3260   10238
3270   10238
3280   10238
3290   10238
3300   10238
3310   10238
3320   10238
3330   10238
3340   10238
3350   10238
3360   10238
3370   10238
3380   10238
3390   10238
3400   10238
3410   10238
3420   10238
3430   10238
3440   10238
3450   10238
3460   10238
3470   10238
3480   10238
3490   10238
3500   10238
3510   10238
3520   10238
3530   10231
3540   10231
3550   10231
3560   10231
3570   10231
3580   10231
3590   10231
3600   10231
3610   10231
3620   10231
3630   10231
3640   10231
3650   10231
3660   10231
3670   10231
3680   10231
3690   10231
3700   10231
3710   10231
3720   10231
3730   10231
3740   10231
3750   10231
3760   9865
3770   9865
3780   9865
3790   9865
3800   9865
3810   9865
3820   9865
3830   9865
3840   9865
3850   9865
3860   9865
3870   9865
3880   9865
3890   9865
3900   9865
3910   9865
3920   9865
3930   9865
3940   9865
3950   9865
3960   9865
3970   9865
3980   9865
3990   9865
4000   9865
4010   9865
4020   9865
4030   9865
4040   9865
4050   9865
4060   9865
4070   9865
4080   9865
4090   9865
4100   9865
4110   9865
4120   9865
4130   9865
4140   9865
4150   9865
4160   9865
4170   9865
4180   9865
4190   9865
4200   9865
4210   9865
4220   9865
4230   9865
4240   9865
4250   9865
4260   9865
4270   9865
4280   9865
4290   9865
4300   9865
4310   9865
4320   9865
4330   9865
4340   9865
4350   9865
4360   9865
4370   9865
4380   9865
4390   9865
4400   9865
4410   9865
4420   9865
4430   9865
4440   9865
4450   9865
4460   9865
4470   9865
4480   9865
4490   9865
4500   9865
4510   9865
4520   9865
4530   9865
4540   9865
4550   9865
4560   9865
4570   9865
4580   9865
4590   9865
4600   9865
4610   9865
4620   9865
4630   9865
4640   9865
4650   9865
4660   9865
4670   9865
4680   9865
4690   9865
4700   9865
4710   9865
4720   9865
4730   9865
4740   9865
4750   9865
4760   9865
4770   9865
4780   9865
4790   9865
4800   9865
4810   9865
4820   9865
4830   9865
4840   9865
4850   9865
4860   9865
4870   9865
4880   9865
4890   9865
4900   9865
4910   9865
4920   9865
4930   9865
4940   9865
4950   9865
4960   9865
4970   9865
4980   9865
4990   9865
5000   9865
5010   9865
5020   9865
5030   9865
5040   9865
5050   9865
5060   9865
5070   9865
5080   9865
5090   9865
5100   9865
5110   9865
5120   9865
5130   9865
5140   9865
5150   9865
5160   9865
5170   9865
5180   9865
5190   9865
5200   9865
5210   9865
5220   9865
5230   9865
5240   9865
5250   9865
5260   9865
5270   9865
5280   9865
5290   9865
5300   9865
5310   9865
5320   9865
5330   9865
5340   9865
5350   9865
5360   9865
5370   9865
5380   9865
5390   9865
5400   9865
5410   9865
5420   9865
5430   9865
5440   9865
5450   9865
5460   9865
5470   9865
5480   9865
5490   9865
5500   9865
5510   9865
5520   9865
5530   9865
5540   9865
5550   9865
5560   9865
5570   9865
5580   9865
5590   9865
5600   9865
5610   9865
5620   9865
5630   9865
5640   9865
5650   9865
5660   9865
5670   9865
5680   9865
5690   9865
5700   9865
5710   9865
5720   9865
5730   9865
5740   9865
5750   9865
5760   9865
5770   9865
5780   9865
5790   9865
5800   9865
5810   9865
5820   9865
5830   9865
5840   9865
5850   9865
5860   9865
5870   9865
5880   9865
5890   9865
5900   9865
5910   9865
5920   9865
5930   9865
5940   9865
5950   9865
5960   9865
5970   9865
5980   9865
5990   9865
6000   9865
6010   9865
6020   9865
6030   9865
6040   9865
6050   9865
6060   9865
6070   9865
6080   9865
6090   9865
6100   9865
6110   9865
6120   9865
6130   9865
6140   9865
6150   9865
6160   9865
6170   9865
6180   9865
6190   9865
6200   9865
6210   9865
6220   9865
6230   9865
6240   9865
6250   9865
6260   9865
6270   9865
6280   9865
6290   9865
6300   9865
6310   9865
6320   9865
6330   9865
6340   9865
6350   9865
6360   9865
6370   9865
6380   9865
6390   9865
6400   9865
6410   9865
6420   9865
6430   9865
6440   9865
6450   9865
6460   9865
6470   9865
6480   9865
6490   9865
6500   9865
6510   9865
6520   9865
6530   9865
6540   9865
6550   9865
6560   9865
6570   9865
6580   9865
6590   9865
6600   9865
6610   9865
6620   9865
6630   9865
6640   9865
6650   9865
6660   9865
6670   9865
6680   9865
6690   9865
6700   9865
6710   9865
6720   9865
6730   9865
6740   9865
6750   9865
6760   9865
6770   9865
6780   9865
6790   9865
6800   9865
6810   9865
6820   9865
6830   9865
6840   9865
6850   9865
6860   9865
6870   9865
6880   9865
6890   9865
6900   9865
6910   9865
6920   9865
6930   9865
6940   9865
6950   9865
6960   9865
6970   9865
6980   9865
6990   9865
7000   9865
7010   9865
7020   9865
7030   9865
7040   9865
7050   9865
7060   9865
7070   9865
7080   9865
7090   9865
7100   9865
7110   9865
7120   9865
7130   9865
7140   9865
7150   9865
7160   9865
7170   9865
7180   9865
7190   9865
7200   9865
7210   9865
7220   9865
7230   9865
7240   9865
7250   9865
7260   9865
7270   9865
7280   9865
7290   9865
7300   9865
7310   9865
7320   9865
7330   9865
7340   9865
7350   9865
7360   9865
7370   9865
7380   9865
7390   9865
7400   9865
7410   9865
7420   9865
7430   9865
7440   9865
7450   9865
7460   9865
7470   9865
7480   9865
7490   9865
7500   9865
7510   9865
7520   9865
7530   9865
7540   9865
7550   9865
7560   9865
7570   9865
7580   9865
7590   9865
7600   9865
7610   9865
7620   9865
7630   9865
7640   9865
7650   9865
7660   9865
7670   9865
7680   9865
7690   9865
7700   9865
7710   9865
7720   9865
7730   9865
7740   9865
7750   9865
7760   9865
7770   9865
7780   9865
7790   9865
7800   9865
7810   9865
7820   9865
7830   9865
7840   9865
7850   9865
7860   9865
7870   9865
7880   9865
7890   9865
7900   9865
7910   9865
7920   9865
7930   9865
7940   9865
7950   9865
7960   9865
7970   9865
7980   9865
7990   9865
8000   9865
8010   9865
8020   9865
8030   9865
8040   9865
8050   9865
8060   9865
8070   9865
8080   9865
8090   9865
8100   9865
8110   9865
8120   9865
8130   9865
8140   9865
8150   9865
8160   9865
8170   9865
8180   9865
8190   9865
8200   9865
8210   9865
8220   9865
8230   9865
8240   9865
8250   9865
8260   9865
8270   9865
8280   9865
8290   9865
8300   9865
8310   9865
8320   9865
8330   9865
8340   9865
8350   9865
8360   9865
8370   9865
8380   9865
8390   9865
8400   9865
8410   9865
8420   9865
8430   9865
8440   9865
8450   9865
8460   9865
8470   9865
8480   9865
8490   9865
8500   9865
8510   9865
8520   9865
8530   9865
8540   9865
8550   9865
8560   9865
8570   9865
8580   9865
8590   9865
8600   9865
8610   9865
8620   9865
8630   9865
8640   9865
8650   9865
8660   9865
8670   9865
8680   9865
8690   9865
8700   9865
8710   9865
8720   9865
8730   9865
8740   9865
8750   9865
8760   9865
8770   9865
8780   9865
8790   9865
8800   9865
8810   9865
8820   9865
8830   9865
8840   9865
8850   9865
8860   9865
8870   9865
8880   9865
8890   9865
8900   9865
8910   9865
8920   9865
8930   9865
8940   9865
8950   9865
8960   9865
8970   9865
8980   9865
8990   9865
9000   9865
9010   9865
9020   9865
9030   9865
9040   9865
9050   9865
9060   9865
9070   9865
9080   9865
9090   9865
9100   9865
9110   9865
9120   9865
9130   9865
9140   9865
9150   9865
9160   9865
9170   9865
9180   9865
9190   9865
