10   11208
20   11208
30   11208
40   11208
50   11208
60   11208
70   11208
80   11208
90   10479
100   10479
110   10479
120   10479
130   10479
140   10479
150   10479
160   10479
170   10479
180   10479
190   10479
200   10479
210   10479
220   10479
230   10479
240   10479
250   10479
260   10479
270   10479
280   10479
290   10479
300   10479
310   10479
320   10479
330   10479
340   10479
350   10479
360   10479
370   10479
380   10479
390   10479
400   10479
410   10479
420   10479
430   10479
440   10479
450   10479
460   10479
470   10479
480   10479
490   10479
500   10479
510   10479
520   10479
530   10479
540   10479
550   10479
560   10479
570   10479
580   10479
590   10479
600   10479
610   10479
620   10479
630   10479
640   10479
650   10479
660   10479
670   10479
680   10479
690   10479
700   10479
710   10479
720   10479
730   10479
740   10479
750   10479
760   10479
770   10479
780   10479
790   10479
800   10479
810   10479
820   10479
830   10479
840   10479
850   10479
860   10479
870   10479
880   10479
890   10479
900   10479
910   10479
920   10479
930   10479
940   10479
950   10479
960   10479
970   10479
980   10479
990   10479
1000   10479
1010   10479
1020   10479
1030   10479
1040   10479
1050   10479
1060   10479
1070   10479
1080   10479
1090   10479
1100   10479
1110   10479
1120   10479
1130   10479
1140   10479
1150   10479
1160   10479
1170   10479
1180   10479
1190   10479
1200   10479
1210   10479
1220   10479
1230   10479
1240   10479
1250   10479
1260   10479
1270   10479
1280   10479
1290   10479
1300   10479
1310   10479
1320   10479
1330   10479
1340   10479
1350   10479
1360   10479
1370   10479
1380   10479
1390   10479
1400   10479
1410   10479
1420   10479
1430   10479
1440   10479
1450   10479
1460   10479
1470   10479
1480   10479
1490   10479
1500   10479
1510   10479
1520   10479
1530   10479
1540   10479
1550   10479
1560   10479
1570   10479
1580   10479
1590   10479
1600   10479
1610   10479
1620   10479
1630   10479
1640   10479
1650   10479
1660   10479
1670   10479
1680   10479
1690   10479
1700   10479
1710   10479
1720   10479
1730   10479
1740   10479
1750   10479
1760   10479
1770   10479
1780   10479
1790   10479
1800   10479
1810   10479
1820   10479
1830   10479
1840   10479
1850   10479
1860   10479
1870   10479
1880   10479
1890   10479
1900   10479
1910   10466
1920   10466
1930   10466
1940   10466
1950   10466
1960   10466
1970   10466
1980   10466
1990   10466
2000   10466
2010   10466
2020   10466
2030   10466
2040   10466
2050   10466
2060   10466
2070   10466
2080   10466
2090   10466
2100   10466
2110   10466
2120   10466
2130   10466
2140   10466
2150   10466
2160   10466
2170   10466
2180   10466
2190   10466
2200   10466
2210   10431
2220   10431
2230   10431
2240   10431
2250   10431
2260   10431
2270   10431
2280   10431
2290   10431
2300   10431
2310   10431
2320   10431
2330   10431
2340   10431
2350   10431
2360   10431
2370   10431
2380   10431
2390   10431
2400   10431
2410   10431
2420   10431
2430   10431
2440   10431
2450   10431
2460   10431
2470   10431
2480   10431
2490   10431
2500   10431
2510   10431
2520   10431
2530   10431
2540   10431
2550   10431
2560   10431
2570   10431
2580   10431
2590   10431
2600   10431
2610   10431
2620   10431
2630   10431
2640   10431
2650   10431
2660   10431
2670   10431
2680   10431
2690   10431
2700   10431
2710   10431
2720   10431
2730   10431
2740   10431
2750   10431
2760   10431
2770   10431
2780   10431
2790   10431
2800   10431
2810   10431
2820   10431
2830   10431
2840   10431
2850   10431
2860   10431
2870   10431
2880   10431
2890   10431
2900   10431
2910   10431
2920   10431
2930   10431
2940   10431
2950   10431
2960   10431
2970   10431
2980   10431
2990   10431
3000   10431
3010   10431
3020   10431
3030   10431
3040   10431
3050   10360
3060   10360
3070   10360
3080   10360
3090   10360
3100   10360
3110   10360
3120   10360
3130   10360
3140   10360
3150   10360
3160   10360
3170   10360
3180   10360
3190   10360
3200   10114
3210   10114
3220   10114
3230   10114
3240   10114
3250   10114
3260   10114
3270   10114
3280   10114
3290   10114
3300   10114
3310   10114
3320   10114
3330   10114
3340   10114
3350   10114
3360   10114
3370   10114
3380   10114
3390   10114
3400   10114
3410   10114
3420   10114
3430   10114
3440   10114
3450   10114
3460   10114
3470   10114
3480   10114
3490   10114
3500   10114
3510   10114
3520   10114
3530   10114
3540   10114
3550   10114
3560   10114
3570   10114
3580   10114
3590   10114
3600   10114
3610   10114
3620   10114
3630   10114
3640   10114
3650   10114
3660   10114
3670   10114
3680   10114
3690   10114
3700   10114
3710   10114
3720   10114
3730   10114
3740   10114
3750   10114
3760   10114
3770   10114
3780   10114
3790   10114
3800   10114
3810   10114
3820   10114
3830   10114
3840   10114
3850   10114
3860   10114
3870   10114
3880   10114
3890   10114
3900   10114
3910   10114
3920   10114
3930   10114
3940   10114
3950   10114
3960   10114
3970   10114
3980   10114
3990   10114
4000   10114
4010   10114
4020   10114
4030   10114
4040   10114
4050   10114
4060   10114
4070   10114
4080   10114
4090   10114
4100   10114
4110   10114
4120   10114
4130   10114
4140   10114
4150   10114
4160   10114
4170   10114
4180   10114
4190   10114
4200   10114
4210   10114
4220   10114
4230   10114
4240   10114
4250   10114
4260   10114
4270   10114
4280   10114
4290   10114
4300   10114
4310   10114
4320   10114
4330   10114
4340   10114
4350   10114
4360   10114
4370   10114
4380   10114
4390   10114
4400   10114
4410   10114
4420   10114
4430   10114
4440   10114
4450   10114
4460   10114
4470   10114
4480   10114
4490   10114
4500   10114
4510   10114
4520   10114
4530   10114
4540   10114
4550   10114
4560   10114
4570   10114
4580   10114
4590   10114
4600   10114
4610   10114
4620   10114
4630   10114
4640   10114
4650   10114
4660   10114
4670   10114
4680   10114
4690   10114
4700   10114
4710   10114
4720   10114
4730   10114
4740   10114
4750   10114
4760   10114
4770   10114
4780   10114
4790   10114
4800   10114
4810   10114
4820   10114
4830   10114
4840   10114
4850   10114
4860   10114
4870   10114
4880   10114
4890   10114
4900   10114
4910   10114
4920   10114
4930   10114
4940   10114
4950   10114
4960   10114
4970   10114
4980   10114
4990   10114
5000   10114
5010   10114
5020   10114
5030   10114
5040   10114
5050   10114
5060   10114
5070   10114
5080   10114
5090   10114
5100   10114
5110   10114
5120   10114
5130   10114
5140   10114
5150   10114
5160   10114
5170   10114
5180   10114
5190   10114
5200   10114
5210   10114
5220   10114
5230   10114
5240   10114
5250   10114
5260   10114
5270   10114
5280   10114
5290   10114
5300   10114
5310   10114
5320   10114
5330   10114
5340   10114
5350   10114
5360   10114
5370   10114
5380   10114
5390   10114
5400   10114
5410   10114
5420   10114
5430   10114
5440   10114
5450   10114
5460   10114
5470   10114
5480   10114
5490   10114
5500   10114
5510   10114
5520   10114
5530   10114
5540   10114
5550   10114
5560   10114
5570   10114
5580   10114
5590   10114
5600   10114
5610   10114
5620   10114
5630   10114
5640   10114
5650   10114
5660   10114
5670   10114
5680   10114
5690   10114
5700   10114
5710   10114
5720   10114
5730   10114
5740   10114
5750   10114
5760   10114
5770   10114
5780   10114
5790   10114
5800   10114
5810   10114
5820   10114
5830   10114
5840   10114
5850   10114
5860   10114
5870   10114
5880   10114
5890   10114
5900   10114
5910   10114
5920   10114
5930   10114
5940   10114
5950   10114
5960   10114
5970   10114
5980   10114
5990   10114
6000   10114
6010   10114
6020   10114
6030   10114
6040   10114
6050   10114
6060   10114
6070   10114
6080   10114
6090   10114
6100   10114
6110   10114
6120   10114
6130   10114
6140   10114
6150   10114
6160   10114
6170   10114
6180   10114
6190   10114
6200   10114
6210   10114
6220   10114
6230   10114
6240   10114
6250   10114
6260   10114
6270   10114
6280   10114
6290   10114
6300   10114
6310   10114
6320   10114
6330   10114
6340   10114
6350   10114
6360   10114
6370   10114
6380   10114
6390   10114
6400   10114
6410   10114
6420   10114
6430   10114
6440   10114
6450   10114
6460   10114
6470   10114
6480   10114
6490   10114
6500   10114
6510   10114
6520   10114
6530   10114
6540   10114
6550   10114
6560   10114
6570   10114
6580   10114
6590   10114
6600   10114
6610   10114
6620   10114
6630   10114
6640   10114
6650   10114
6660   10114
6670   10114
6680   10114
6690   10114
6700   10114
6710   10114
6720   10114
6730   10114
6740   10114
6750   10114
6760   10114
6770   10114
6780   10114
6790   10114
6800   10114
6810   10114
6820   10114
6830   10114
6840   10114
6850   10114
6860   10114
6870   10114
6880   10114
6890   10114
6900   10114
6910   10114
6920   10114
6930   10114
6940   10114
6950   10114
6960   10114
6970   10114
6980   10114
6990   10114
7000   10114
7010   10114
7020   10114
7030   10114
7040   10114
7050   10114
7060   10114
7070   10114
7080   10114
7090   10114
7100   10114
7110   10114
7120   10114
7130   10114
7140   10114
7150   10114
7160   10114
7170   10114
7180   10114
7190   10114
7200   10114
7210   10114
7220   10114
7230   10114
7240   10114
7250   10114
7260   10114
7270   10114
7280   10114
7290   10114
7300   10114
7310   10114
7320   10114
7330   10114
7340   10114
7350   10114
7360   10114
7370   10114
7380   10114
7390   10114
7400   10114
7410   10114
7420   10114
7430   10114
7440   10114
7450   10114
7460   10114
7470   10114
7480   10114
7490   10114
7500   10114
7510   10114
7520   10114
7530   10114
7540   10114
7550   10114
7560   10114
7570   10114
7580   10114
7590   10114
7600   10114
7610   10114
7620   10114
7630   10114
7640   10114
7650   10114
7660   10114
7670   10114
7680   10114
7690   10114
7700   10114
7710   10114
7720   10114
7730   10114
7740   10114
7750   10114
7760   10114
7770   10114
7780   10114
7790   10114
7800   10114
7810   10114
7820   10114
7830   10114
7840   10114
7850   10114
7860   10114
7870   10114
7880   10114
7890   10114
7900   10114
7910   10114
7920   10114
7930   10114
7940   10114
7950   10114
7960   10114
7970   10114
7980   10114
7990   10114
8000   10114
8010   10114
8020   10114
8030   10114
8040   10114
8050   10114
8060   10114
8070   10114
8080   10114
8090   10114
8100   10114
8110   10114
8120   10114
8130   10114
8140   10114
8150   10114
8160   10114
8170   10114
8180   10114
8190   10114
8200   10114
8210   10114
8220   10114
8230   10114
8240   10114
8250   10114
8260   10114
8270   10114
8280   10114
8290   10114
8300   10114
8310   10114
8320   10114
8330   10114
8340   10114
8350   10114
8360   10114
8370   10114
8380   10114
8390   10114
8400   10114
8410   10114
8420   10114
8430   9865
8440   9865
8450   9865
8460   9865
8470   9865
8480   9865
8490   9865
8500   9865
8510   9865
8520   9865
8530   9865
8540   9865
8550   9865
8560   9865
8570   9865
8580   9865
8590   9865
8600   9865
8610   9865
8620   9865
8630   9865
8640   9865
8650   9865
8660   9865
8670   9865
8680   9865
8690   9865
8700   9865
8710   9865
8720   9865
8730   9865
8740   9865
8750   9865
8760   9865
8770   9865
8780   9865
8790   9865
8800   9865
8810   9865
8820   9865
8830   9865
8840   9865
8850   9865
8860   9865
8870   9865
8880   9865
8890   9865
8900   9865
8910   9865
8920   9865
8930   9865
8940   9865
8950   9865
8960   9865
8970   9865
8980   9865
8990   9865
9000   9865
9010   9865
9020   9865
9030   9865
9040   9865
9050   9865
9060   9865
9070   9865
9080   9865
9090   9865
9100   9865
9110   9865
9120   9865
9130   9865
9140   9865
9150   9865
9160   9865
9170   9865
9180   9865
9190   9865
9200   9865
9210   9865
9220   9865
9230   9865
9240   9865
9250   9865
9260   9865
9270   9865
9280   9865
9290   9865
9300   9865
9310   9865
9320   9865
9330   9865
9340   9865
9350   9865
9360   9865
9370   9865
9380   9865
9390   9865
9400   9865
9410   9865
9420   9865
9430   9865
9440   9865
9450   9865
9460   9865
9470   9865
9480   9865
9490   9865
9500   9655
9510   9655
9520   9655
9530   9655
9540   9655
9550   9655
9560   9655
9570   9655
9580   9655
9590   9655
9600   9655
9610   9655
9620   9655
9630   9655
9640   9655
9650   9655
9660   9655
9670   9655
9680   9655
9690   9655
9700   9655
9710   9655
9720   9655
9730   9655
9740   9655
9750   9655
9760   9655
9770   9655
9780   9655
9790   9655
9800   9655
9810   9655
9820   9655
9830   9655
9840   9655
9850   9655
9860   9655
9870   9655
9880   9655
9890   9655
9900   9655
9910   9655
9920   9655
9930   9655
9940   9655
9950   9655
9960   9655
9970   9655
9980   9655
9990   9655
10000   9655
10010   9655
10020   9655
10030   9655
10040   9655
10050   9655
10060   9655
10070   9655
10080   9655
10090   9655
10100   9655
10110   9655
10120   9655
10130   9655
10140   9655
10150   9655
10160   9655
10170   9655
10180   9655
10190   9655
10200   9655
10210   9655
10220   9655
10230   9655
10240   9655
10250   9655
10260   9655
10270   9655
10280   9655
10290   9655
10300   9655
10310   9655
10320   9655
10330   9655
10340   9655
10350   9655
10360   9655
10370   9655
10380   9655
10390   9655
10400   9655
10410   9655
10420   9655
10430   9655
10440   9655
10450   9655
10460   9655
10470   9655
10480   9655
10490   9655
10500   9655
10510   9655
10520   9655
10530   9655
10540   9655
10550   9655
10560   9655
10570   9655
10580   9655
10590   9655
10600   9655
10610   9655
10620   9655
10630   9655
10640   9655
10650   9655
10660   9655
10670   9655
10680   9655
10690   9655
10700   9655
10710   9655
10720   9655
10730   9655
10740   9655
10750   9655
10760   9655
10770   9655
10780   9655
10790   9655
10800   9655
10810   9655
10820   9655
10830   9655
10840   9655
10850   9655
10860   9655
10870   9655
10880   9655
10890   9655
10900   9655
10910   9655
10920   9655
10930   9655
10940   9655
10950   9655
10960   9655
10970   9655
10980   9655
10990   9655
11000   9655
11010   9655
11020   9655
11030   9655
11040   9655
11050   9655
11060   9655
11070   9655
11080   9655
11090   9655
11100   9655
11110   9655
11120   9655
11130   9655
11140   9655
11150   9655
11160   9655
11170   9655
11180   9655
11190   9655
11200   9655
11210   9655
11220   9655
11230   9655
11240   9655
11250   9655
11260   9655
11270   9655
11280   9655
11290   9655
11300   9655
11310   9655
11320   9655
11330   9655
11340   9655
11350   9655
11360   9655
11370   9655
11380   9655
11390   9655
11400   9655
11410   9655
11420   9655
11430   9655
11440   9655
11450   9655
11460   9655
11470   9655
11480   9655
11490   9655
11500   9655
11510   9655
11520   9655
11530   9655
11540   9655
11550   9655
11560   9655
11570   9655
11580   9655
11590   9655
11600   9655
11610   9655
11620   9655
11630   9655
11640   9655
11650   9655
11660   9655
11670   9655
11680   9655
11690   9655
11700   9655
11710   9655
11720   9655
11730   9655
11740   9655
11750   9655
11760   9655
11770   9655
11780   9655
11790   9655
11800   9655
11810   9655
11820   9655
11830   9655
11840   9655
11850   9655
11860   9655
11870   9655
11880   9655
11890   9655
11900   9655
11910   9655
11920   9655
11930   9655
11940   9655
11950   9655
11960   9655
11970   9655
11980   9655
11990   9655
12000   9655
12010   9655
12020   9655
12030   9655
12040   9655
12050   9655
12060   9655
12070   9655
12080   9655
12090   9655
12100   9655
12110   9655
12120   9655
12130   9655
12140   9655
12150   9655
12160   9655
12170   9655
12180   9655
12190   9655
12200   9655
12210   9655
12220   9655
12230   9655
12240   9655
12250   9655
12260   9655
12270   9655
12280   9655
12290   9655
12300   9655
12310   9655
12320   9655
12330   9655
12340   9655
12350   9655
12360   9655
12370   9655
12380   9655
12390   9655
12400   9655
12410   9655
12420   9655
12430   9655
12440   9655
12450   9655
12460   9655
12470   9655
12480   9655
12490   9655
12500   9655
12510   9655
12520   9655
12530   9655
12540   9655
12550   9655
12560   9655
12570   9655
12580   9655
12590   9655
12600   9655
12610   9655
12620   9655
12630   9655
12640   9655
12650   9655
12660   9655
12670   9655
12680   9655
12690   9655
12700   9655
12710   9655
12720   9655
12730   9655
12740   9655
12750   9655
12760   9655
12770   9655
12780   9655
12790   9655
12800   9655
12810   9655
12820   9655
12830   9655
12840   9655
12850   9655
12860   9655
12870   9655
12880   9655
12890   9655
12900   9655
12910   9655
12920   9655
12930   9655
12940   9655
12950   9655
12960   9655
12970   9655
12980   9655
12990   9655
13000   9655
13010   9655
13020   9655
13030   9655
13040   9655
13050   9655
13060   9655
13070   9655
13080   9655
13090   9655
13100   9655
13110   9655
13120   9655
13130   9655
13140   9655
13150   9655
13160   9655
13170   9655
13180   9655
13190   9655
13200   9655
13210   9655
13220   9655
13230   9655
13240   9655
13250   9655
13260   9655
13270   9655
13280   9655
13290   9655
13300   9655
13310   9655
13320   9655
13330   9655
13340   9655
13350   9655
13360   9655
13370   9655
13380   9655
13390   9655
13400   9655
13410   9655
13420   9655
13430   9655
13440   9655
13450   9655
13460   9655
13470   9655
13480   9655
13490   9655
13500   9655
13510   9655
13520   9655
13530   9655
13540   9655
13550   9655
13560   9655
13570   9655
13580   9655
13590   9655
13600   9655
13610   9655
13620   9655
13630   9655
13640   9655
13650   9655
13660   9655
13670   9655
13680   9655
13690   9655
13700   9655
13710   9655
13720   9655
13730   9655
13740   9655
13750   9655
13760   9655
13770   9655
13780   9655
13790   9655
13800   9655
13810   9655
13820   9655
13830   9655
13840   9655
13850   9655
13860   9655
13870   9655
13880   9655
13890   9655
13900   9655
13910   9655
13920   9655
13930   9655
13940   9655
13950   9655
13960   9655
13970   9655
13980   9655
13990   9655
14000   9655
14010   9655
14020   9655
14030   9655
14040   9655
14050   9655
14060   9655
14070   9655
14080   9655
14090   9655
14100   9655
14110   9655
14120   9655
14130   9655
14140   9655
14150   9655
14160   9655
14170   9655
14180   9655
14190   9655
14200   9655
14210   9655
14220   9655
14230   9655
14240   9655
14250   9655
14260   9655
14270   9655
14280   9655
14290   9655
14300   9655
14310   9655
14320   9655
14330   9655
14340   9655
14350   9655
14360   9655
14370   9655
14380   9655
14390   9655
14400   9655
14410   9655
14420   9655
14430   9655
14440   9655
14450   9655
14460   9655
14470   9655
14480   9655
14490   9655
14500   9655
14510   9655
14520   9655
14530   9655
14540   9655
14550   9655
14560   9655
14570   9655
14580   9655
