10   9827
20   9827
30   9827
40   9827
50   9827
60   9827
70   9827
80   9827
90   9827
100   9827
110   9827
120   9827
130   9827
140   9827
150   9827
160   9827
170   9827
180   9827
190   9827
200   9827
210   9827
220   9827
230   9520
240   9520
250   9520
260   9520
270   9520
280   9520
290   9520
300   9520
310   9520
320   9520
330   9520
340   9520
350   9520
360   9520
370   9520
380   9520
390   9520
400   9520
410   9520
420   9520
430   9520
440   9520
450   9520
460   9520
470   9520
480   9520
490   9520
500   9520
510   9520
520   9520
530   9520
540   9520
550   9520
560   9520
570   9520
580   9391
590   9391
600   9391
610   9391
620   9391
630   9391
640   9391
650   9391
660   9391
670   9391
680   9391
690   9391
700   9391
710   9391
720   9391
730   9391
740   9391
750   9391
760   9391
770   9353
780   9353
790   9353
800   9353
810   9353
820   9353
830   9353
840   9353
850   8960
860   8960
870   8960
880   8960
890   8960
900   8960
910   8960
920   8960
930   8960
940   8960
950   8960
960   8960
970   8960
980   8960
990   8960
1000   8960
1010   8960
1020   8960
1030   8960
1040   8960
1050   8960
1060   8960
1070   8960
1080   8960
1090   8960
1100   8960
1110   8960
1120   8960
1130   8960
1140   8960
1150   8960
1160   8960
1170   8960
1180   8960
1190   8960
1200   8960
1210   8960
1220   8960
1230   8960
1240   8960
1250   8960
1260   8960
1270   8960
1280   8960
1290   8960
1300   8960
1310   8960
1320   8960
1330   8960
1340   8960
1350   8960
1360   8960
1370   8960
1380   8960
1390   8960
1400   8960
1410   8960
1420   8960
1430   8960
1440   8960
1450   8960
1460   8960
1470   8960
1480   8960
1490   8960
1500   8960
1510   8960
1520   8960
1530   8960
1540   8960
1550   8960
1560   8960
1570   8960
1580   8960
1590   8960
1600   8960
1610   8960
1620   8960
1630   8960
1640   8960
1650   8960
1660   8960
1670   8960
1680   8960
1690   8960
1700   8960
1710   8960
1720   8960
1730   8960
1740   8960
1750   8960
1760   8960
1770   8960
1780   8960
1790   8960
1800   8960
1810   8960
1820   8960
1830   8960
1840   8960
1850   8960
1860   8960
1870   8833
1880   8833
1890   8833
1900   8833
1910   8833
1920   8833
1930   8833
1940   8833
1950   8833
1960   8833
1970   8833
1980   8833
1990   8833
2000   8833
2010   8833
2020   8833
2030   8833
2040   8833
2050   8833
2060   8833
2070   8833
2080   8833
2090   8833
2100   8833
2110   8833
2120   8833
2130   8833
2140   8833
2150   8833
2160   8833
2170   8833
2180   8833
2190   8833
2200   8833
2210   8833
2220   8833
2230   8833
2240   8833
2250   8833
2260   8833
2270   8833
2280   8833
2290   8833
2300   8833
2310   8833
2320   8833
2330   8833
2340   8833
2350   8833
2360   8833
2370   8833
2380   8833
2390   8833
2400   8833
2410   8833
2420   8833
2430   8833
2440   8833
2450   8833
2460   8833
2470   8833
2480   8833
2490   8833
2500   8833
2510   8833
2520   8833
2530   8833
2540   8833
2550   8833
2560   8833
2570   8833
2580   8833
2590   8833
2600   8833
2610   8833
2620   8833
2630   8833
2640   8833
2650   8833
2660   8833
2670   8833
2680   8833
2690   8833
2700   8833
2710   8833
2720   8833
2730   8833
2740   8833
2750   8833
2760   8833
2770   8833
2780   8833
2790   8833
2800   8833
2810   8833
2820   8833
2830   8833
2840   8833
2850   8833
2860   8833
2870   8833
2880   8833
2890   8833
2900   8833
2910   8833
2920   8833
2930   8833
2940   8833
2950   8833
2960   8833
2970   8833
2980   8833
2990   8833
3000   8833
3010   8833
3020   8833
3030   8833
3040   8833
3050   8833
3060   8833
3070   8833
3080   8833
3090   8833
3100   8833
3110   8833
3120   8833
3130   8833
3140   8833
3150   8833
3160   8833
3170   8833
3180   8833
3190   8833
3200   8833
3210   8833
3220   8833
3230   8833
3240   8833
3250   8833
3260   8833
3270   8833
3280   8833
3290   8833
3300   8833
3310   8833
3320   8833
3330   8833
3340   8833
3350   8833
3360   8833
3370   8833
3380   8833
3390   8833
3400   8833
3410   8833
3420   8833
3430   8833
3440   8833
3450   8833
3460   8833
3470   8833
3480   8833
3490   8833
3500   8833
3510   8833
3520   8833
3530   8833
3540   8833
3550   8833
3560   8833
3570   8833
3580   8833
3590   8833
3600   8833
3610   8833
3620   8833
3630   8833
3640   8833
3650   8833
3660   8833
3670   8833
3680   8833
3690   8833
3700   8833
3710   8833
3720   8833
3730   8833
3740   8833
3750   8833
3760   8833
3770   8833
3780   8833
3790   8833
3800   8833
3810   8833
3820   8833
3830   8833
3840   8833
3850   8833
3860   8833
3870   8833
3880   8833
3890   8833
3900   8833
3910   8833
3920   8833
3930   8833
3940   8833
3950   8833
3960   8833
3970   8833
3980   8833
3990   8833
4000   8833
4010   8833
4020   8833
4030   8833
4040   8833
4050   8833
4060   8833
4070   8833
4080   8833
4090   8833
4100   8833
4110   8833
4120   8833
4130   8833
4140   8833
4150   8833
4160   8833
4170   8833
4180   8833
4190   8833
4200   8833
4210   8833
4220   8833
4230   8833
4240   8833
4250   8833
4260   8833
4270   8833
4280   8833
4290   8833
4300   8833
4310   8833
4320   8833
4330   8833
4340   8833
4350   8833
4360   8833
4370   8833
4380   8833
4390   8833
4400   8833
4410   8833
4420   8833
4430   8833
4440   8833
4450   8833
4460   8833
4470   8833
4480   8833
4490   8833
4500   8833
4510   8833
4520   8833
4530   8833
4540   8833
4550   8833
4560   8833
4570   8833
4580   8833
4590   8833
4600   8833
4610   8833
4620   8833
4630   8833
4640   8833
4650   8833
4660   8833
4670   8833
4680   8833
4690   8833
4700   8833
4710   8833
4720   8833
4730   8833
4740   8833
4750   8833
4760   8833
4770   8833
4780   8833
4790   8833
4800   8833
4810   8833
4820   8833
4830   8833
4840   8833
4850   8833
4860   8833
4870   8833
4880   8833
4890   8833
4900   8833
4910   8833
4920   8833
4930   8833
4940   8833
4950   8833
4960   8833
4970   8833
4980   8833
4990   8833
5000   8833
5010   8833
5020   8833
5030   8833
5040   8833
5050   8833
5060   8833
5070   8833
5080   8833
5090   8833
5100   8833
5110   8833
5120   8833
5130   8833
5140   8833
5150   8833
5160   8833
5170   8833
5180   8833
5190   8833
5200   8833
5210   8833
5220   8833
5230   8833
5240   8833
5250   8833
5260   8833
5270   8833
5280   8833
5290   8833
5300   8833
5310   8833
5320   8833
5330   8833
5340   8833
5350   8833
5360   8833
5370   8833
5380   8833
5390   8833
5400   8833
5410   8833
5420   8833
5430   8833
5440   8833
5450   8833
5460   8833
5470   8833
5480   8833
5490   8833
5500   8833
5510   8833
5520   8833
5530   8833
5540   8833
5550   8833
5560   8833
5570   8833
5580   8833
5590   8833
5600   8833
5610   8833
5620   8833
5630   8833
5640   8833
5650   8833
5660   8833
5670   8833
5680   8833
5690   8833
5700   8833
5710   8833
5720   8833
5730   8833
5740   8833
5750   8833
5760   8833
5770   8833
5780   8833
5790   8833
5800   8833
5810   8833
5820   8833
5830   8833
5840   8833
5850   8833
5860   8833
5870   8833
5880   8833
5890   8833
5900   8833
5910   8833
5920   8833
5930   8833
5940   8833
5950   8833
5960   8833
5970   8833
5980   8833
5990   8833
6000   8833
6010   8833
6020   8833
6030   8833
6040   8833
6050   8833
6060   8833
6070   8833
6080   8833
6090   8833
6100   8833
6110   8833
6120   8833
6130   8833
6140   8833
6150   8833
6160   8833
6170   8833
6180   8833
6190   8833
6200   8833
6210   8833
6220   8833
6230   8833
6240   8833
6250   8833
6260   8833
6270   8833
6280   8833
6290   8833
6300   8833
6310   8833
6320   8833
6330   8833
6340   8833
6350   8833
6360   8833
6370   8833
6380   8833
6390   8833
6400   8833
6410   8833
6420   8833
6430   8833
6440   8833
6450   8833
6460   8833
6470   8833
6480   8833
6490   8833
6500   8833
6510   8833
6520   8833
6530   8833
6540   8833
6550   8833
6560   8833
6570   8833
6580   8833
6590   8833
6600   8833
6610   8833
6620   8833
6630   8833
6640   8833
6650   8833
6660   8833
6670   8833
6680   8833
6690   8833
6700   8833
6710   8833
6720   8833
6730   8833
6740   8833
6750   8833
6760   8833
6770   8833
6780   8833
6790   8833
6800   8833
6810   8833
6820   8833
6830   8833
6840   8833
6850   8833
6860   8833
6870   8833
6880   8833
6890   8833
6900   8833
6910   8833
6920   8833
6930   8833
6940   8833
6950   8833
6960   8833
6970   8833
6980   8833
6990   8833
7000   8833
7010   8833
7020   8833
7030   8833
7040   8833
7050   8833
7060   8833
7070   8833
7080   8833
7090   8833
7100   8833
7110   8833
7120   8833
7130   8833
7140   8833
7150   8833
7160   8833
7170   8833
7180   8833
7190   8833
7200   8833
7210   8833
7220   8833
7230   8833
7240   8833
7250   8833
7260   8833
7270   8833
7280   8833
7290   8833
7300   8833
7310   8833
7320   8833
7330   8833
7340   8833
7350   8833
7360   8833
7370   8833
7380   8833
7390   8833
7400   8833
7410   8833
7420   8833
7430   8833
7440   8833
7450   8833
7460   8833
7470   8833
7480   8833
7490   8833
7500   8833
7510   8833
7520   8833
7530   8833
7540   8833
7550   8833
7560   8833
7570   8833
7580   8833
7590   8833
7600   8833
7610   8833
7620   8833
7630   8833
7640   8833
7650   8833
7660   8833
7670   8833
7680   8833
7690   8833
7700   8833
7710   8833
7720   8833
7730   8833
7740   8833
7750   8833
7760   8833
7770   8833
7780   8833
7790   8833
7800   8833
7810   8833
7820   8833
7830   8833
7840   8833
7850   8833
7860   8833
7870   8833
7880   8833
7890   8833
7900   8833
7910   8833
7920   8833
7930   8833
7940   8833
7950   8833
7960   8833
7970   8833
7980   8833
7990   8833
8000   8833
8010   8833
8020   8833
8030   8833
8040   8833
8050   8833
8060   8833
8070   8833
8080   8833
8090   8833
8100   8833
8110   8833
8120   8833
8130   8833
8140   8833
8150   8833
8160   8833
8170   8833
8180   8833
8190   8833
8200   8833
8210   8833
8220   8833
8230   8833
8240   8833
8250   8833
8260   8833
8270   8833
8280   8833
8290   8833
8300   8833
8310   8833
8320   8833
8330   8833
8340   8833
8350   8833
8360   8833
8370   8833
8380   8833
8390   8833
8400   8833
8410   8833
8420   8833
8430   8833
8440   8833
8450   8833
8460   8833
8470   8833
8480   8833
8490   8833
8500   8833
8510   8833
8520   8833
8530   8833
8540   8833
8550   8833
8560   8833
8570   8833
8580   8833
8590   8833
8600   8833
8610   8833
8620   8833
8630   8833
8640   8833
8650   8833
8660   8833
8670   8833
8680   8833
8690   8833
8700   8833
8710   8833
8720   8833
8730   8833
8740   8833
8750   8833
8760   8833
8770   8833
8780   8833
8790   8833
8800   8833
8810   8833
8820   8833
8830   8833
8840   8833
8850   8833
8860   8833
8870   8833
8880   8833
8890   8833
8900   8833
8910   8833
8920   8833
8930   8833
8940   8833
8950   8833
8960   8833
8970   8833
8980   8833
8990   8833
9000   8833
9010   8833
9020   8829
9030   8829
9040   8829
9050   8829
9060   8829
9070   8829
9080   8829
9090   8829
9100   8829
9110   8829
9120   8829
9130   8829
9140   8829
9150   8829
9160   8829
9170   8829
9180   8829
9190   8829
9200   8829
9210   8829
9220   8829
9230   8829
9240   8829
9250   8829
9260   8829
9270   8829
9280   8829
9290   8829
9300   8829
9310   8829
9320   8829
9330   8829
9340   8829
9350   8829
9360   8829
9370   8829
9380   8829
9390   8829
9400   8829
9410   8829
9420   8829
9430   8829
9440   8829
9450   8829
9460   8829
9470   8829
9480   8829
9490   8829
9500   8829
9510   8829
9520   8829
9530   8829
9540   8829
9550   8829
9560   8829
9570   8829
9580   8829
9590   8829
9600   8829
9610   8829
9620   8829
9630   8829
9640   8829
9650   8829
9660   8829
9670   8829
9680   8829
9690   8829
9700   8829
9710   8829
9720   8829
9730   8829
9740   8829
9750   8829
9760   8829
9770   8790
9780   8790
9790   8790
9800   8790
9810   8790
9820   8790
9830   8790
9840   8790
9850   8790
9860   8790
9870   8790
9880   8790
9890   8790
9900   8790
9910   8790
9920   8790
9930   8790
9940   8790
9950   8790
9960   8790
9970   8790
9980   8790
9990   8790
10000   8790
10010   8790
10020   8790
10030   8790
10040   8790
10050   8790
10060   8790
10070   8790
10080   8790
10090   8790
10100   8790
10110   8790
10120   8790
10130   8790
10140   8790
10150   8790
10160   8790
10170   8790
10180   8790
10190   8790
10200   8790
10210   8790
10220   8790
10230   8790
10240   8790
10250   8790
10260   8790
10270   8790
10280   8790
10290   8790
10300   8790
10310   8790
10320   8790
10330   8790
10340   8790
10350   8790
10360   8790
10370   8790
10380   8790
10390   8790
10400   8581
10410   8581
10420   8581
10430   8581
10440   8581
10450   8581
10460   8581
10470   8581
10480   8581
10490   8581
10500   8581
10510   8581
10520   8581
10530   8581
10540   8581
10550   8581
10560   8581
10570   8581
10580   8581
10590   8581
10600   8581
10610   8581
10620   8581
10630   8581
10640   8581
10650   8581
10660   8581
10670   8581
10680   8581
10690   8581
10700   8581
10710   8581
10720   8581
10730   8581
10740   8581
10750   8581
10760   8581
10770   8581
10780   8581
10790   8581
10800   8581
10810   8581
10820   8581
10830   8581
10840   8581
10850   8581
10860   8581
10870   8581
10880   8581
10890   8581
10900   8581
10910   8581
10920   8581
10930   8581
10940   8581
10950   8581
10960   8581
10970   8581
10980   8581
10990   8581
11000   8581
11010   8581
11020   8581
11030   8581
11040   8581
11050   8581
11060   8581
11070   8581
11080   8581
11090   8581
11100   8581
11110   8581
11120   8581
11130   8581
11140   8581
11150   8581
11160   8581
11170   8581
11180   8581
11190   8581
11200   8581
11210   8581
11220   8581
11230   8581
11240   8581
11250   8581
11260   8581
11270   8581
11280   8581
11290   8581
11300   8581
11310   8581
11320   8581
11330   8581
11340   8581
11350   8581
11360   8581
11370   8581
11380   8581
11390   8581
11400   8581
11410   8581
11420   8581
11430   8581
11440   8581
11450   8581
11460   8581
11470   8581
11480   8581
11490   8581
11500   8581
11510   8581
11520   8581
11530   8581
11540   8581
11550   8581
11560   8581
11570   8581
11580   8581
11590   8581
11600   8581
11610   8581
11620   8581
11630   8581
11640   8581
11650   8581
11660   8581
11670   8581
11680   8581
11690   8581
11700   8581
11710   8581
11720   8581
11730   8581
11740   8581
11750   8581
11760   8581
11770   8581
11780   8581
11790   8581
11800   8581
11810   8581
11820   8581
11830   8581
11840   8581
11850   8581
11860   8581
11870   8581
11880   8581
11890   8581
11900   8581
11910   8581
11920   8581
11930   8581
11940   8581
11950   8581
11960   8581
11970   8581
11980   8581
11990   8581
12000   8581
12010   8581
12020   8581
12030   8581
12040   8581
12050   8581
12060   8581
12070   8581
12080   8581
12090   8581
12100   8581
12110   8581
12120   8581
12130   8581
12140   8581
12150   8581
12160   8581
12170   8581
12180   8581
12190   8581
12200   8581
12210   8581
12220   8581
12230   8581
12240   8581
12250   8581
12260   8581
12270   8581
12280   8581
12290   8581
12300   8581
12310   8581
12320   8581
12330   8581
12340   8581
12350   8581
12360   8581
12370   8581
12380   8581
12390   8581
12400   8581
12410   8581
12420   8581
12430   8581
12440   8581
12450   8581
12460   8581
12470   8581
12480   8581
12490   8581
12500   8581
12510   8581
12520   8581
12530   8581
12540   8581
12550   8581
12560   8581
12570   8581
12580   8581
12590   8581
12600   8581
12610   8581
12620   8581
12630   8581
12640   8581
12650   8581
12660   8581
12670   8581
12680   8581
12690   8581
12700   8581
12710   8581
12720   8581
12730   8581
12740   8581
12750   8581
12760   8581
12770   8581
12780   8581
12790   8581
12800   8581
12810   8581
12820   8581
12830   8581
12840   8581
12850   8581
12860   8581
12870   8581
12880   8581
12890   8581
12900   8581
12910   8581
12920   8581
12930   8581
12940   8581
12950   8581
12960   8581
12970   8581
12980   8581
12990   8581
13000   8581
13010   8581
13020   8581
13030   8581
13040   8581
13050   8581
13060   8581
13070   8581
13080   8581
13090   8581
13100   8581
13110   8581
13120   8581
13130   8581
13140   8581
13150   8581
13160   8581
13170   8581
13180   8581
13190   8581
13200   8581
13210   8581
13220   8581
13230   8581
13240   8581
13250   8581
13260   8581
13270   8581
13280   8581
13290   8581
13300   8581
13310   8581
13320   8581
13330   8581
13340   8581
13350   8581
13360   8581
13370   8581
13380   8581
13390   8581
13400   8581
13410   8581
13420   8581
13430   8581
13440   8581
13450   8581
13460   8581
13470   8581
13480   8581
13490   8581
13500   8581
13510   8581
13520   8581
13530   8581
13540   8581
13550   8581
13560   8581
13570   8581
13580   8581
13590   8581
13600   8581
13610   8581
13620   8581
13630   8581
13640   8581
13650   8581
13660   8581
13670   8581
13680   8581
13690   8581
13700   8581
13710   8581
13720   8581
13730   8581
13740   8581
13750   8581
13760   8581
13770   8581
13780   8581
13790   8581
13800   8581
13810   8581
13820   8581
13830   8581
13840   8581
13850   8581
13860   8581
13870   8581
13880   8581
13890   8581
13900   8581
13910   8581
13920   8581
13930   8581
