10   98936
20   98936
30   98936
40   98936
50   98936
60   98936
70   98936
80   98936
90   98936
100   98936
110   98936
120   98936
130   98936
140   98728
150   98728
160   98728
170   98728
180   98728
190   98728
200   98728
210   98728
220   98728
230   98728
240   98728
250   98456
260   98456
270   98456
280   98456
290   98456
300   98456
310   98448
320   98448
330   98448
340   98448
350   98448
360   98448
370   98448
380   98448
390   98448
400   98448
410   98448
420   98448
430   98448
440   98448
450   98448
460   98448
470   98448
480   98448
490   98448
500   98448
510   98448
520   98448
530   98448
540   98448
550   98448
560   98448
570   98448
580   98448
590   98448
600   98448
610   98448
620   98448
630   98448
640   98448
650   98448
660   98448
670   98448
680   98448
690   98448
700   98448
710   98448
720   98448
730   98448
740   98448
750   98448
760   98448
770   98448
780   98448
790   98448
800   98448
810   98448
820   98448
830   98448
840   98448
850   98448
860   98448
870   98448
880   98448
890   98448
900   98448
910   98448
920   98448
930   98448
940   98448
950   98448
960   98448
970   98448
980   98448
990   98448
1000   98448
1010   98448
1020   98448
1030   98448
1040   98448
1050   98448
1060   98448
1070   98448
1080   98368
1090   98368
1100   98368
1110   98368
1120   98368
1130   98368
1140   98368
1150   98368
1160   98368
1170   98368
1180   98368
1190   98368
1200   98368
1210   98368
1220   98368
1230   98368
1240   98368
1250   98368
1260   98368
1270   98368
1280   98368
1290   98368
1300   98368
1310   98368
1320   98368
1330   98368
1340   98368
1350   98368
1360   98368
1370   98368
1380   98368
1390   98368
1400   98368
1410   98368
1420   98368
1430   98368
1440   98368
1450   98368
1460   98368
1470   98368
1480   98368
1490   98368
1500   98368
1510   98368
1520   98368
1530   98368
1540   98368
1550   98368
1560   98368
1570   98368
1580   98368
1590   98368
1600   98368
1610   98368
1620   98368
1630   98368
1640   98368
1650   98368
1660   98368
1670   98368
1680   98368
1690   98368
1700   98368
1710   98368
1720   98368
1730   98312
1740   98274
1750   98274
1760   98274
1770   98274
1780   98274
1790   98274
1800   98274
1810   98274
1820   98274
1830   98274
1840   98274
1850   98274
1860   98274
1870   98274
1880   98274
1890   98274
1900   98274
1910   98274
1920   98274
1930   98274
1940   98274
1950   98274
1960   98274
1970   98274
1980   98274
1990   98274
2000   98274
2010   98274
2020   98274
2030   98274
2040   98274
2050   98274
2060   98274
2070   98274
2080   98274
2090   98274
2100   98274
2110   98274
2120   98274
2130   98274
2140   98274
2150   98274
2160   98274
2170   98274
2180   98274
2190   98274
2200   98274
2210   98274
2220   98274
2230   98274
2240   98274
2250   98274
2260   98274
2270   98274
2280   98274
2290   98274
2300   98274
2310   98274
2320   98274
2330   98274
2340   98274
2350   98274
2360   98274
2370   98274
2380   98274
2390   98274
2400   98274
2410   98274
2420   98274
2430   98274
2440   98274
2450   98274
2460   98274
2470   98274
2480   98274
2490   98274
2500   98274
2510   98274
2520   98274
2530   98274
2540   98274
2550   98274
2560   98274
2570   98274
2580   98274
2590   98274
2600   98274
2610   98274
2620   98274
2630   98274
2640   98274
2650   98274
2660   98274
2670   98274
2680   98274
2690   98274
2700   98274
2710   98274
2720   98274
2730   98274
2740   98274
2750   98274
2760   98274
2770   98274
2780   98274
2790   98274
2800   98274
2810   98274
2820   98274
2830   98274
2840   98274
2850   98274
2860   98274
2870   98274
2880   98274
2890   98274
2900   98274
2910   98274
2920   98274
2930   98274
2940   98274
2950   98274
2960   98274
2970   98274
2980   98232
2990   98232
3000   98232
3010   98232
3020   98232
3030   98232
3040   98232
3050   98232
3060   98232
3070   98232
3080   98232
3090   98232
3100   98232
3110   98232
3120   98232
3130   98232
3140   98232
3150   98232
3160   98232
3170   98232
3180   98232
3190   98232
3200   98232
3210   98232
3220   98232
3230   98232
3240   98232
3250   98232
3260   98232
3270   98232
3280   98232
3290   98232
3300   98232
3310   98232
3320   98232
3330   98232
3340   98232
3350   98232
3360   98232
3370   98232
3380   98232
3390   98232
3400   98232
3410   98232
3420   98232
3430   98232
3440   98232
3450   98232
3460   98232
3470   98232
3480   98232
3490   98232
3500   98232
3510   98232
3520   98232
3530   98232
3540   98232
3550   98232
3560   98232
3570   98232
3580   98232
3590   98232
3600   98232
3610   98232
3620   98232
3630   98232
3640   98232
3650   98232
3660   98232
3670   98232
3680   98232
3690   98232
3700   98232
3710   98232
3720   98232
3730   98232
3740   98232
3750   98232
3760   98232
3770   98232
3780   98232
3790   98232
3800   98232
3810   98232
3820   98232
3830   98232
3840   98232
3850   98232
3860   98232
3870   98232
3880   98232
3890   98232
3900   98232
3910   98232
3920   98232
3930   98232
3940   98232
3950   98232
3960   98232
3970   98232
3980   98232
3990   98232
4000   98232
4010   98232
4020   98232
4030   98232
4040   98232
4050   98232
4060   98232
4070   98232
4080   98232
4090   98232
4100   98232
4110   98232
4120   98232
4130   98232
4140   98232
4150   98232
4160   98232
4170   98232
4180   98232
4190   98232
4200   98232
4210   98232
4220   98232
4230   98232
4240   98232
4250   98232
4260   98232
4270   98232
4280   98232
4290   98232
4300   98232
4310   98232
4320   98232
4330   98232
4340   98232
4350   98232
4360   98232
4370   98232
4380   98232
4390   98232
4400   98232
4410   98232
4420   98232
4430   98232
4440   98232
4450   98232
4460   98232
4470   98232
4480   98232
4490   98232
4500   98232
4510   98232
4520   98232
4530   98232
4540   98232
4550   98232
4560   98232
4570   98232
4580   98232
4590   98232
4600   98232
4610   98232
4620   98232
4630   98232
4640   98232
4650   98232
4660   98232
4670   98232
4680   98232
4690   98232
4700   98232
4710   98232
4720   98232
4730   98232
4740   98232
4750   98232
4760   98232
4770   98232
4780   98232
4790   98232
4800   98232
4810   98232
4820   98232
4830   98232
4840   98232
4850   98232
4860   98232
4870   98232
4880   98232
4890   98232
4900   98232
4910   98232
4920   98232
4930   98232
4940   98232
4950   98232
4960   98232
4970   98232
4980   98232
4990   98232
5000   98232
5010   98232
5020   98232
5030   98232
5040   98232
5050   98232
5060   98232
5070   98232
5080   98232
5090   98232
5100   98232
5110   98232
5120   98232
5130   98232
5140   98232
5150   98232
5160   98232
5170   98232
5180   98232
5190   98232
5200   98232
5210   98232
5220   98232
5230   98216
5240   98216
5250   98216
5260   98216
5270   98216
5280   98216
5290   98216
5300   98216
5310   98216
5320   98216
5330   98216
5340   98216
5350   98216
5360   98216
5370   98216
5380   98216
5390   98216
5400   98216
5410   98216
5420   98216
5430   98216
5440   98216
5450   98216
5460   98216
5470   98216
5480   98216
5490   98216
5500   98216
5510   98216
5520   98216
5530   98216
5540   98216
5550   98216
5560   98216
5570   98216
5580   98216
5590   98216
5600   98216
5610   98216
5620   98216
5630   98216
5640   98216
5650   98216
5660   98216
5670   98216
5680   98216
5690   98216
5700   98216
5710   98216
5720   98216
5730   98216
5740   98216
5750   98216
5760   98216
5770   98216
5780   98216
5790   98216
5800   98216
5810   98216
5820   98216
5830   98216
5840   98216
5850   98216
5860   98216
5870   98216
5880   98216
5890   98216
5900   98216
5910   98216
5920   98216
5930   98216
5940   98216
5950   98216
5960   98216
5970   98216
5980   98216
5990   98216
6000   98216
6010   98216
6020   98216
6030   98216
6040   98216
6050   98216
6060   98216
6070   98216
6080   98216
6090   98216
6100   98216
6110   98216
6120   98216
6130   98216
6140   98216
6150   98216
6160   98216
6170   98216
6180   98216
6190   98216
6200   98216
6210   98216
6220   98216
6230   98216
6240   98216
6250   98216
6260   98216
6270   98216
6280   98216
6290   98216
6300   98216
6310   98216
6320   98216
6330   98216
6340   98216
6350   98216
6360   98216
6370   98216
6380   98216
6390   98216
6400   98216
6410   98216
6420   98216
6430   98216
6440   98216
6450   98216
6460   98216
6470   98216
6480   98216
6490   98216
6500   98216
6510   98216
6520   98216
6530   98216
6540   98216
6550   98216
6560   98216
6570   98216
6580   98216
6590   98216
6600   98216
6610   98216
6620   98216
6630   98216
6640   98216
6650   98216
6660   98216
6670   98216
6680   98216
6690   98216
6700   98216
6710   98216
6720   98216
6730   98216
6740   98216
6750   98216
6760   98216
6770   98216
6780   98216
6790   98216
6800   98216
6810   98216
6820   98216
6830   98216
6840   98216
6850   98216
6860   98216
6870   98216
6880   98216
6890   98216
6900   98216
6910   98216
6920   98216
6930   98216
6940   98216
6950   98216
6960   98216
6970   98216
6980   98216
6990   98216
7000   98216
7010   98216
7020   98216
7030   98216
7040   98216
7050   98216
7060   98216
7070   98216
7080   98216
7090   98216
7100   98216
7110   98216
7120   98216
7130   98216
7140   98216
7150   98216
7160   98216
7170   98216
7180   98216
7190   98216
7200   98216
7210   98216
7220   98216
7230   98216
7240   98216
7250   98216
7260   98216
7270   98216
7280   98216
7290   98216
7300   98216
7310   98216
7320   98216
7330   98216
7340   98216
7350   98216
7360   98216
7370   98216
7380   98216
7390   98216
7400   98216
7410   98216
7420   98216
7430   98216
7440   98216
7450   98216
7460   98216
7470   98216
7480   98216
7490   98216
7500   98216
7510   98216
7520   98216
7530   98216
7540   98216
7550   98216
7560   98216
7570   98216
7580   98216
7590   98216
7600   98216
7610   98216
7620   98216
7630   98216
7640   98216
7650   98216
7660   98216
7670   98216
7680   98216
7690   98216
7700   98216
7710   98216
7720   98216
7730   98216
7740   98216
7750   98216
7760   98216
7770   98216
7780   98216
7790   98216
7800   98216
7810   98216
7820   98216
7830   98216
7840   98216
7850   98216
7860   98216
7870   98216
7880   98216
7890   98216
7900   98216
7910   98216
7920   98216
7930   98216
7940   98216
7950   98216
7960   98216
7970   98216
7980   98216
7990   98216
8000   98216
8010   98216
8020   98216
8030   98216
8040   98216
8050   98216
8060   98216
8070   98216
8080   98216
8090   98216
8100   98216
8110   98216
8120   98216
8130   98216
8140   98216
8150   98216
8160   98216
8170   98216
8180   98216
8190   98216
8200   98216
8210   98216
8220   98216
8230   98216
8240   98216
8250   98216
8260   98216
8270   98216
8280   98216
8290   98216
8300   98216
8310   98216
8320   98216
8330   98216
8340   98216
8350   98216
8360   98216
8370   98216
8380   98216
8390   98216
8400   98216
8410   98216
8420   98216
8430   98216
8440   98216
8450   98216
8460   98216
8470   98216
8480   98216
8490   98216
8500   98216
8510   98216
8520   98216
8530   98216
8540   98216
8550   98216
8560   98216
8570   98216
8580   98216
8590   98216
8600   98128
8610   98128
8620   98128
8630   98128
8640   98128
8650   98128
8660   98128
8670   98128
8680   98128
8690   98128
8700   98128
8710   98128
8720   98128
8730   98128
8740   98128
8750   98128
8760   98128
8770   98128
8780   98128
8790   98128
8800   98128
8810   98128
8820   98128
8830   98128
8840   98128
8850   98128
8860   98128
8870   98128
8880   98128
8890   98128
8900   98128
8910   98128
8920   98128
8930   98128
8940   98128
8950   98128
8960   98128
8970   98128
8980   98128
8990   98128
9000   98128
9010   98128
9020   98128
9030   98128
9040   98128
9050   98128
9060   98128
9070   98128
9080   98128
9090   98128
9100   98128
9110   98128
9120   98128
9130   98128
9140   98128
9150   98128
9160   98128
9170   98128
9180   98128
9190   98128
9200   98128
9210   98128
9220   98128
9230   98128
9240   98128
9250   98128
9260   98128
9270   98128
9280   98128
9290   98128
9300   98128
9310   98128
9320   98128
9330   98128
9340   98128
9350   98128
9360   98128
9370   98128
9380   98128
9390   98128
9400   98128
9410   98128
9420   98128
9430   98128
9440   98128
9450   98128
9460   98128
9470   98128
9480   98128
9490   98128
9500   98128
9510   98128
9520   98128
9530   98128
9540   98128
9550   98128
9560   98128
9570   98128
9580   98128
9590   98128
9600   98128
9610   98128
9620   98128
9630   98128
9640   98128
9650   98128
9660   98128
9670   98128
9680   98128
9690   98128
9700   98128
9710   98128
9720   98128
9730   98128
9740   98128
9750   98128
9760   98128
9770   98128
9780   98128
9790   98128
9800   98128
9810   98128
9820   98128
9830   98128
9840   98128
9850   98128
9860   98128
9870   98128
9880   98128
9890   98128
9900   98128
9910   98128
9920   98128
9930   98128
9940   98128
9950   98128
9960   98128
9970   98128
9980   98128
9990   98128
10000   98128
10010   98128
10020   98128
10030   98128
10040   98128
10050   98128
10060   98128
10070   98128
10080   98128
10090   98128
10100   98128
10110   98128
10120   98128
10130   98128
10140   98128
10150   98128
10160   98128
10170   98128
10180   98128
10190   98128
10200   98128
10210   98128
10220   98128
10230   98128
10240   98128
10250   98128
10260   98128
10270   98128
10280   98128
10290   98128
10300   98128
10310   98128
10320   98128
10330   98128
10340   98128
10350   98128
10360   98128
10370   98128
10380   98128
10390   98128
10400   98128
10410   98128
10420   98128
10430   98128
10440   98128
10450   98128
10460   98128
10470   98128
10480   98128
10490   98128
10500   98128
10510   98128
10520   98128
10530   98128
10540   98128
10550   98128
10560   98128
10570   98128
10580   98128
10590   98128
10600   98128
10610   98128
10620   98128
10630   98128
10640   98128
10650   98128
10660   98128
10670   98128
10680   98128
10690   98128
10700   98128
10710   98128
10720   98128
10730   98128
10740   98128
10750   98128
10760   98128
10770   98128
10780   98128
10790   98128
10800   98128
10810   98128
10820   98128
10830   98128
10840   98128
10850   98128
10860   98128
10870   98128
10880   98128
10890   98128
10900   98128
10910   98128
10920   98128
10930   98128
10940   98128
10950   98128
10960   98128
10970   98128
10980   98128
10990   98128
11000   98128
11010   98128
11020   98128
11030   98128
11040   98128
11050   98128
11060   98128
11070   98128
11080   98128
11090   98128
11100   98128
11110   98128
11120   98128
11130   98128
11140   98128
11150   98128
11160   98128
11170   98128
11180   98128
11190   98128
11200   98128
11210   98128
11220   98128
11230   98128
11240   98128
11250   98128
11260   98128
11270   98128
11280   98128
11290   98128
11300   98128
11310   98128
11320   98128
11330   98128
11340   98128
11350   98128
11360   98128
11370   98128
11380   98128
11390   98128
11400   98128
11410   98128
11420   98128
11430   98128
11440   98128
11450   98128
11460   98128
11470   98128
11480   98128
11490   98128
11500   98128
11510   98128
11520   98128
11530   98128
11540   98128
11550   98128
11560   98128
11570   98128
11580   98128
11590   98128
11600   98128
11610   98128
11620   98128
11630   98128
11640   98128
11650   98128
11660   98128
11670   98128
11680   98128
11690   98128
11700   98128
11710   98128
11720   98128
11730   98128
11740   98128
11750   98128
11760   98128
11770   98128
11780   98128
11790   98128
11800   98128
11810   98128
11820   98128
11830   98128
11840   98128
11850   98128
11860   98128
11870   98128
11880   98128
11890   98128
11900   98128
11910   98128
11920   98128
11930   98128
11940   98128
11950   98128
11960   98128
11970   98128
11980   98008
11990   98008
12000   98008
12010   98008
12020   98008
12030   98008
12040   98008
12050   98008
12060   98008
12070   98008
12080   98008
12090   98008
12100   98008
12110   98008
12120   98008
12130   98008
12140   98008
12150   98008
12160   98008
12170   98008
12180   98008
12190   98008
12200   98008
12210   98008
12220   98008
12230   98008
12240   98008
12250   98008
12260   98008
12270   98008
12280   98008
12290   98008
12300   98008
12310   98008
12320   98008
12330   98008
12340   98008
12350   98008
12360   98008
12370   98008
12380   98008
12390   98008
12400   98008
12410   98008
12420   98008
12430   98008
12440   98008
12450   98008
12460   98008
12470   98008
12480   98008
12490   98008
12500   98008
12510   98008
12520   98008
12530   98008
12540   98008
12550   98008
12560   98008
12570   98008
12580   98008
12590   98008
12600   98008
12610   98008
12620   98008
12630   98008
12640   98008
12650   98008
12660   98008
12670   98008
12680   98008
12690   98008
12700   98008
12710   98008
12720   98008
12730   98008
12740   98008
12750   98008
12760   98008
12770   98008
12780   98008
12790   98008
12800   98008
12810   98008
12820   98008
12830   98008
12840   98008
12850   98008
12860   98008
12870   98008
12880   98008
12890   98008
12900   98008
12910   98008
12920   98008
12930   98008
12940   98008
12950   98008
12960   98008
12970   98008
12980   98008
12990   98008
13000   98008
13010   98008
13020   98008
13030   98008
13040   98008
13050   98008
13060   98008
13070   98008
13080   98008
13090   98008
13100   98008
13110   98008
13120   98008
13130   98008
13140   98008
13150   98008
13160   98008
13170   98008
13180   98008
13190   98008
13200   98008
13210   98008
13220   98008
13230   98008
13240   98008
13250   98008
13260   98008
13270   98008
13280   98008
13290   98008
13300   98008
13310   98008
13320   98008
13330   98008
13340   98008
13350   98008
13360   98008
13370   98008
13380   98008
13390   98008
13400   98008
13410   98008
13420   98008
13430   98008
13440   98008
13450   98008
13460   98008
13470   98008
13480   98008
13490   98008
13500   98008
13510   98008
13520   98008
13530   98008
13540   98008
13550   98008
13560   98008
13570   98008
13580   98008
13590   98008
13600   98008
13610   98008
13620   98008
13630   98008
13640   98008
13650   98008
13660   98008
13670   98008
13680   98008
13690   98008
13700   98008
13710   98008
13720   98008
13730   98008
13740   98008
13750   98008
13760   98008
13770   98008
13780   98008
13790   98008
13800   98008
13810   98008
13820   98008
13830   98008
13840   98008
13850   98008
13860   98008
13870   98008
13880   98008
13890   98008
13900   98008
13910   98008
13920   98008
13930   98008
13940   98008
13950   98008
13960   98008
13970   98008
13980   98008
13990   98008
14000   98008
14010   98008
14020   98008
14030   98008
14040   98008
14050   98008
14060   98008
14070   98008
14080   98008
14090   98008
14100   98008
14110   98008
14120   98008
14130   98008
14140   98008
14150   98008
14160   98008
14170   98008
14180   98008
14190   98008
14200   98008
14210   98008
14220   98008
14230   98008
14240   98008
14250   98008
14260   98008
14270   98008
14280   98008
14290   98008
14300   98008
14310   98008
14320   98008
14330   98008
14340   98008
14350   98008
14360   98008
14370   98008
14380   98008
14390   98008
14400   98008
14410   98008
14420   98008
14430   98008
14440   98008
14450   98008
14460   98008
14470   98008
14480   98008
14490   98008
14500   98008
14510   98008
14520   98008
14530   98008
14540   98008
14550   98008
14560   98008
14570   98008
14580   98008
14590   98008
14600   98008
14610   98008
14620   98008
14630   98008
14640   98008
14650   98008
14660   98008
14670   98008
14680   98008
14690   98008
14700   98008
14710   98008
14720   98008
14730   98008
14740   98008
14750   98008
14760   98008
14770   98008
14780   98008
14790   98008
14800   98008
14810   98008
14820   98008
14830   98008
14840   98008
14850   98008
14860   98008
14870   98008
14880   98008
14890   98008
14900   98008
14910   98008
14920   98008
14930   98008
14940   98008
14950   98008
14960   98008
14970   98008
14980   98008
14990   98008
15000   98008
15010   98008
15020   98008
15030   98008
15040   98008
15050   98008
15060   98008
15070   98008
15080   98008
15090   98008
15100   98008
15110   98008
15120   98008
15130   98008
15140   98008
15150   98008
15160   98008
15170   98008
15180   98008
15190   98008
15200   98008
15210   98008
15220   98008
15230   98008
15240   98008
15250   98008
15260   98008
15270   98008
15280   98008
15290   98008
15300   98008
15310   98008
15320   98008
15330   98008
15340   98008
15350   98008
15360   98008
15370   98008
15380   98008
15390   98008
15400   98008
15410   98008
15420   98008
15430   98008
15440   98008
15450   98008
15460   98008
15470   98008
15480   98008
15490   98008
15500   98008
15510   98008
15520   98008
15530   98008
15540   98008
15550   98008
15560   98008
15570   98008
15580   98008
15590   98008
15600   98008
15610   98008
15620   98008
15630   98008
15640   98008
15650   98008
15660   98008
15670   98008
15680   98008
15690   98008
15700   98008
15710   98008
15720   98008
15730   98008
15740   98008
15750   98008
15760   98008
15770   98008
15780   98008
15790   98008
15800   98008
15810   98008
15820   98008
15830   98008
15840   98008
15850   98008
15860   98008
15870   98008
15880   98008
15890   98008
15900   98008
15910   98008
15920   98008
15930   98008
15940   98008
15950   98008
15960   98008
15970   98008
15980   98008
15990   98008
16000   98008
16010   98008
16020   98008
16030   98008
16040   98008
16050   98008
16060   98008
16070   98008
16080   98008
16090   98008
16100   98008
16110   98008
16120   98008
16130   98008
16140   98008
16150   98008
16160   98008
16170   98008
16180   98008
16190   98008
16200   98008
16210   98008
16220   98008
16230   98008
16240   98008
16250   98008
16260   98008
16270   98008
16280   98008
16290   98008
16300   98008
16310   98008
16320   98008
16330   98008
16340   98008
16350   98008
16360   98008
16370   98008
16380   98008
16390   98008
16400   98008
16410   98008
16420   98000
16430   98000
16440   98000
16450   98000
16460   98000
16470   98000
16480   98000
16490   98000
16500   98000
16510   98000
16520   98000
16530   98000
16540   98000
16550   98000
16560   98000
16570   98000
16580   98000
16590   98000
16600   98000
16610   98000
16620   98000
16630   98000
16640   98000
16650   98000
16660   98000
16670   98000
16680   98000
16690   98000
16700   98000
16710   98000
16720   98000
16730   98000
16740   98000
16750   98000
16760   98000
16770   98000
16780   98000
16790   98000
16800   98000
16810   98000
16820   98000
16830   98000
16840   98000
16850   98000
16860   98000
16870   98000
16880   98000
16890   98000
16900   98000
16910   98000
16920   98000
16930   98000
16940   98000
16950   98000
16960   98000
16970   98000
16980   98000
16990   98000
17000   98000
17010   98000
17020   98000
17030   98000
17040   98000
17050   98000
17060   98000
17070   98000
17080   98000
17090   98000
17100   98000
17110   98000
17120   98000
17130   98000
17140   98000
17150   98000
17160   98000
17170   98000
17180   98000
17190   98000
17200   98000
17210   98000
17220   98000
17230   98000
17240   98000
17250   98000
17260   98000
17270   98000
17280   98000
17290   98000
17300   98000
17310   98000
17320   98000
17330   98000
17340   98000
17350   98000
17360   98000
17370   98000
17380   98000
17390   98000
17400   98000
17410   98000
17420   98000
17430   98000
17440   98000
17450   98000
17460   98000
17470   98000
17480   98000
17490   98000
17500   98000
17510   98000
17520   98000
17530   98000
17540   98000
17550   98000
17560   98000
17570   98000
17580   98000
17590   98000
17600   98000
17610   98000
17620   98000
17630   98000
17640   98000
17650   98000
17660   98000
17670   98000
17680   98000
17690   98000
17700   98000
17710   98000
17720   98000
17730   98000
17740   98000
17750   98000
17760   98000
17770   98000
17780   98000
17790   98000
17800   98000
17810   98000
17820   98000
17830   98000
17840   98000
17850   98000
17860   98000
17870   98000
17880   98000
17890   98000
17900   98000
17910   98000
17920   98000
17930   98000
17940   98000
17950   98000
17960   98000
17970   98000
17980   98000
17990   98000
18000   98000
18010   98000
18020   98000
18030   98000
18040   98000
18050   98000
18060   98000
18070   98000
18080   98000
18090   98000
18100   98000
18110   98000
18120   98000
18130   98000
18140   98000
18150   98000
18160   98000
18170   98000
18180   98000
18190   98000
18200   98000
18210   98000
18220   98000
18230   98000
18240   98000
18250   98000
18260   98000
18270   98000
18280   98000
18290   98000
18300   98000
18310   98000
18320   98000
18330   98000
18340   98000
18350   98000
18360   98000
18370   98000
18380   98000
18390   98000
18400   98000
18410   98000
18420   98000
18430   98000
18440   98000
18450   98000
18460   98000
18470   98000
18480   98000
18490   98000
18500   98000
18510   98000
18520   98000
18530   98000
18540   98000
18550   98000
18560   98000
18570   98000
18580   98000
18590   98000
18600   98000
18610   98000
18620   98000
18630   98000
18640   98000
18650   98000
18660   98000
18670   98000
18680   98000
18690   98000
18700   98000
18710   98000
18720   98000
18730   98000
18740   98000
18750   98000
18760   98000
18770   98000
18780   98000
18790   98000
18800   98000
18810   98000
18820   98000
18830   98000
18840   98000
18850   98000
18860   98000
18870   98000
18880   98000
18890   98000
18900   98000
18910   98000
18920   98000
18930   98000
18940   98000
18950   98000
18960   98000
18970   98000
18980   98000
18990   98000
19000   98000
19010   98000
19020   98000
19030   98000
19040   98000
19050   98000
19060   98000
19070   98000
19080   98000
19090   98000
19100   98000
19110   98000
19120   98000
19130   98000
19140   98000
19150   98000
19160   98000
19170   98000
19180   98000
19190   98000
19200   98000
19210   98000
19220   98000
19230   98000
19240   98000
19250   98000
19260   98000
19270   98000
19280   98000
19290   98000
19300   98000
19310   98000
19320   98000
19330   98000
19340   98000
19350   98000
19360   98000
19370   98000
19380   98000
19390   98000
19400   98000
19410   98000
19420   98000
19430   98000
19440   98000
19450   98000
19460   98000
19470   98000
19480   98000
19490   98000
19500   98000
19510   98000
19520   98000
19530   98000
19540   98000
19550   98000
19560   98000
19570   98000
19580   98000
19590   98000
19600   98000
19610   98000
19620   98000
19630   98000
19640   98000
19650   98000
19660   98000
19670   98000
19680   98000
19690   98000
19700   98000
19710   98000
19720   98000
19730   98000
19740   98000
19750   98000
19760   98000
19770   98000
19780   98000
19790   98000
19800   98000
19810   98000
19820   98000
19830   98000
19840   98000
19850   98000
19860   98000
19870   98000
19880   98000
19890   98000
19900   98000
19910   98000
19920   98000
19930   98000
19940   98000
19950   98000
19960   98000
19970   98000
19980   98000
19990   98000
20000   98000
20010   98000
20020   98000
20030   98000
20040   98000
20050   98000
20060   98000
20070   98000
20080   98000
20090   98000
20100   98000
20110   98000
20120   98000
20130   98000
20140   98000
20150   98000
20160   98000
20170   98000
20180   98000
20190   98000
20200   98000
20210   98000
20220   98000
20230   98000
20240   98000
20250   98000
20260   98000
20270   98000
20280   98000
20290   98000
20300   98000
20310   98000
20320   98000
20330   98000
20340   98000
20350   98000
20360   98000
20370   98000
20380   98000
20390   98000
20400   98000
20410   98000
20420   98000
20430   98000
20440   98000
20450   98000
20460   98000
20470   98000
20480   98000
20490   98000
20500   98000
20510   98000
20520   98000
20530   98000
20540   98000
20550   98000
20560   98000
20570   98000
20580   98000
20590   98000
20600   98000
20610   98000
20620   98000
20630   98000
20640   98000
20650   98000
20660   98000
20670   98000
20680   98000
20690   98000
20700   98000
20710   98000
20720   98000
20730   98000
20740   98000
20750   98000
20760   98000
20770   98000
20780   98000
20790   98000
20800   98000
20810   98000
20820   98000
20830   98000
20840   98000
20850   98000
20860   98000
20870   98000
20880   98000
20890   98000
20900   98000
20910   98000
20920   98000
20930   98000
20940   98000
20950   98000
20960   98000
20970   98000
20980   98000
20990   98000
21000   98000
21010   98000
21020   98000
21030   98000
21040   98000
21050   98000
21060   98000
21070   98000
21080   98000
21090   98000
21100   98000
21110   98000
21120   98000
21130   98000
21140   98000
21150   98000
21160   98000
21170   98000
21180   98000
21190   98000
21200   98000
21210   98000
21220   98000
21230   98000
21240   98000
21250   98000
21260   98000
21270   98000
21280   98000
21290   98000
21300   98000
21310   98000
21320   98000
21330   98000
21340   98000
21350   98000
21360   98000
21370   98000
21380   98000
21390   98000
21400   98000
21410   98000
21420   98000
21430   98000
21440   98000
21450   98000
21460   98000
21470   98000
21480   98000
21490   98000
21500   98000
21510   98000
21520   98000
21530   98000
21540   98000
21550   98000
21560   98000
21570   98000
21580   98000
21590   98000
21600   98000
21610   98000
21620   98000
21630   98000
21640   98000
21650   98000
21660   98000
21670   98000
21680   98000
21690   98000
21700   98000
21710   98000
21720   98000
21730   98000
21740   98000
21750   98000
21760   98000
21770   98000
21780   98000
21790   98000
21800   98000
21810   98000
21820   98000
21830   98000
21840   98000
21850   98000
21860   98000
21870   98000
21880   98000
21890   98000
21900   98000
21910   98000
21920   98000
21930   98000
21940   98000
21950   98000
21960   98000
21970   98000
21980   98000
21990   98000
22000   98000
22010   98000
22020   98000
22030   98000
22040   98000
22050   98000
22060   98000
22070   98000
22080   98000
22090   98000
22100   98000
22110   98000
22120   98000
22130   98000
22140   98000
22150   98000
22160   98000
22170   98000
22180   98000
22190   98000
22200   98000
22210   98000
22220   98000
22230   98000
22240   98000
22250   98000
22260   98000
22270   98000
22280   98000
22290   98000
22300   98000
22310   98000
22320   98000
22330   98000
22340   98000
22350   98000
22360   98000
22370   98000
22380   98000
22390   98000
22400   98000
22410   98000
22420   98000
22430   98000
22440   98000
22450   98000
22460   98000
22470   98000
22480   98000
22490   98000
22500   98000
22510   98000
22520   98000
22530   98000
22540   98000
22550   98000
22560   98000
22570   98000
22580   98000
22590   98000
22600   98000
22610   98000
22620   98000
22630   98000
22640   98000
22650   98000
22660   98000
22670   98000
22680   98000
22690   98000
22700   98000
22710   98000
22720   98000
22730   98000
22740   98000
22750   98000
22760   98000
22770   98000
22780   98000
22790   98000
22800   98000
22810   98000
22820   98000
22830   98000
22840   98000
22850   98000
22860   98000
22870   98000
22880   98000
22890   98000
22900   98000
22910   98000
22920   98000
22930   98000
22940   98000
22950   98000
22960   98000
22970   98000
22980   98000
22990   98000
23000   98000
23010   98000
23020   98000
23030   98000
23040   98000
23050   98000
23060   98000
23070   98000
23080   98000
23090   98000
23100   98000
23110   98000
23120   98000
23130   98000
23140   98000
23150   98000
23160   98000
23170   98000
23180   98000
23190   98000
23200   98000
23210   98000
23220   98000
23230   98000
23240   98000
23250   98000
23260   98000
23270   98000
23280   98000
23290   98000
23300   98000
23310   98000
23320   98000
23330   98000
23340   98000
23350   98000
23360   98000
23370   98000
23380   98000
23390   98000
23400   98000
23410   98000
23420   98000
23430   98000
23440   98000
23450   98000
23460   98000
23470   98000
23480   98000
23490   98000
23500   98000
23510   98000
23520   98000
23530   98000
23540   98000
23550   98000
23560   98000
23570   98000
23580   98000
23590   98000
23600   98000
23610   98000
23620   98000
23630   98000
23640   98000
23650   98000
23660   98000
23670   98000
23680   98000
23690   98000
23700   98000
23710   98000
23720   98000
23730   98000
23740   98000
23750   98000
23760   98000
23770   98000
23780   98000
23790   98000
23800   98000
23810   98000
23820   98000
23830   98000
23840   98000
23850   98000
23860   98000
23870   98000
23880   98000
23890   98000
23900   98000
23910   98000
23920   98000
23930   98000
23940   98000
23950   98000
23960   98000
23970   98000
23980   98000
23990   98000
24000   98000
24010   98000
24020   98000
24030   98000
24040   98000
24050   98000
24060   98000
24070   98000
24080   98000
24090   98000
24100   98000
24110   98000
24120   98000
24130   98000
24140   98000
24150   98000
24160   98000
24170   98000
24180   98000
24190   98000
24200   98000
24210   98000
24220   98000
24230   98000
24240   98000
24250   98000
24260   98000
24270   98000
24280   98000
24290   98000
24300   98000
24310   98000
24320   98000
24330   98000
24340   98000
24350   98000
24360   98000
24370   98000
24380   98000
24390   98000
24400   98000
24410   98000
24420   98000
24430   98000
24440   98000
24450   98000
24460   98000
24470   98000
24480   98000
24490   98000
24500   98000
24510   98000
24520   98000
24530   98000
24540   98000
24550   98000
24560   98000
24570   98000
24580   98000
24590   98000
24600   98000
24610   98000
24620   98000
24630   98000
24640   98000
24650   98000
24660   98000
24670   98000
24680   98000
24690   98000
24700   98000
24710   98000
24720   98000
24730   98000
24740   98000
24750   98000
24760   98000
24770   98000
24780   98000
24790   98000
24800   98000
24810   98000
24820   98000
24830   98000
24840   98000
24850   98000
24860   98000
24870   98000
24880   98000
24890   98000
24900   98000
24910   98000
24920   98000
24930   98000
24940   98000
24950   98000
24960   98000
24970   98000
24980   98000
24990   98000
25000   98000
25010   98000
25020   98000
25030   98000
25040   98000
25050   98000
25060   98000
25070   98000
25080   98000
25090   98000
25100   98000
25110   98000
25120   98000
25130   98000
25140   98000
25150   98000
25160   98000
25170   98000
25180   98000
25190   98000
25200   98000
25210   98000
25220   98000
25230   98000
25240   98000
25250   98000
25260   98000
25270   98000
25280   98000
25290   98000
25300   98000
25310   98000
25320   98000
25330   98000
25340   98000
25350   98000
25360   98000
25370   98000
25380   98000
25390   98000
25400   98000
25410   98000
25420   98000
25430   98000
25440   98000
25450   98000
25460   98000
25470   98000
25480   98000
25490   98000
25500   98000
25510   98000
25520   98000
25530   98000
25540   98000
25550   98000
25560   98000
25570   98000
25580   98000
25590   98000
25600   98000
25610   98000
25620   98000
25630   98000
25640   98000
25650   98000
25660   98000
25670   98000
25680   98000
25690   98000
25700   98000
25710   98000
25720   98000
25730   98000
25740   98000
25750   98000
25760   98000
25770   98000
25780   98000
25790   98000
25800   98000
25810   98000
25820   98000
25830   98000
25840   98000
25850   98000
25860   98000
25870   98000
25880   98000
25890   98000
25900   98000
25910   98000
25920   98000
25930   98000
25940   98000
25950   98000
25960   98000
25970   98000
25980   98000
25990   98000
26000   98000
26010   98000
26020   98000
26030   98000
26040   98000
26050   98000
26060   98000
26070   98000
26080   98000
26090   98000
26100   98000
26110   98000
26120   98000
26130   98000
26140   98000
26150   98000
26160   98000
26170   98000
26180   98000
26190   98000
26200   98000
26210   98000
26220   98000
26230   98000
26240   98000
26250   98000
26260   98000
26270   98000
26280   98000
26290   98000
26300   98000
26310   98000
26320   98000
26330   98000
26340   98000
26350   98000
26360   98000
26370   98000
26380   98000
26390   98000
26400   98000
26410   98000
26420   98000
26430   98000
26440   98000
26450   98000
26460   98000
26470   98000
26480   98000
26490   98000
26500   98000
26510   98000
26520   98000
26530   98000
26540   98000
26550   98000
26560   98000
26570   98000
26580   98000
26590   98000
26600   98000
26610   98000
26620   98000
26630   98000
26640   98000
26650   98000
26660   98000
26670   98000
26680   98000
26690   98000
26700   98000
26710   98000
26720   98000
26730   98000
26740   98000
26750   98000
26760   98000
26770   98000
26780   98000
26790   98000
26800   98000
26810   98000
26820   98000
26830   98000
26840   98000
26850   98000
26860   98000
26870   98000
26880   98000
26890   98000
26900   98000
26910   98000
26920   98000
26930   98000
26940   98000
26950   98000
26960   98000
26970   98000
26980   98000
26990   98000
27000   98000
27010   98000
27020   98000
27030   98000
27040   98000
27050   98000
27060   98000
27070   98000
27080   98000
27090   98000
27100   98000
27110   98000
27120   98000
27130   98000
27140   98000
27150   98000
27160   98000
27170   98000
27180   98000
27190   98000
27200   98000
27210   98000
27220   98000
27230   98000
27240   98000
27250   98000
27260   98000
27270   98000
27280   98000
27290   98000
27300   98000
27310   98000
27320   98000
27330   98000
27340   98000
27350   98000
27360   98000
27370   98000
27380   98000
27390   98000
27400   98000
27410   98000
27420   98000
27430   98000
27440   98000
27450   98000
27460   98000
27470   98000
27480   98000
27490   98000
27500   98000
27510   98000
27520   98000
27530   98000
27540   98000
27550   98000
27560   98000
27570   98000
27580   98000
27590   98000
27600   98000
27610   98000
27620   98000
27630   98000
27640   98000
27650   98000
27660   98000
27670   98000
27680   98000
27690   98000
27700   98000
27710   98000
27720   98000
27730   98000
27740   98000
27750   98000
27760   98000
27770   98000
27780   98000
27790   98000
27800   98000
27810   98000
27820   98000
27830   98000
27840   98000
27850   98000
27860   98000
27870   98000
27880   98000
27890   98000
27900   98000
27910   98000
27920   98000
27930   98000
27940   98000
27950   98000
27960   98000
27970   98000
27980   98000
27990   98000
28000   98000
28010   98000
28020   98000
28030   98000
28040   98000
28050   98000
28060   98000
28070   98000
28080   98000
28090   98000
28100   98000
28110   98000
28120   98000
28130   98000
28140   98000
28150   98000
28160   98000
28170   98000
28180   98000
28190   98000
28200   98000
28210   98000
28220   98000
28230   98000
28240   98000
28250   98000
28260   98000
28270   98000
28280   98000
28290   98000
28300   98000
28310   98000
28320   98000
28330   98000
28340   98000
28350   98000
28360   98000
28370   98000
28380   98000
28390   98000
28400   98000
28410   98000
28420   98000
28430   98000
28440   98000
28450   98000
28460   98000
28470   98000
28480   98000
28490   98000
28500   98000
28510   98000
28520   98000
28530   98000
28540   98000
28550   98000
28560   98000
28570   98000
28580   98000
28590   98000
28600   98000
28610   98000
28620   98000
28630   98000
28640   98000
28650   98000
28660   98000
28670   98000
28680   98000
28690   98000
28700   98000
28710   98000
28720   98000
28730   98000
28740   98000
28750   98000
28760   98000
28770   98000
28780   98000
28790   98000
28800   98000
28810   98000
28820   98000
28830   98000
28840   98000
28850   98000
28860   98000
28870   98000
28880   98000
28890   98000
28900   98000
28910   98000
28920   98000
28930   98000
28940   98000
28950   98000
28960   98000
28970   98000
28980   98000
28990   98000
29000   98000
29010   98000
29020   98000
29030   98000
29040   98000
29050   98000
29060   98000
29070   98000
29080   98000
29090   98000
29100   98000
29110   98000
29120   98000
29130   98000
29140   98000
29150   98000
29160   98000
29170   98000
29180   98000
29190   98000
29200   98000
29210   98000
29220   98000
29230   98000
29240   98000
29250   98000
29260   98000
29270   98000
29280   98000
29290   98000
29300   98000
29310   98000
29320   98000
29330   98000
29340   98000
29350   98000
29360   98000
29370   98000
29380   98000
29390   98000
29400   98000
29410   98000
29420   98000
29430   98000
29440   98000
29450   98000
29460   98000
29470   98000
29480   98000
29490   98000
29500   98000
29510   98000
29520   98000
29530   98000
29540   98000
29550   98000
29560   98000
29570   98000
29580   98000
29590   98000
29600   98000
29610   98000
29620   98000
29630   98000
29640   98000
29650   98000
29660   98000
29670   98000
29680   98000
29690   98000
29700   98000
29710   98000
29720   98000
29730   98000
29740   98000
29750   98000
29760   98000
29770   98000
29780   98000
29790   98000
29800   98000
29810   98000
29820   98000
29830   98000
29840   98000
29850   98000
29860   98000
29870   98000
29880   98000
29890   98000
29900   98000
29910   98000
29920   98000
29930   98000
29940   98000
29950   98000
29960   98000
29970   98000
29980   98000
29990   98000
30000   98000
30010   98000
30020   98000
30030   98000
30040   98000
30050   98000
30060   98000
30070   98000
30080   98000
30090   98000
30100   98000
30110   98000
30120   98000
30130   98000
30140   98000
30150   98000
30160   98000
30170   98000
30180   98000
30190   98000
30200   98000
30210   98000
30220   98000
30230   98000
30240   98000
30250   98000
30260   98000
30270   98000
30280   98000
30290   98000
30300   98000
30310   98000
30320   98000
30330   98000
30340   98000
30350   98000
30360   98000
30370   98000
30380   98000
30390   98000
30400   98000
30410   98000
30420   98000
30430   98000
30440   98000
30450   98000
30460   98000
30470   98000
30480   98000
30490   98000
30500   98000
30510   98000
30520   98000
30530   98000
30540   98000
30550   98000
30560   98000
30570   98000
30580   98000
30590   98000
30600   98000
30610   98000
30620   98000
30630   98000
30640   98000
30650   98000
30660   98000
30670   98000
30680   98000
30690   98000
30700   98000
30710   98000
30720   98000
30730   98000
30740   98000
30750   98000
30760   98000
30770   98000
30780   98000
30790   98000
30800   98000
30810   98000
30820   98000
30830   98000
30840   98000
30850   98000
30860   98000
30870   98000
30880   98000
30890   98000
30900   98000
30910   98000
30920   98000
30930   98000
30940   98000
30950   98000
30960   98000
30970   98000
30980   98000
30990   98000
31000   98000
31010   98000
31020   98000
31030   98000
31040   98000
31050   98000
31060   98000
31070   98000
31080   98000
31090   98000
31100   98000
31110   98000
31120   98000
31130   98000
31140   98000
31150   98000
31160   98000
31170   98000
31180   98000
31190   98000
31200   98000
31210   98000
31220   98000
31230   98000
31240   98000
31250   98000
31260   98000
31270   98000
31280   98000
31290   98000
31300   98000
31310   98000
31320   98000
31330   98000
31340   98000
31350   98000
31360   98000
31370   98000
31380   98000
31390   98000
31400   98000
31410   98000
31420   98000
31430   98000
31440   98000
31450   98000
31460   98000
31470   98000
31480   98000
31490   98000
31500   98000
31510   98000
31520   98000
31530   98000
31540   98000
31550   98000
31560   98000
31570   98000
31580   98000
31590   98000
31600   98000
31610   98000
31620   98000
31630   98000
31640   98000
31650   98000
31660   98000
31670   98000
31680   98000
31690   98000
31700   98000
31710   98000
31720   98000
31730   98000
31740   98000
31750   98000
31760   98000
31770   98000
31780   98000
31790   98000
31800   98000
31810   98000
31820   98000
31830   98000
31840   98000
31850   98000
31860   98000
31870   98000
31880   98000
31890   98000
31900   98000
31910   98000
31920   98000
31930   98000
31940   98000
31950   98000
31960   98000
31970   98000
31980   98000
31990   98000
32000   98000
32010   98000
32020   98000
32030   98000
32040   98000
32050   98000
32060   98000
32070   98000
32080   98000
32090   98000
32100   98000
32110   98000
32120   98000
32130   98000
32140   98000
32150   98000
32160   98000
32170   98000
32180   98000
32190   98000
32200   98000
32210   98000
32220   98000
32230   98000
32240   98000
32250   98000
32260   98000
32270   98000
32280   98000
32290   98000
32300   98000
32310   98000
32320   98000
32330   98000
32340   98000
32350   98000
32360   98000
32370   98000
32380   98000
32390   98000
32400   98000
32410   98000
32420   98000
32430   98000
32440   98000
32450   98000
32460   98000
32470   98000
32480   98000
32490   98000
32500   98000
32510   98000
32520   98000
32530   98000
32540   98000
32550   98000
32560   98000
32570   98000
32580   98000
32590   98000
32600   98000
32610   98000
32620   98000
32630   98000
32640   98000
32650   98000
32660   98000
32670   98000
32680   98000
32690   98000
32700   98000
32710   98000
32720   98000
32730   98000
32740   98000
32750   98000
32760   98000
32770   98000
32780   98000
32790   98000
32800   98000
32810   98000
32820   98000
32830   98000
32840   98000
32850   98000
32860   98000
32870   98000
32880   98000
32890   98000
32900   98000
32910   98000
32920   98000
32930   98000
32940   98000
32950   98000
32960   98000
32970   98000
32980   98000
32990   98000
33000   98000
33010   98000
33020   98000
33030   98000
33040   98000
33050   98000
33060   98000
33070   98000
33080   98000
33090   98000
33100   98000
33110   98000
33120   98000
33130   98000
33140   98000
33150   98000
33160   98000
33170   98000
33180   98000
33190   98000
33200   98000
33210   98000
33220   98000
33230   98000
33240   98000
33250   98000
33260   98000
33270   98000
33280   98000
33290   98000
33300   98000
33310   98000
33320   98000
33330   98000
33340   98000
33350   98000
33360   98000
33370   98000
33380   98000
33390   98000
33400   98000
33410   98000
33420   98000
33430   98000
33440   98000
33450   98000
33460   98000
33470   98000
33480   98000
33490   98000
33500   98000
33510   98000
33520   98000
33530   98000
33540   98000
33550   98000
33560   98000
33570   98000
33580   98000
33590   98000
33600   98000
33610   98000
33620   98000
33630   98000
33640   98000
33650   98000
33660   98000
33670   98000
33680   98000
33690   98000
33700   98000
33710   98000
33720   98000
33730   98000
33740   98000
33750   98000
33760   98000
33770   98000
33780   98000
33790   98000
33800   98000
33810   98000
33820   98000
33830   98000
33840   98000
33850   98000
