10   3076
20   3076
30   3076
40   3076
50   3076
60   3076
70   3076
80   3076
90   3076
100   3076
110   3076
120   3076
130   3076
140   3076
150   3076
160   3076
170   3076
180   3076
190   3076
200   3076
210   3076
220   2948
230   2948
240   2948
250   2948
260   2948
270   2948
280   2948
290   2948
300   2948
310   2948
320   2948
330   2948
340   2948
350   2948
360   2948
370   2948
380   2948
390   2948
400   2948
410   2948
420   2948
430   2948
440   2948
450   2948
460   2948
470   2948
480   2948
490   2948
500   2948
510   2948
520   2948
530   2948
540   2948
550   2948
560   2948
570   2948
580   2948
590   2948
600   2948
610   2948
620   2948
630   2948
640   2948
650   2948
660   2948
670   2948
680   2948
690   2948
700   2948
710   2948
720   2948
730   2948
740   2948
750   2948
760   2948
770   2948
780   2948
790   2948
800   2948
810   2948
820   2948
830   2948
840   2948
850   2948
860   2948
870   2948
880   2948
890   2948
900   2948
910   2948
920   2948
930   2948
940   2948
950   2948
960   2948
970   2948
980   2948
990   2948
1000   2948
1010   2948
1020   2948
1030   2948
1040   2948
1050   2948
1060   2948
1070   2948
1080   2948
1090   2948
1100   2948
1110   2948
1120   2948
1130   2948
1140   2948
1150   2948
1160   2948
1170   2948
1180   2948
1190   2948
1200   2948
1210   2948
1220   2948
1230   2948
1240   2948
1250   2948
1260   2948
1270   2948
1280   2948
1290   2948
1300   2948
1310   2948
1320   2948
1330   2948
1340   2948
1350   2948
1360   2948
1370   2948
1380   2948
1390   2948
1400   2948
1410   2948
1420   2948
1430   2948
1440   2948
1450   2948
1460   2948
1470   2948
1480   2948
1490   2948
1500   2948
1510   2948
1520   2948
1530   2948
1540   2948
1550   2948
1560   2948
1570   2948
1580   2948
1590   2948
1600   2948
1610   2948
1620   2948
1630   2948
1640   2948
1650   2948
1660   2948
1670   2948
1680   2948
1690   2948
1700   2948
1710   2948
1720   2948
1730   2948
1740   2948
1750   2948
1760   2948
1770   2948
1780   2948
1790   2948
1800   2948
1810   2948
1820   2948
1830   2948
1840   2948
1850   2948
1860   2948
1870   2948
1880   2948
1890   2948
1900   2948
1910   2948
1920   2948
1930   2948
1940   2948
1950   2948
1960   2948
1970   2948
1980   2948
1990   2948
2000   2948
2010   2948
2020   2948
2030   2948
2040   2948
2050   2948
2060   2948
2070   2948
2080   2948
2090   2948
2100   2948
2110   2948
2120   2948
2130   2948
2140   2948
2150   2948
2160   2948
2170   2948
2180   2948
2190   2948
2200   2948
2210   2948
2220   2948
2230   2948
2240   2948
2250   2948
2260   2948
2270   2948
2280   2948
2290   2948
2300   2948
2310   2948
2320   2948
2330   2948
2340   2948
2350   2948
2360   2948
2370   2948
2380   2948
2390   2948
2400   2948
2410   2948
2420   2948
2430   2948
2440   2948
2450   2948
2460   2948
2470   2948
2480   2948
2490   2948
2500   2948
2510   2948
2520   2948
2530   2948
2540   2948
2550   2948
2560   2948
2570   2948
2580   2948
2590   2948
2600   2948
2610   2948
2620   2948
2630   2948
2640   2948
2650   2948
2660   2948
2670   2948
2680   2948
2690   2948
2700   2948
2710   2948
2720   2948
2730   2948
2740   2948
2750   2948
2760   2948
2770   2948
2780   2948
2790   2948
2800   2948
2810   2948
2820   2948
2830   2948
2840   2948
2850   2948
2860   2948
2870   2948
2880   2948
2890   2948
2900   2948
2910   2948
2920   2948
2930   2948
2940   2948
2950   2948
2960   2948
2970   2948
2980   2948
2990   2948
3000   2948
3010   2948
3020   2948
3030   2948
3040   2948
3050   2948
3060   2948
3070   2948
3080   2948
3090   2948
3100   2948
3110   2948
3120   2948
3130   2948
3140   2948
3150   2948
3160   2948
3170   2948
3180   2948
3190   2948
3200   2948
3210   2948
3220   2948
3230   2948
3240   2948
3250   2948
3260   2948
3270   2948
3280   2948
3290   2948
3300   2948
3310   2948
3320   2948
3330   2948
3340   2948
3350   2948
3360   2948
3370   2948
3380   2948
3390   2948
3400   2948
3410   2948
3420   2948
3430   2948
3440   2948
3450   2948
3460   2948
3470   2948
3480   2948
3490   2948
3500   2948
3510   2948
3520   2948
3530   2948
3540   2948
3550   2948
3560   2948
3570   2948
3580   2948
3590   2948
3600   2948
3610   2948
3620   2948
3630   2948
3640   2948
3650   2948
3660   2948
3670   2948
3680   2948
3690   2948
3700   2948
3710   2948
3720   2948
3730   2948
3740   2948
3750   2948
3760   2948
3770   2948
3780   2948
3790   2948
3800   2948
3810   2948
3820   2948
3830   2948
3840   2948
3850   2948
3860   2948
3870   2948
3880   2948
3890   2948
3900   2948
3910   2948
3920   2948
3930   2948
3940   2948
3950   2948
3960   2948
3970   2948
3980   2948
3990   2948
4000   2948
4010   2948
4020   2948
4030   2948
4040   2948
4050   2948
4060   2948
4070   2948
4080   2948
4090   2948
4100   2948
4110   2948
4120   2948
4130   2948
4140   2948
4150   2948
4160   2948
4170   2948
4180   2948
4190   2948
4200   2948
4210   2948
4220   2948
4230   2948
4240   2948
4250   2948
4260   2948
4270   2948
4280   2948
4290   2948
4300   2948
4310   2948
4320   2948
4330   2948
4340   2948
4350   2948
4360   2948
4370   2948
4380   2948
4390   2948
4400   2948
4410   2948
4420   2948
4430   2948
4440   2948
4450   2948
4460   2948
4470   2948
4480   2948
4490   2948
4500   2948
4510   2948
4520   2948
4530   2948
4540   2948
4550   2948
4560   2948
4570   2948
4580   2948
4590   2948
4600   2948
4610   2948
4620   2948
4630   2948
4640   2948
4650   2948
4660   2948
4670   2948
4680   2948
4690   2948
4700   2948
4710   2948
4720   2948
4730   2948
4740   2948
4750   2948
4760   2948
4770   2948
4780   2948
4790   2948
4800   2948
4810   2948
4820   2948
4830   2948
4840   2948
4850   2948
4860   2948
4870   2948
4880   2948
4890   2948
4900   2948
4910   2948
4920   2948
4930   2948
4940   2948
4950   2948
4960   2948
4970   2948
4980   2948
4990   2948
5000   2948
5010   2948
5020   2948
5030   2948
5040   2948
5050   2948
5060   2948
5070   2948
5080   2948
5090   2948
5100   2948
5110   2948
5120   2948
5130   2948
5140   2948
5150   2948
5160   2948
5170   2948
5180   2948
5190   2948
5200   2948
5210   2948
5220   2948
5230   2948
5240   2948
5250   2948
5260   2948
5270   2948
5280   2948
5290   2948
5300   2948
5310   2948
5320   2948
5330   2948
5340   2948
5350   2948
5360   2948
5370   2948
5380   2948
5390   2948
5400   2948
5410   2948
5420   2948
5430   2948
5440   2948
5450   2948
5460   2948
5470   2948
5480   2948
5490   2948
5500   2948
5510   2948
5520   2948
5530   2948
5540   2948
5550   2948
5560   2948
5570   2948
5580   2948
5590   2948
5600   2948
5610   2948
5620   2948
5630   2948
5640   2948
5650   2948
5660   2948
5670   2948
5680   2948
5690   2948
5700   2948
5710   2948
5720   2948
5730   2948
5740   2948
5750   2948
5760   2948
5770   2948
5780   2948
5790   2948
5800   2948
5810   2948
5820   2948
5830   2948
5840   2948
5850   2948
5860   2948
5870   2948
5880   2948
5890   2948
5900   2948
5910   2948
5920   2948
5930   2948
5940   2948
5950   2948
5960   2948
5970   2948
5980   2948
5990   2948
6000   2948
6010   2948
6020   2948
6030   2948
6040   2948
6050   2948
6060   2948
6070   2948
6080   2948
6090   2948
6100   2948
6110   2948
6120   2948
6130   2948
6140   2948
6150   2948
6160   2948
6170   2948
6180   2948
6190   2948
6200   2948
6210   2948
6220   2948
6230   2948
6240   2948
6250   2948
6260   2948
6270   2948
6280   2948
6290   2948
6300   2948
6310   2948
6320   2948
6330   2948
6340   2948
6350   2948
6360   2948
6370   2948
6380   2948
6390   2948
6400   2948
6410   2948
6420   2948
6430   2948
6440   2948
6450   2948
6460   2948
6470   2948
6480   2948
6490   2948
6500   2948
6510   2948
6520   2948
6530   2948
6540   2948
6550   2948
6560   2948
6570   2948
6580   2948
6590   2948
6600   2948
6610   2948
6620   2948
6630   2948
6640   2948
6650   2948
6660   2948
6670   2948
6680   2948
6690   2948
6700   2948
6710   2948
6720   2948
6730   2948
6740   2948
6750   2948
6760   2948
6770   2948
6780   2948
6790   2948
6800   2948
6810   2948
6820   2948
6830   2948
6840   2948
6850   2948
6860   2948
6870   2948
6880   2948
6890   2948
6900   2948
6910   2948
6920   2948
6930   2948
6940   2948
6950   2948
6960   2948
6970   2948
6980   2948
6990   2948
7000   2948
7010   2948
7020   2948
7030   2948
7040   2948
7050   2948
7060   2948
7070   2948
7080   2948
7090   2948
7100   2948
7110   2948
7120   2948
7130   2948
7140   2948
7150   2948
7160   2948
7170   2948
7180   2948
7190   2948
7200   2948
7210   2948
7220   2948
7230   2948
7240   2948
7250   2948
7260   2948
7270   2948
7280   2948
7290   2948
7300   2948
7310   2948
7320   2948
7330   2948
7340   2948
7350   2948
7360   2948
7370   2948
7380   2948
7390   2948
7400   2948
7410   2948
7420   2948
7430   2948
7440   2948
7450   2948
7460   2948
7470   2948
7480   2948
7490   2948
7500   2948
7510   2948
7520   2948
7530   2948
7540   2948
7550   2948
7560   2948
7570   2948
7580   2948
7590   2948
7600   2948
7610   2948
7620   2948
7630   2948
7640   2948
7650   2948
7660   2948
7670   2948
7680   2948
7690   2948
7700   2948
7710   2948
7720   2948
7730   2948
7740   2948
7750   2948
7760   2948
7770   2948
7780   2948
7790   2948
7800   2948
7810   2948
7820   2948
7830   2948
7840   2948
7850   2948
7860   2948
7870   2948
7880   2948
7890   2948
7900   2948
7910   2948
7920   2948
7930   2948
7940   2948
7950   2948
7960   2948
7970   2948
7980   2948
7990   2948
8000   2948
8010   2948
8020   2948
8030   2948
8040   2948
8050   2948
8060   2948
8070   2948
8080   2948
8090   2948
8100   2948
8110   2948
8120   2948
8130   2948
8140   2948
8150   2948
8160   2948
8170   2948
8180   2948
8190   2948
8200   2948
8210   2948
8220   2948
8230   2948
8240   2948
8250   2948
8260   2948
8270   2948
8280   2948
8290   2948
8300   2948
8310   2948
8320   2948
8330   2948
8340   2948
8350   2948
8360   2948
8370   2948
8380   2948
8390   2948
8400   2948
8410   2948
8420   2948
8430   2948
8440   2948
8450   2948
8460   2948
8470   2948
8480   2948
8490   2948
8500   2948
8510   2948
8520   2948
8530   2948
8540   2948
8550   2948
8560   2948
8570   2948
8580   2948
8590   2948
8600   2948
8610   2948
8620   2948
8630   2948
8640   2948
8650   2948
8660   2948
8670   2948
8680   2948
8690   2948
8700   2948
8710   2948
8720   2948
8730   2948
8740   2948
8750   2948
8760   2948
8770   2948
8780   2948
8790   2948
8800   2948
8810   2948
8820   2948
8830   2948
8840   2948
8850   2948
8860   2948
8870   2948
8880   2948
8890   2948
8900   2948
8910   2948
8920   2948
8930   2948
8940   2948
8950   2948
8960   2948
8970   2948
8980   2948
8990   2948
9000   2948
9010   2948
9020   2948
9030   2948
9040   2948
9050   2948
9060   2948
9070   2948
9080   2948
9090   2948
9100   2948
9110   2948
9120   2948
9130   2948
9140   2948
9150   2948
9160   2948
9170   2948
9180   2948
9190   2948
9200   2948
9210   2948
9220   2948
9230   2948
9240   2948
9250   2948
9260   2948
9270   2948
9280   2948
9290   2948
9300   2948
9310   2948
9320   2948
9330   2948
9340   2948
9350   2948
9360   2948
9370   2948
9380   2948
9390   2948
9400   2948
9410   2948
9420   2948
9430   2948
9440   2948
9450   2948
9460   2948
9470   2948
9480   2948
9490   2948
9500   2948
9510   2948
9520   2948
9530   2948
9540   2948
9550   2948
9560   2948
9570   2948
9580   2948
9590   2948
9600   2948
9610   2948
9620   2948
9630   2948
9640   2948
9650   2948
9660   2948
9670   2948
9680   2948
9690   2948
9700   2948
9710   2948
9720   2948
9730   2948
9740   2948
9750   2948
9760   2948
9770   2948
9780   2948
9790   2948
9800   2948
9810   2948
9820   2948
9830   2948
9840   2948
9850   2948
9860   2948
9870   2948
9880   2948
9890   2948
9900   2948
9910   2948
9920   2948
9930   2948
9940   2948
9950   2948
9960   2948
9970   2948
9980   2948
9990   2948
10000   2948
10010   2948
10020   2948
10030   2948
10040   2948
10050   2948
10060   2948
10070   2948
10080   2948
10090   2948
10100   2948
10110   2948
10120   2948
10130   2948
10140   2948
10150   2948
10160   2948
10170   2948
10180   2948
10190   2948
10200   2948
10210   2948
10220   2948
10230   2948
10240   2948
10250   2948
10260   2948
10270   2948
10280   2948
10290   2948
10300   2948
10310   2948
10320   2948
10330   2948
10340   2948
