10   15924
20   15660
30   15660
40   15660
50   14740
60   14676
70   14676
80   13428
90   13428
100   13428
110   13428
120   13428
130   13428
140   13428
150   13428
160   13428
170   13428
180   13428
190   13428
200   13428
210   13428
220   13428
230   13428
240   13428
250   13428
260   13428
270   13428
280   13428
290   13428
300   13428
310   13428
320   13428
330   13428
340   13428
350   13428
360   13428
370   13428
380   13428
390   13428
400   13428
410   13428
420   13428
430   13428
440   13428
450   13428
460   13428
470   13428
480   13428
490   13428
500   13428
510   13428
520   13428
530   13428
540   13428
550   13428
560   13428
570   13428
580   13428
590   13428
600   13428
610   13428
620   13428
630   13428
640   13428
650   13428
660   13428
670   13428
680   13428
690   13428
700   13428
710   13428
720   13428
730   13428
740   13428
750   13428
760   13428
770   13428
780   13184
790   13184
800   13184
810   13184
820   13184
830   13184
840   13184
850   13184
860   13184
870   13184
880   13184
890   13184
900   13184
910   13184
920   13184
930   13184
940   13184
950   13184
960   13184
970   13184
980   13184
990   13184
1000   13184
1010   13184
1020   13184
1030   13184
1040   13184
1050   13184
1060   13184
1070   13184
1080   13184
1090   13184
1100   13184
1110   13184
1120   13184
1130   13184
1140   13184
1150   13184
1160   13184
1170   13184
1180   13184
1190   13184
1200   13184
1210   13184
1220   13184
1230   13184
1240   13184
1250   13184
1260   13184
1270   11932
1280   11932
1290   11932
1300   11932
1310   11932
1320   11932
1330   11932
1340   11932
1350   11932
1360   11932
1370   11932
1380   11932
1390   11932
1400   11932
1410   11932
1420   11932
1430   11932
1440   11932
1450   11932
1460   11932
1470   11932
1480   11932
1490   11932
1500   11932
1510   11932
1520   11932
1530   11932
1540   11932
1550   11932
1560   11932
1570   11932
1580   11932
1590   11932
1600   11932
1610   11932
1620   11932
1630   11932
1640   11932
1650   11932
1660   11932
1670   11932
1680   11932
1690   11932
1700   11932
1710   11932
1720   11932
1730   11932
1740   11932
1750   11932
1760   11932
1770   11932
1780   11932
1790   11932
1800   11932
1810   11932
1820   11932
1830   11932
1840   11932
1850   11932
1860   11932
1870   11932
1880   11932
1890   11932
1900   11932
1910   11932
1920   11932
1930   11932
1940   11932
1950   11932
1960   11932
1970   11932
1980   11932
1990   11932
2000   11932
2010   11932
2020   11932
2030   11932
2040   11932
2050   11932
2060   11932
2070   11932
2080   11932
2090   11932
2100   11932
2110   11932
2120   11932
2130   11932
2140   11932
2150   11932
2160   11932
2170   11932
2180   11932
2190   11932
2200   11932
2210   11932
2220   11932
2230   11932
2240   11932
2250   11932
2260   11932
2270   11932
2280   11932
2290   11932
2300   11932
2310   11932
2320   11932
2330   11932
2340   11932
2350   11932
2360   11932
2370   11932
2380   11932
2390   11932
2400   11932
2410   11932
2420   11932
2430   11932
2440   11932
2450   11932
2460   11932
2470   11932
2480   11932
2490   11932
2500   11932
2510   11932
2520   11932
2530   11932
2540   11932
2550   11932
2560   11932
2570   11932
2580   11932
2590   11932
2600   11932
2610   11932
2620   11932
2630   11932
2640   11932
2650   11932
2660   11932
2670   11932
2680   11932
2690   11932
2700   11932
2710   11932
2720   11932
2730   11932
2740   11932
2750   11932
2760   11932
2770   11932
2780   11932
2790   11932
2800   11932
2810   11932
2820   11932
2830   11932
2840   11932
2850   11932
2860   11932
2870   11932
2880   11932
2890   11932
2900   11932
2910   11932
2920   11932
2930   11932
2940   11932
2950   11932
2960   11932
2970   11932
2980   11932
2990   11932
3000   11932
3010   11932
3020   11932
3030   11932
3040   11932
3050   11932
3060   11932
3070   11932
3080   11932
3090   11932
3100   11932
3110   11932
3120   11932
3130   11932
3140   11932
3150   11932
3160   11932
3170   11932
3180   11932
3190   11932
3200   11932
3210   11932
3220   11932
3230   11932
3240   11932
3250   11932
3260   11932
3270   11932
3280   11932
3290   11932
3300   11932
3310   11932
3320   11932
3330   11932
3340   11932
3350   11932
3360   11932
3370   11932
3380   11932
3390   11932
3400   11932
3410   11932
3420   11932
3430   11932
3440   11932
3450   11932
3460   11932
3470   11932
3480   11932
3490   11932
3500   11932
3510   11932
3520   11932
3530   11932
3540   11932
3550   11932
3560   11932
3570   11932
3580   11932
3590   11932
3600   11932
3610   11932
3620   11932
3630   11932
3640   11932
3650   11932
3660   11932
3670   11932
3680   11932
3690   11932
3700   11932
3710   11932
3720   11932
3730   11932
3740   11932
3750   11932
3760   11932
3770   11932
3780   11932
3790   11932
3800   11932
3810   11932
3820   11932
3830   11932
3840   11932
3850   11932
3860   11932
3870   11932
3880   11932
3890   11932
3900   11932
3910   11932
3920   11932
3930   11932
3940   11932
3950   11932
3960   11932
3970   11932
3980   11932
3990   11932
4000   11932
4010   11932
4020   11932
4030   11932
4040   11932
4050   11932
4060   11932
4070   11932
4080   11932
4090   11932
4100   11932
4110   11932
4120   11932
4130   11932
4140   11932
4150   11932
4160   11932
4170   11932
4180   11932
4190   11932
4200   11932
4210   11932
4220   11932
4230   11932
4240   11932
4250   11932
4260   11932
4270   11932
4280   11932
4290   11932
4300   11932
4310   11932
4320   11932
4330   11932
4340   11932
4350   11932
4360   11932
4370   11932
4380   11932
4390   11932
4400   11932
4410   11932
4420   11932
4430   11932
4440   11932
4450   11932
4460   11932
4470   11932
4480   11932
4490   11932
4500   11932
4510   11932
4520   11932
4530   11932
4540   11932
4550   11932
4560   11932
4570   11932
4580   11932
4590   11932
4600   11932
4610   11932
4620   11932
4630   11932
4640   11932
4650   11932
4660   11932
4670   11932
4680   11932
4690   11932
4700   11932
4710   11932
4720   11932
4730   11932
4740   11932
4750   11932
4760   11932
4770   11932
4780   11932
4790   11932
4800   11932
4810   11932
4820   11932
4830   11932
4840   11932
4850   11932
4860   11932
4870   11932
4880   11932
4890   11932
4900   11932
4910   11932
4920   11932
4930   11932
4940   11932
4950   11932
4960   11932
4970   11932
4980   11932
4990   11932
5000   11932
5010   11932
5020   11932
5030   11932
5040   11932
5050   11932
5060   11932
5070   11932
5080   11932
5090   11932
5100   11932
5110   11932
5120   11932
5130   11932
5140   11932
5150   11932
5160   11932
5170   11932
5180   11932
5190   11932
5200   11932
5210   11932
5220   11932
5230   11932
5240   11932
5250   11932
5260   11932
5270   11932
5280   11932
5290   11932
5300   11932
5310   11932
5320   11932
5330   11932
5340   11932
5350   11932
5360   11932
5370   11932
5380   11932
5390   11932
5400   11932
5410   11932
5420   11932
5430   11932
5440   11932
5450   11932
5460   11932
5470   11932
5480   11932
5490   11932
5500   11932
5510   11932
5520   11932
5530   11932
5540   11932
5550   11932
5560   11932
5570   11932
5580   11932
5590   11932
5600   11932
5610   11932
5620   11932
5630   11932
5640   11932
5650   11932
5660   11932
5670   11932
5680   11932
5690   11932
5700   11932
5710   11932
5720   11932
5730   11932
5740   11932
5750   11932
5760   11932
5770   11932
5780   11932
5790   11932
5800   11932
5810   11932
5820   11932
5830   11932
5840   11932
5850   11932
5860   11932
5870   11932
5880   11932
5890   11932
5900   11932
5910   11932
5920   11932
5930   11932
5940   11932
5950   11932
5960   11932
5970   11932
5980   11932
5990   11932
6000   11932
6010   11932
6020   11932
6030   11932
6040   11932
6050   11932
6060   11932
6070   11932
6080   11932
6090   11932
6100   11932
6110   11932
6120   11932
6130   11932
6140   11932
6150   11932
6160   11932
6170   11932
6180   11932
6190   11932
6200   11932
6210   11932
6220   11932
6230   11932
6240   11932
6250   11932
6260   11932
6270   11932
6280   11932
6290   11932
6300   11932
6310   11932
6320   11932
6330   11932
6340   11932
6350   11932
6360   11932
6370   11932
6380   11932
6390   11932
6400   11932
6410   11932
6420   11932
6430   11932
6440   11932
6450   11932
6460   11932
6470   11932
6480   11932
6490   11932
6500   11932
6510   11932
6520   11932
6530   11932
6540   11932
6550   11932
6560   11932
6570   11932
6580   11932
6590   11932
6600   11932
6610   11932
6620   11932
6630   11932
6640   11932
6650   11932
6660   11932
6670   11932
6680   11932
6690   11932
6700   11932
6710   11932
6720   11932
6730   11932
6740   11932
6750   11932
6760   11932
6770   11932
6780   11932
6790   11932
6800   11932
6810   11932
6820   11932
6830   11932
6840   11932
6850   11932
6860   11932
6870   11932
6880   11932
6890   11932
6900   11932
6910   11932
6920   11932
6930   11932
6940   11932
6950   11932
6960   11932
6970   11932
6980   11932
6990   11932
7000   11932
7010   11932
7020   11932
7030   11932
7040   11932
7050   11932
7060   11932
7070   11932
7080   11932
7090   11932
7100   11932
7110   11932
7120   11932
7130   11932
7140   11932
7150   11932
7160   11932
7170   11932
7180   11932
7190   11932
7200   11932
7210   11932
7220   11932
7230   11932
7240   11932
7250   11932
7260   11932
7270   11932
7280   11932
7290   11932
7300   11932
7310   11932
7320   11932
7330   11932
7340   11932
7350   11932
7360   11932
7370   11932
7380   11932
7390   11932
7400   11932
7410   11932
7420   11932
7430   11932
7440   11932
7450   11932
7460   11932
7470   11932
7480   11932
7490   11932
7500   11932
7510   11932
7520   11932
7530   11932
7540   11932
7550   11932
7560   11932
7570   11932
7580   11932
7590   11932
7600   11932
7610   11932
7620   11932
7630   11932
7640   11932
7650   11932
7660   11932
7670   11932
7680   11932
7690   11932
7700   11932
7710   11932
7720   11932
7730   11932
7740   11932
7750   11932
7760   11932
7770   11932
7780   11932
7790   11932
7800   11932
7810   11932
7820   11932
7830   11932
7840   11932
7850   11932
7860   11932
7870   11932
7880   11932
7890   11932
7900   11932
7910   11932
7920   11932
7930   11932
7940   11932
7950   11932
7960   11932
7970   11932
7980   11932
7990   11932
8000   11932
8010   11932
8020   11932
8030   11932
8040   11932
8050   11932
8060   11932
8070   11932
8080   11932
8090   11932
8100   11932
8110   11932
8120   11932
8130   11932
8140   11932
8150   11932
8160   11932
8170   11932
8180   11932
8190   11932
8200   11932
8210   11932
8220   11932
8230   11932
8240   11932
8250   11932
8260   11932
8270   11932
8280   11932
8290   11932
8300   11932
8310   11932
8320   11932
8330   11932
8340   11932
8350   11932
8360   11932
8370   11932
8380   11932
8390   11932
8400   11932
8410   11932
8420   11932
8430   11932
8440   11932
8450   11932
8460   11932
8470   11932
8480   11932
8490   11932
8500   11932
8510   11932
8520   11932
8530   11932
8540   11932
8550   11932
8560   11932
8570   11932
8580   11932
8590   11932
8600   11932
8610   11932
8620   11932
8630   11932
8640   11932
8650   11932
8660   11932
8670   11932
8680   11932
8690   11932
8700   11932
8710   11932
8720   11932
8730   11932
8740   11932
8750   11932
8760   11932
8770   11932
8780   11932
8790   11932
8800   11932
8810   11932
8820   11932
8830   11932
8840   11932
8850   11932
8860   11932
8870   11932
8880   11932
8890   11932
8900   11932
8910   11932
8920   11932
8930   11932
8940   11932
8950   11932
8960   11932
8970   11932
8980   11932
8990   11932
9000   11932
9010   11932
9020   11932
9030   11932
9040   11932
9050   11932
9060   11932
9070   11932
9080   11932
9090   11932
9100   11932
9110   11932
9120   11932
9130   11932
9140   11932
9150   11932
9160   11932
9170   11932
9180   11932
9190   11932
9200   11932
9210   11932
9220   11932
9230   11932
9240   11932
9250   11932
9260   11932
9270   11932
9280   11932
9290   11932
9300   11932
9310   11932
9320   11932
9330   11932
9340   11932
9350   11932
9360   11932
9370   11932
9380   11932
9390   11932
9400   11932
9410   11932
9420   11932
9430   11932
9440   11932
9450   11932
9460   11932
9470   11932
9480   11932
9490   11932
9500   11932
9510   11932
9520   11932
9530   11932
9540   11932
9550   11932
9560   11932
9570   11932
9580   11932
9590   11932
9600   11932
9610   11932
9620   11932
9630   11932
9640   11932
9650   11932
9660   11932
9670   11932
9680   11932
9690   11932
9700   11932
9710   11932
9720   11932
9730   11932
9740   11932
9750   11932
9760   11932
9770   11932
9780   11932
9790   11932
9800   11932
9810   11932
9820   11932
9830   11932
9840   11932
9850   11932
9860   11932
9870   11932
9880   11932
9890   11932
9900   11932
9910   11932
9920   11932
9930   11932
9940   11932
9950   11932
9960   11932
9970   11932
9980   11932
9990   11932
10000   11932
10010   11932
10020   11932
10030   11932
10040   11932
10050   11932
10060   11932
10070   11932
10080   11932
10090   11932
10100   11932
10110   11932
10120   11932
10130   11932
10140   11932
10150   11932
10160   11932
10170   11932
10180   11932
10190   11932
10200   11932
10210   11932
10220   11932
10230   11932
10240   11932
10250   11932
10260   11932
10270   11932
10280   11932
10290   11932
10300   11932
10310   11932
10320   11932
10330   11932
10340   11932
10350   11932
10360   11932
10370   11932
10380   11932
10390   11932
10400   11932
10410   11932
10420   11932
10430   11932
10440   11932
10450   11932
10460   11932
10470   11932
10480   11932
10490   11932
10500   11932
10510   11932
10520   11932
10530   11932
10540   11932
10550   11932
10560   11932
10570   11932
10580   11932
10590   11932
10600   11932
10610   11932
10620   11932
10630   11932
10640   11932
10650   11932
10660   11932
10670   11932
10680   11932
10690   11932
10700   11932
10710   11932
10720   11932
10730   11932
10740   11932
10750   11932
10760   11932
10770   11932
10780   11932
10790   11932
10800   11932
10810   11932
10820   11932
10830   11932
10840   11932
10850   11932
10860   11932
10870   11932
10880   11932
10890   11932
10900   11932
10910   11932
10920   11932
10930   11932
10940   11932
10950   11932
10960   11932
10970   11932
10980   11932
10990   11932
11000   11932
11010   11932
11020   11932
11030   11932
11040   11932
11050   11932
11060   11932
11070   11932
11080   11932
11090   11932
11100   11932
11110   11932
11120   11932
11130   11932
11140   11932
11150   11932
11160   11932
11170   11932
11180   11932
11190   11932
11200   11932
11210   11932
11220   11932
11230   11932
11240   11932
11250   11932
11260   11932
11270   11932
11280   11932
11290   11932
11300   11932
11310   11932
11320   11932
11330   11932
11340   11932
11350   11932
11360   11932
11370   11932
11380   11932
11390   11932
11400   11932
11410   11932
