10   14072
20   14072
30   14072
40   14072
50   14072
60   14072
70   14072
80   13752
90   13752
100   13752
110   13752
120   13752
130   13752
140   13752
150   13752
160   13752
170   13752
180   13752
190   13752
200   13752
210   13752
220   13752
230   13752
240   13752
250   13752
260   13752
270   13752
280   13752
290   13752
300   13752
310   13752
320   13752
330   13752
340   13752
350   13752
360   13752
370   13752
380   13752
390   13752
400   13752
410   13752
420   13752
430   13752
440   13752
450   13752
460   13752
470   13752
480   13752
490   13752
500   13752
510   13752
520   13752
530   13752
540   13752
550   13752
560   13752
570   13752
580   13752
590   13752
600   13752
610   13752
620   13752
630   13752
640   13752
650   13752
660   13752
670   13752
680   13752
690   13752
700   13752
710   13752
720   13752
730   13752
740   13752
750   13752
760   13752
770   13752
780   13752
790   13752
800   13752
810   13752
820   13752
830   13752
840   13752
850   13752
860   13752
870   13752
880   13752
890   13752
900   13752
910   13752
920   13752
930   13752
940   13752
950   13752
960   13752
970   13752
980   13752
990   13752
1000   13752
1010   13752
1020   13752
1030   13752
1040   13752
1050   13752
1060   13752
1070   13752
1080   13752
1090   13752
1100   13752
1110   13752
1120   13752
1130   13752
1140   13752
1150   13752
1160   13752
1170   13752
1180   13752
1190   13752
1200   13752
1210   13752
1220   13752
1230   13752
1240   13752
1250   13752
1260   13752
1270   13752
1280   13752
1290   13752
1300   13752
1310   13320
1320   13320
1330   13320
1340   13320
1350   13320
1360   13320
1370   13320
1380   13320
1390   13320
1400   13320
1410   13320
1420   13320
1430   13320
1440   13320
1450   13320
1460   13320
1470   13320
1480   13320
1490   13320
1500   13320
1510   13320
1520   13320
1530   13320
1540   13320
1550   13320
1560   13320
1570   13320
1580   13320
1590   13320
1600   13320
1610   13320
1620   13320
1630   13320
1640   13320
1650   13320
1660   13320
1670   13320
1680   13320
1690   13320
1700   13320
1710   13320
1720   13320
1730   13320
1740   13320
1750   13320
1760   13320
1770   13320
1780   13320
1790   13320
1800   13320
1810   13320
1820   13320
1830   13320
1840   12448
1850   12448
1860   12448
1870   12448
1880   12448
1890   12448
1900   12448
1910   12448
1920   12448
1930   12448
1940   12448
1950   12448
1960   12448
1970   12448
1980   12448
1990   12448
2000   12448
2010   12448
2020   12448
2030   12448
2040   12448
2050   12448
2060   12448
2070   12448
2080   12448
2090   12448
2100   12448
2110   12448
2120   12448
2130   12448
2140   12448
2150   12448
2160   12448
2170   12448
2180   12448
2190   12448
2200   12448
2210   12448
2220   12448
2230   12448
2240   12448
2250   12448
2260   12448
2270   12448
2280   12448
2290   12448
2300   12448
2310   12448
2320   12448
2330   12448
2340   12448
2350   12448
2360   12448
2370   12448
2380   12448
2390   12448
2400   12448
2410   12448
2420   12448
2430   12448
2440   12448
2450   12448
2460   12448
2470   12448
2480   12448
2490   12448
2500   12448
2510   12448
2520   12448
2530   12448
2540   12448
2550   12448
2560   12448
2570   12448
2580   12448
2590   12448
2600   12448
2610   12448
2620   12448
2630   12448
2640   12448
2650   12448
2660   12448
2670   12448
2680   12448
2690   12448
2700   12448
2710   12448
2720   12448
2730   12448
2740   12448
2750   12448
2760   12448
2770   12448
2780   12448
2790   12448
2800   12448
2810   12448
2820   12448
2830   12448
2840   12448
2850   12448
2860   12448
2870   12448
2880   12448
2890   12448
2900   12448
2910   12448
2920   12448
2930   12448
2940   12448
2950   12448
2960   12448
2970   12448
2980   12448
2990   12448
3000   12448
3010   12448
3020   12448
3030   12448
3040   12448
3050   12448
3060   12448
3070   12448
3080   12448
3090   12448
3100   12448
3110   12448
3120   12448
3130   12448
3140   12448
3150   12448
3160   12448
3170   12448
3180   12448
3190   12448
3200   12448
3210   12448
3220   12448
3230   12448
3240   12448
3250   12448
3260   12448
3270   12448
3280   12448
3290   12448
3300   12448
3310   12448
3320   12448
3330   12448
3340   12448
3350   12448
3360   12448
3370   12448
3380   12448
3390   12448
3400   12448
3410   12448
3420   12448
3430   12448
3440   12448
3450   12448
3460   12448
3470   12448
3480   12448
3490   12448
3500   12448
3510   12448
3520   12448
3530   12448
3540   12448
3550   12448
3560   12448
3570   12448
3580   12448
3590   12448
3600   12448
3610   12448
3620   12448
3630   12448
3640   12448
3650   12448
3660   12448
3670   12448
3680   12448
3690   12448
3700   12448
3710   12448
3720   12448
3730   12448
3740   12448
3750   12448
3760   12448
3770   12448
3780   12448
3790   12448
3800   12448
3810   12448
3820   12448
3830   12448
3840   12448
3850   12448
3860   12448
3870   12448
3880   12448
3890   12448
3900   12448
3910   12448
3920   12448
3930   12448
3940   12448
3950   12448
3960   12448
3970   12448
3980   12448
3990   12448
4000   12448
4010   12448
4020   12448
4030   12448
4040   12448
4050   12448
4060   12448
4070   12448
4080   12448
4090   12448
4100   12448
4110   12448
4120   12448
4130   12448
4140   12448
4150   12448
4160   12448
4170   12448
4180   12448
4190   12448
4200   12448
4210   12448
4220   12448
4230   12448
4240   12448
4250   12448
4260   12448
4270   12448
4280   12448
4290   12448
4300   12448
4310   12448
4320   12448
4330   12448
4340   12448
4350   12448
4360   12448
4370   12448
4380   12448
4390   12448
4400   12448
4410   12448
4420   12448
4430   12448
4440   12448
4450   12448
4460   12448
4470   12448
4480   12448
4490   12448
4500   12448
4510   12448
4520   12448
4530   12448
4540   12448
4550   12448
4560   12448
4570   12448
4580   12448
4590   12448
4600   12448
4610   12448
4620   12448
4630   12448
4640   12448
4650   12448
4660   12448
4670   12448
4680   12448
4690   12448
4700   12448
4710   12448
4720   12448
4730   12448
4740   12448
4750   12448
4760   12448
4770   12448
4780   12448
4790   12448
4800   12448
4810   12448
4820   12448
4830   12448
4840   12448
4850   12448
4860   12448
4870   12448
4880   12448
4890   12448
4900   12448
4910   12448
4920   12448
4930   12448
4940   12448
4950   12448
4960   12448
4970   12448
4980   12448
4990   12448
5000   12448
5010   12448
5020   12448
5030   12448
5040   12448
5050   12448
5060   12448
5070   12448
5080   12448
5090   12448
5100   12448
5110   12448
5120   12448
5130   12448
5140   12448
5150   12448
5160   12448
5170   12448
5180   12448
5190   12448
5200   12448
5210   12448
5220   12448
5230   12448
5240   12448
5250   12448
5260   12448
5270   12448
5280   12448
5290   12448
5300   12448
5310   12448
5320   12448
5330   12448
5340   12448
5350   12448
5360   12448
5370   12448
5380   12448
5390   12448
5400   12448
5410   12448
5420   12448
5430   12448
5440   12448
5450   12448
5460   12448
5470   12448
5480   12448
5490   12448
5500   12448
5510   12448
5520   12448
5530   12448
5540   12448
5550   12448
5560   12448
5570   12448
5580   12448
5590   12448
5600   12448
5610   12448
5620   12448
5630   12448
5640   12448
5650   12448
5660   12448
5670   12448
5680   12448
5690   12448
5700   12448
5710   12448
5720   12448
5730   12448
5740   12448
5750   12448
5760   12448
5770   12448
5780   12448
5790   12448
5800   12448
5810   12448
5820   12448
5830   12448
5840   12448
5850   12448
5860   12448
5870   12448
5880   12448
5890   12448
5900   12448
5910   12448
5920   12448
5930   12448
5940   12448
5950   12448
5960   12448
5970   12448
5980   12448
5990   12448
6000   12448
6010   12448
6020   12448
6030   12448
6040   12448
6050   12448
6060   12448
6070   12448
6080   12448
6090   12448
6100   12448
6110   12448
6120   12448
6130   12448
6140   12448
6150   12448
6160   12448
6170   12448
6180   12448
6190   12448
6200   12448
6210   12448
6220   12448
6230   12448
6240   12448
6250   12448
6260   12448
6270   12448
6280   12448
6290   12448
6300   12448
6310   12448
6320   12448
6330   12448
6340   12448
6350   12448
6360   12448
6370   12448
6380   12448
6390   12448
6400   12448
6410   12448
6420   12448
6430   12448
6440   12448
6450   12448
6460   12448
6470   12448
6480   12448
6490   12448
6500   12448
6510   12448
6520   12448
6530   12448
6540   12448
6550   12448
6560   12448
6570   12448
6580   12448
6590   12448
6600   12448
6610   12448
6620   12448
6630   12448
6640   12448
6650   12448
6660   12448
6670   12448
6680   12448
6690   12448
6700   12448
6710   12448
6720   12448
6730   12448
6740   12448
6750   12448
6760   12448
6770   12448
6780   12448
6790   12448
6800   12448
6810   12448
6820   12448
6830   12448
6840   12448
6850   12448
6860   12448
6870   12448
6880   12448
6890   12448
6900   12448
6910   12448
6920   12448
6930   12448
6940   12448
6950   12448
6960   12448
6970   12448
6980   12448
6990   12448
7000   12448
7010   12448
7020   12448
7030   12448
7040   12448
7050   12448
7060   12448
7070   12448
7080   12448
7090   12448
7100   12448
7110   12448
7120   12448
7130   12448
7140   12448
7150   12448
7160   12448
7170   12448
7180   12448
7190   12448
7200   12448
7210   12448
7220   12448
7230   12448
7240   12448
7250   12448
7260   12448
7270   12448
7280   12448
7290   12448
7300   12448
7310   12448
7320   12448
7330   12448
7340   12448
7350   12448
7360   12448
7370   12448
7380   12448
7390   12448
7400   12448
7410   12448
7420   12448
7430   12448
7440   12448
7450   12448
7460   12448
7470   12448
7480   12448
7490   12448
7500   12448
7510   12448
7520   12448
7530   12448
7540   12448
7550   12448
7560   12448
7570   12448
7580   12448
7590   12448
7600   12448
7610   12448
7620   12448
7630   12448
7640   12448
7650   12448
7660   12448
7670   12448
7680   12448
7690   12448
7700   12448
7710   12448
7720   12448
7730   12448
7740   12448
7750   12448
7760   12448
7770   12448
7780   12448
7790   12448
7800   12448
7810   12448
7820   12448
7830   12448
7840   12448
7850   12448
7860   12448
7870   12448
7880   12448
7890   12448
7900   12448
7910   12448
7920   12448
7930   12448
7940   12448
7950   12448
7960   12448
7970   12448
7980   12448
7990   12448
8000   12448
8010   12448
8020   12448
8030   12448
8040   12448
8050   12448
8060   12448
8070   12448
8080   12448
8090   12448
8100   12448
8110   12448
8120   12448
8130   12448
8140   12448
8150   12448
8160   12448
8170   12448
8180   12448
8190   12448
8200   12448
8210   12448
8220   12448
8230   12448
8240   12448
8250   12448
8260   12448
8270   12448
8280   12448
8290   12448
8300   12448
8310   12448
8320   12448
8330   12448
8340   12448
8350   12448
8360   12448
8370   12448
8380   12448
8390   12448
8400   12448
8410   12448
8420   12448
8430   12448
8440   12448
8450   12448
8460   12448
8470   12448
8480   12448
8490   12448
8500   12448
8510   12448
8520   12448
8530   12448
8540   12448
8550   12448
8560   12448
8570   12448
8580   12448
8590   12448
8600   12448
8610   12448
8620   12448
8630   12448
8640   12448
8650   12448
8660   12448
8670   12448
8680   12448
8690   12448
8700   12448
8710   12448
8720   12448
8730   12448
8740   12448
8750   12448
8760   12448
8770   12448
8780   12448
8790   12448
8800   12448
8810   12448
8820   12448
8830   12448
8840   12448
8850   12448
8860   12448
8870   12448
8880   12448
8890   12448
8900   12448
8910   12448
8920   12448
8930   12448
