10   5976
20   5504
30   5504
40   5504
50   5504
60   5504
70   5504
80   5288
90   5288
100   5288
110   5288
120   5288
130   5288
140   5288
150   5288
160   5288
170   5288
180   5288
190   5288
200   5288
210   5288
220   5288
230   5288
240   5288
250   5288
260   5288
270   5288
280   5288
290   5288
300   5288
310   5288
320   5288
330   5288
340   5288
350   5024
360   5024
370   5024
380   5024
390   5024
400   5024
410   5024
420   5024
430   5024
440   5024
450   5024
460   5024
470   5024
480   5024
490   5024
500   5024
510   5024
520   5024
530   5024
540   5024
550   5024
560   5024
570   5024
580   5024
590   5024
600   5024
610   5024
620   5024
630   5024
640   5024
650   5024
660   5024
670   5024
680   5024
690   5024
700   5024
710   5024
720   5024
730   5024
740   5024
750   5024
760   5024
770   5024
780   5024
790   5024
800   5024
810   5024
820   5024
830   5024
840   5024
850   5024
860   5024
870   5024
880   5024
890   5024
900   5024
910   5024
920   5024
930   5024
940   5024
950   5024
960   5024
970   5024
980   5024
990   5024
1000   5024
1010   5024
1020   5024
1030   5024
1040   5024
1050   5024
1060   5024
1070   5024
1080   5024
1090   5024
1100   5024
1110   5024
1120   5024
1130   5024
1140   5024
1150   5024
1160   5024
1170   5024
1180   5024
1190   5024
1200   5024
1210   5024
1220   5024
1230   5024
1240   5024
1250   5024
1260   5024
1270   5024
1280   5024
1290   5024
1300   5024
1310   5024
1320   5024
1330   5024
1340   5024
1350   5024
1360   5024
1370   5024
1380   5024
1390   5024
1400   5024
1410   5024
1420   5024
1430   5024
1440   5024
1450   5024
1460   5024
1470   5024
1480   5024
1490   5024
1500   5024
1510   5024
1520   5024
1530   5024
1540   5024
1550   5024
1560   5024
1570   5024
1580   5024
1590   5024
1600   5024
1610   5024
1620   5024
1630   5024
1640   5024
1650   5024
1660   5024
1670   5024
1680   5024
1690   5024
1700   5024
1710   5024
1720   5024
1730   5024
1740   5024
1750   5024
1760   5024
1770   5024
1780   5024
1790   5024
1800   5024
1810   5024
1820   5024
1830   5024
1840   5024
1850   5024
1860   5024
1870   5024
1880   5024
1890   5024
1900   5024
1910   5024
1920   5024
1930   5024
1940   5024
1950   5024
1960   5024
1970   5024
1980   5024
1990   5024
2000   5024
2010   5024
2020   5024
2030   5024
2040   5024
2050   5024
2060   5024
2070   5024
2080   5024
2090   5024
2100   5024
2110   5024
2120   5024
2130   5024
2140   5024
2150   5024
2160   5024
2170   5024
2180   5024
2190   5024
2200   5024
2210   5024
2220   5024
2230   5024
2240   5024
2250   5024
2260   5024
2270   5024
2280   5024
2290   5024
2300   5024
2310   5024
2320   5024
2330   5024
2340   5024
2350   5024
2360   5024
2370   5024
2380   5024
2390   5024
2400   5024
2410   5024
2420   5024
2430   5024
2440   5024
2450   5024
2460   5024
2470   5024
2480   5024
2490   5024
2500   5024
2510   5024
2520   5024
2530   5024
2540   5024
2550   5024
2560   5024
2570   5024
2580   5024
2590   5024
2600   5024
2610   5024
2620   5024
2630   5024
2640   5024
2650   5024
2660   5024
2670   5024
2680   5024
2690   5024
2700   5024
2710   5024
2720   5024
2730   5024
2740   5024
2750   5024
2760   5024
2770   5024
2780   5024
2790   5024
2800   5024
2810   5024
2820   5024
2830   5024
2840   5024
2850   5024
2860   5024
2870   5024
2880   5024
2890   5024
2900   5024
2910   5024
2920   5024
2930   5024
2940   5024
2950   5024
2960   5024
2970   5024
2980   5024
2990   5024
3000   5024
3010   5024
3020   5024
3030   5024
3040   5024
3050   5024
3060   5024
3070   5024
3080   5024
3090   5024
3100   5024
3110   5024
3120   5024
3130   5024
3140   5024
3150   5024
3160   5024
3170   5024
3180   5024
3190   5024
3200   5024
3210   5024
3220   5024
3230   5024
3240   5024
3250   5024
3260   5024
3270   5024
3280   5024
3290   5024
3300   5024
3310   5024
3320   5024
3330   5024
3340   5024
3350   5024
3360   5024
3370   5024
3380   5024
3390   5024
3400   5024
3410   5024
3420   5024
3430   5024
3440   5024
3450   5024
3460   5024
3470   5024
3480   5024
3490   5024
3500   5024
3510   5024
3520   5024
3530   5024
3540   5024
3550   5024
3560   5024
3570   5024
3580   5024
3590   5024
3600   5024
3610   5024
3620   5024
3630   5024
3640   5024
3650   5024
3660   5024
3670   5024
3680   5024
3690   5024
3700   5024
3710   5024
3720   5024
3730   5024
3740   5024
3750   5024
3760   5024
3770   5024
3780   5024
3790   5024
3800   5024
3810   5024
3820   5024
3830   5024
3840   5024
3850   5024
3860   5024
3870   5024
3880   5024
3890   5024
3900   5024
3910   5024
3920   5024
3930   5024
3940   5024
3950   5024
3960   5024
3970   5024
3980   5024
3990   5024
4000   5024
4010   5024
4020   5024
4030   5024
4040   5024
4050   5024
4060   5024
4070   5024
4080   5024
4090   5024
4100   5024
4110   5024
4120   5024
4130   5024
4140   5024
4150   5024
4160   5024
4170   5024
4180   5024
4190   5024
4200   5024
4210   5024
4220   5024
4230   5024
4240   5024
4250   5024
4260   5024
4270   5024
4280   5024
4290   5024
4300   5024
4310   5024
4320   5024
4330   5024
4340   5024
4350   5024
4360   5024
4370   5024
4380   5024
4390   5024
4400   5024
4410   5024
4420   5024
4430   5024
4440   5024
4450   5024
4460   5024
4470   5024
4480   5024
4490   5024
4500   5024
4510   5024
4520   5024
4530   5024
4540   5024
4550   5024
4560   5024
4570   5024
4580   5024
4590   5024
4600   5024
4610   5024
4620   5024
4630   5024
4640   5024
4650   5024
4660   5024
4670   5024
4680   5024
4690   5024
4700   5024
4710   5024
4720   5024
4730   5024
4740   5024
4750   5024
4760   5024
4770   5024
4780   5024
4790   5024
4800   5024
4810   5024
4820   5024
4830   5024
4840   5024
4850   5024
4860   5024
4870   5024
4880   5024
4890   4944
4900   4944
4910   4944
4920   4944
4930   4944
4940   4944
4950   4944
4960   4944
4970   4944
4980   4944
4990   4944
5000   4944
5010   4944
5020   4944
5030   4944
5040   4944
5050   4944
5060   4944
5070   4944
5080   4944
5090   4944
5100   4944
5110   4944
5120   4944
5130   4944
5140   4944
5150   4944
5160   4944
5170   4944
5180   4944
5190   4944
5200   4944
5210   4944
5220   4944
5230   4944
5240   4944
5250   4944
5260   4944
5270   4944
5280   4944
5290   4944
5300   4944
5310   4944
5320   4944
5330   4944
5340   4944
5350   4944
5360   4944
5370   4944
5380   4944
5390   4944
5400   4944
5410   4944
5420   4944
5430   4944
5440   4944
5450   4944
5460   4944
5470   4944
5480   4944
5490   4944
5500   4944
5510   4944
5520   4944
5530   4944
5540   4944
5550   4944
5560   4944
5570   4944
5580   4944
5590   4944
5600   4944
5610   4944
5620   4944
5630   4944
5640   4944
5650   4944
5660   4944
5670   4944
5680   4944
5690   4944
5700   4872
5710   4872
5720   4872
5730   4872
5740   4872
5750   4872
5760   4872
5770   4872
5780   4872
5790   4872
5800   4872
5810   4872
5820   4872
5830   4872
5840   4872
5850   4872
5860   4872
5870   4872
5880   4872
5890   4872
5900   4872
5910   4872
5920   4872
5930   4872
5940   4872
5950   4872
5960   4872
5970   4872
5980   4872
5990   4872
6000   4872
6010   4872
6020   4872
6030   4872
6040   4872
6050   4872
6060   4872
6070   4872
6080   4872
6090   4872
6100   4872
6110   4872
6120   4872
6130   4872
6140   4872
6150   4872
6160   4872
6170   4872
6180   4872
6190   4872
6200   4872
6210   4872
6220   4872
6230   4872
6240   4872
6250   4872
6260   4872
6270   4872
6280   4872
6290   4872
6300   4872
6310   4872
6320   4872
6330   4872
6340   4872
6350   4872
6360   4872
6370   4872
6380   4872
6390   4872
6400   4872
6410   4872
6420   4872
6430   4872
6440   4872
6450   4872
6460   4872
6470   4872
6480   4872
6490   4872
6500   4872
6510   4872
6520   4872
6530   4872
6540   4872
6550   4872
6560   4872
6570   4872
6580   4872
6590   4872
6600   4872
6610   4872
6620   4872
6630   4872
6640   4872
6650   4872
6660   4872
6670   4872
6680   4872
6690   4872
6700   4872
6710   4872
6720   4872
6730   4872
6740   4872
6750   4872
6760   4872
6770   4872
6780   4872
6790   4872
6800   4872
6810   4872
6820   4872
6830   4872
6840   4872
6850   4872
6860   4872
6870   4872
6880   4872
6890   4872
6900   4872
6910   4872
6920   4872
6930   4872
6940   4872
6950   4872
6960   4872
6970   4872
6980   4872
6990   4872
7000   4872
7010   4872
7020   4872
7030   4872
7040   4872
7050   4760
7060   4760
7070   4760
7080   4760
7090   4760
7100   4760
7110   4760
7120   4760
7130   4760
7140   4760
7150   4760
7160   4760
7170   4760
7180   4760
7190   4760
7200   4760
7210   4760
7220   4760
7230   4760
7240   4760
7250   4760
7260   4760
7270   4760
7280   4760
7290   4760
7300   4760
7310   4760
7320   4760
7330   4760
7340   4760
7350   4760
7360   4760
7370   4760
7380   4760
7390   4760
7400   4760
7410   4760
7420   4760
7430   4760
7440   4760
7450   4760
7460   4760
7470   4760
7480   4760
7490   4760
7500   4760
7510   4760
7520   4760
7530   4760
7540   4760
7550   4760
7560   4760
7570   4760
7580   4760
7590   4760
7600   4760
7610   4760
7620   4760
7630   4760
7640   4760
7650   4760
7660   4760
7670   4760
7680   4760
7690   4760
7700   4760
7710   4760
7720   4760
7730   4760
7740   4760
7750   4760
7760   4760
7770   4760
7780   4760
7790   4760
7800   4760
7810   4760
7820   4760
7830   4760
7840   4760
7850   4760
7860   4760
7870   4760
7880   4760
7890   4760
7900   4760
7910   4760
7920   4760
7930   4760
7940   4760
7950   4760
7960   4760
7970   4760
7980   4760
7990   4760
8000   4760
8010   4760
8020   4760
8030   4760
8040   4760
8050   4760
8060   4760
8070   4760
8080   4760
8090   4760
8100   4760
8110   4760
8120   4760
8130   4760
8140   4760
8150   4760
8160   4760
8170   4760
8180   4760
8190   4760
8200   4760
8210   4760
8220   4760
8230   4760
8240   4760
8250   4760
8260   4760
8270   4760
8280   4760
8290   4760
8300   4760
8310   4760
8320   4760
8330   4760
8340   4760
8350   4760
8360   4760
8370   4760
8380   4760
8390   4760
8400   4760
8410   4760
8420   4760
8430   4760
8440   4760
8450   4760
8460   4760
8470   4760
8480   4760
8490   4760
8500   4760
8510   4760
8520   4760
8530   4760
8540   4760
8550   4760
8560   4760
8570   4760
8580   4760
8590   4760
8600   4760
8610   4760
8620   4760
8630   4760
8640   4760
8650   4760
8660   4760
8670   4760
8680   4760
8690   4760
8700   4760
8710   4760
8720   4760
8730   4760
8740   4760
8750   4760
8760   4760
8770   4760
8780   4760
8790   4760
8800   4760
8810   4760
8820   4760
8830   4760
8840   4760
8850   4760
8860   4760
8870   4760
8880   4760
8890   4760
8900   4760
8910   4760
8920   4760
8930   4760
8940   4760
8950   4760
8960   4760
8970   4760
8980   4760
8990   4760
9000   4760
9010   4760
9020   4760
9030   4760
9040   4760
9050   4760
9060   4760
9070   4760
9080   4760
9090   4760
9100   4760
9110   4760
9120   4760
9130   4760
9140   4760
9150   4760
9160   4760
9170   4760
9180   4760
9190   4760
9200   4760
9210   4760
9220   4760
9230   4760
9240   4760
9250   4760
9260   4760
9270   4760
9280   4760
9290   4760
9300   4760
9310   4760
9320   4760
9330   4760
9340   4760
9350   4760
9360   4760
9370   4760
9380   4760
9390   4760
9400   4760
9410   4760
9420   4760
9430   4760
9440   4760
9450   4760
9460   4760
9470   4760
9480   4760
9490   4760
9500   4760
9510   4760
9520   4760
9530   4760
9540   4760
9550   4760
9560   4760
9570   4760
9580   4760
9590   4760
9600   4760
9610   4760
9620   4760
9630   4760
9640   4760
9650   4760
9660   4760
9670   4760
9680   4760
9690   4760
9700   4760
9710   4760
9720   4760
9730   4760
9740   4760
9750   4760
9760   4760
9770   4760
9780   4760
9790   4760
9800   4760
9810   4760
9820   4760
9830   4760
9840   4760
9850   4760
9860   4760
9870   4760
9880   4760
9890   4760
9900   4760
9910   4760
9920   4760
9930   4760
9940   4760
9950   4760
9960   4760
9970   4760
9980   4760
9990   4760
10000   4760
10010   4760
10020   4760
10030   4760
10040   4760
10050   4760
10060   4760
10070   4760
10080   4760
10090   4760
10100   4760
10110   4760
10120   4760
10130   4760
10140   4760
10150   4760
10160   4760
10170   4760
10180   4760
10190   4760
10200   4760
10210   4760
10220   4760
10230   4760
10240   4760
10250   4760
10260   4760
10270   4760
10280   4760
10290   4760
10300   4760
10310   4760
10320   4760
10330   4760
10340   4760
10350   4760
10360   4760
10370   4760
10380   4760
10390   4760
10400   4760
10410   4760
10420   4760
10430   4760
10440   4760
10450   4760
10460   4760
10470   4760
10480   4760
10490   4760
10500   4760
10510   4760
10520   4760
10530   4760
10540   4760
10550   4760
10560   4760
10570   4760
10580   4760
10590   4760
10600   4760
10610   4760
10620   4760
10630   4760
10640   4760
10650   4760
10660   4760
10670   4760
10680   4760
10690   4760
10700   4760
10710   4760
10720   4760
10730   4760
10740   4760
10750   4760
10760   4760
10770   4760
10780   4760
10790   4760
10800   4760
10810   4760
10820   4760
10830   4760
10840   4760
10850   4760
10860   4760
10870   4760
10880   4760
10890   4760
10900   4760
10910   4760
10920   4760
10930   4760
10940   4760
10950   4760
10960   4760
10970   4760
10980   4760
10990   4760
11000   4760
11010   4760
11020   4760
11030   4760
11040   4760
11050   4760
11060   4760
11070   4760
11080   4760
11090   4760
11100   4760
11110   4760
11120   4760
11130   4760
11140   4760
11150   4760
11160   4760
11170   4760
11180   4760
11190   4760
11200   4760
11210   4760
11220   4760
11230   4760
11240   4760
11250   4760
11260   4760
11270   4760
11280   4760
11290   4760
11300   4760
11310   4760
11320   4760
11330   4760
11340   4760
11350   4760
11360   4760
11370   4760
11380   4760
11390   4760
11400   4760
11410   4760
11420   4760
11430   4760
11440   4760
11450   4760
11460   4760
11470   4760
11480   4760
11490   4760
11500   4760
11510   4760
11520   4760
11530   4760
11540   4760
11550   4760
11560   4760
11570   4760
11580   4760
11590   4760
11600   4760
11610   4760
11620   4760
11630   4760
11640   4760
11650   4760
11660   4760
11670   4760
11680   4760
11690   4760
11700   4760
11710   4760
11720   4760
11730   4760
11740   4760
11750   4760
11760   4760
11770   4760
11780   4760
11790   4760
11800   4760
11810   4760
11820   4760
11830   4760
11840   4760
11850   4760
11860   4760
11870   4760
11880   4760
11890   4760
11900   4760
11910   4760
11920   4760
11930   4760
11940   4760
11950   4760
11960   4760
11970   4760
11980   4760
11990   4760
12000   4760
12010   4760
12020   4760
12030   4760
12040   4760
12050   4760
12060   4760
12070   4760
12080   4760
12090   4760
12100   4760
12110   4760
12120   4760
12130   4760
12140   4760
12150   4760
12160   4760
12170   4760
12180   4760
12190   4760
12200   4760
12210   4760
12220   4760
12230   4760
12240   4760
12250   4760
12260   4760
12270   4760
12280   4760
12290   4760
12300   4760
12310   4760
12320   4760
12330   4760
12340   4760
12350   4760
12360   4760
12370   4760
12380   4760
12390   4760
12400   4760
12410   4760
12420   4760
12430   4760
12440   4760
12450   4760
12460   4760
12470   4760
12480   4760
12490   4760
12500   4760
12510   4760
12520   4760
12530   4760
12540   4760
12550   4760
12560   4760
12570   4760
12580   4760
12590   4760
12600   4760
12610   4760
12620   4760
12630   4760
12640   4760
12650   4760
12660   4760
12670   4760
12680   4760
12690   4760
12700   4760
12710   4760
12720   4760
12730   4760
12740   4760
12750   4760
12760   4760
12770   4760
12780   4760
12790   4760
12800   4760
12810   4760
12820   4760
12830   4760
12840   4760
12850   4760
12860   4760
12870   4760
12880   4760
12890   4760
12900   4760
12910   4760
12920   4760
12930   4760
12940   4760
12950   4760
12960   4760
12970   4760
12980   4760
12990   4760
13000   4760
13010   4760
13020   4760
13030   4760
13040   4760
13050   4760
13060   4760
13070   4760
13080   4760
13090   4760
13100   4760
13110   4760
13120   4760
13130   4760
13140   4760
13150   4760
13160   4760
13170   4760
13180   4760
13190   4760
13200   4760
13210   4760
13220   4760
13230   4760
13240   4760
13250   4760
13260   4760
13270   4760
13280   4760
13290   4760
13300   4760
13310   4760
13320   4760
13330   4760
13340   4760
13350   4760
13360   4760
13370   4760
13380   4760
13390   4760
13400   4760
13410   4760
13420   4760
13430   4760
13440   4760
13450   4760
13460   4760
13470   4760
13480   4760
13490   4760
13500   4760
13510   4760
13520   4760
13530   4760
13540   4760
13550   4760
13560   4760
13570   4760
13580   4760
13590   4760
13600   4760
13610   4760
13620   4760
13630   4760
13640   4760
13650   4760
13660   4760
13670   4760
13680   4760
13690   4760
13700   4760
13710   4760
13720   4760
13730   4760
13740   4760
13750   4760
13760   4760
13770   4760
13780   4760
13790   4760
13800   4760
13810   4760
13820   4760
13830   4760
13840   4760
13850   4760
13860   4760
13870   4760
13880   4760
13890   4760
13900   4760
13910   4760
13920   4760
13930   4760
13940   4760
13950   4760
13960   4760
13970   4760
13980   4760
13990   4760
14000   4760
14010   4760
14020   4760
14030   4760
14040   4760
14050   4760
14060   4760
14070   4760
14080   4760
14090   4760
14100   4760
14110   4760
14120   4760
14130   4760
14140   4760
14150   4760
14160   4760
14170   4760
14180   4760
14190   4760
14200   4760
14210   4760
14220   4760
14230   4760
14240   4760
14250   4760
14260   4760
14270   4760
14280   4760
14290   4760
14300   4760
14310   4760
14320   4760
14330   4760
14340   4760
14350   4760
14360   4760
14370   4760
14380   4760
14390   4760
14400   4760
14410   4760
14420   4760
14430   4760
14440   4760
14450   4760
14460   4760
14470   4760
14480   4760
14490   4760
14500   4760
14510   4760
14520   4760
14530   4760
14540   4760
14550   4760
14560   4760
14570   4760
14580   4760
14590   4760
14600   4760
14610   4760
14620   4760
14630   4760
14640   4760
14650   4760
14660   4760
14670   4760
14680   4760
14690   4760
14700   4760
14710   4760
14720   4760
14730   4760
14740   4760
14750   4760
14760   4760
14770   4760
14780   4760
14790   4760
14800   4760
14810   4760
14820   4760
14830   4760
14840   4760
14850   4760
14860   4760
14870   4760
14880   4760
14890   4760
14900   4760
14910   4760
14920   4760
14930   4760
14940   4760
14950   4760
14960   4760
14970   4760
14980   4760
14990   4760
15000   4760
15010   4760
15020   4760
15030   4760
15040   4760
15050   4760
15060   4760
15070   4760
15080   4760
15090   4760
15100   4760
15110   4760
15120   4760
15130   4760
15140   4760
15150   4760
15160   4760
15170   4760
15180   4760
15190   4760
15200   4760
15210   4760
15220   4760
15230   4760
15240   4760
15250   4760
15260   4760
15270   4760
15280   4760
15290   4760
15300   4760
15310   4760
15320   4760
15330   4720
15340   4720
15350   4720
15360   4720
15370   4720
15380   4720
15390   4720
15400   4720
15410   4720
15420   4720
15430   4720
15440   4720
15450   4720
15460   4720
15470   4720
15480   4720
15490   4720
15500   4720
15510   4720
15520   4720
15530   4720
15540   4720
15550   4720
15560   4720
15570   4720
15580   4720
15590   4720
15600   4720
15610   4720
15620   4720
15630   4720
15640   4720
15650   4720
15660   4720
15670   4720
15680   4720
15690   4720
15700   4720
15710   4720
15720   4720
15730   4720
15740   4720
15750   4720
15760   4720
15770   4720
15780   4720
15790   4720
15800   4720
15810   4720
15820   4720
15830   4720
15840   4720
15850   4720
15860   4720
15870   4720
15880   4720
15890   4720
15900   4720
15910   4720
15920   4720
15930   4720
15940   4720
15950   4720
15960   4720
15970   4720
15980   4720
15990   4720
16000   4720
16010   4720
16020   4720
16030   4720
16040   4720
16050   4720
16060   4720
16070   4720
16080   4720
16090   4720
16100   4720
16110   4720
16120   4720
16130   4720
16140   4720
16150   4720
16160   4720
16170   4720
16180   4720
16190   4720
16200   4720
16210   4720
16220   4720
16230   4720
16240   4720
16250   4720
16260   4720
16270   4720
16280   4720
16290   4720
16300   4720
16310   4720
16320   4720
16330   4720
16340   4720
16350   4720
16360   4720
16370   4720
16380   4720
16390   4720
16400   4720
16410   4720
16420   4720
16430   4720
16440   4720
16450   4720
16460   4720
16470   4720
16480   4720
16490   4720
16500   4720
16510   4720
16520   4720
16530   4720
16540   4720
16550   4720
16560   4720
16570   4720
16580   4720
16590   4720
16600   4720
16610   4720
16620   4720
16630   4720
16640   4720
16650   4720
16660   4720
16670   4720
16680   4720
16690   4720
16700   4720
16710   4720
16720   4720
16730   4720
16740   4720
16750   4720
16760   4720
16770   4720
16780   4720
16790   4720
16800   4720
16810   4720
16820   4720
16830   4720
16840   4720
16850   4720
16860   4720
16870   4720
16880   4720
16890   4720
16900   4720
16910   4720
16920   4720
16930   4720
16940   4720
16950   4720
16960   4720
16970   4720
16980   4720
16990   4720
17000   4720
17010   4720
17020   4720
17030   4720
17040   4720
17050   4720
17060   4720
17070   4720
17080   4720
17090   4720
17100   4720
17110   4720
17120   4720
17130   4720
17140   4720
17150   4720
17160   4720
17170   4720
17180   4720
17190   4720
17200   4720
17210   4720
17220   4720
17230   4720
17240   4720
17250   4720
17260   4720
17270   4720
17280   4720
17290   4720
17300   4720
17310   4720
17320   4720
17330   4720
17340   4720
17350   4720
17360   4720
17370   4720
17380   4720
17390   4720
17400   4720
17410   4720
17420   4720
17430   4720
17440   4720
17450   4720
17460   4720
17470   4720
17480   4720
17490   4720
17500   4720
17510   4720
17520   4720
17530   4720
17540   4720
17550   4720
17560   4720
17570   4720
17580   4720
17590   4720
17600   4720
17610   4720
17620   4720
17630   4720
17640   4720
17650   4720
17660   4720
17670   4720
17680   4720
17690   4720
17700   4720
17710   4720
17720   4720
17730   4720
17740   4720
17750   4720
17760   4720
17770   4720
17780   4720
17790   4720
17800   4720
17810   4720
17820   4720
17830   4720
17840   4720
17850   4720
17860   4720
17870   4720
17880   4720
17890   4720
17900   4720
17910   4720
17920   4720
17930   4720
17940   4720
17950   4720
17960   4720
17970   4720
17980   4720
17990   4720
18000   4720
18010   4720
18020   4720
18030   4720
18040   4720
18050   4720
18060   4720
18070   4720
18080   4720
18090   4720
18100   4720
18110   4720
18120   4720
18130   4720
18140   4720
18150   4720
18160   4720
18170   4720
18180   4720
18190   4720
18200   4720
18210   4720
18220   4720
18230   4720
18240   4720
18250   4720
18260   4720
18270   4720
18280   4720
18290   4720
18300   4720
18310   4720
18320   4720
18330   4720
18340   4720
18350   4720
18360   4720
18370   4720
18380   4720
18390   4720
18400   4720
18410   4720
18420   4720
18430   4720
18440   4720
18450   4720
18460   4720
18470   4720
18480   4720
18490   4720
18500   4720
18510   4720
18520   4720
18530   4720
18540   4720
18550   4720
18560   4720
18570   4720
18580   4720
18590   4720
18600   4720
18610   4720
18620   4720
18630   4720
18640   4720
18650   4720
18660   4720
18670   4720
18680   4720
18690   4720
18700   4720
18710   4720
18720   4720
18730   4720
18740   4720
18750   4720
18760   4720
18770   4720
18780   4720
18790   4720
18800   4720
18810   4720
18820   4720
18830   4720
18840   4720
18850   4720
18860   4720
18870   4720
18880   4720
18890   4720
18900   4720
18910   4720
18920   4720
18930   4720
18940   4720
18950   4720
18960   4720
18970   4720
18980   4720
18990   4720
19000   4720
19010   4720
19020   4720
19030   4720
19040   4720
19050   4720
19060   4720
19070   4720
19080   4720
19090   4720
19100   4720
19110   4720
19120   4720
19130   4720
19140   4720
19150   4720
19160   4720
19170   4720
19180   4720
19190   4720
19200   4720
19210   4720
19220   4720
19230   4720
19240   4720
19250   4720
19260   4720
19270   4720
19280   4720
19290   4720
19300   4720
19310   4720
19320   4720
19330   4720
19340   4720
19350   4720
19360   4720
19370   4720
19380   4720
19390   4720
19400   4720
19410   4720
19420   4720
19430   4720
19440   4720
19450   4720
19460   4720
19470   4720
19480   4720
19490   4720
19500   4720
19510   4720
19520   4720
19530   4720
19540   4720
19550   4720
19560   4720
19570   4720
19580   4720
19590   4720
19600   4720
19610   4720
19620   4720
19630   4720
19640   4720
19650   4720
19660   4720
19670   4720
19680   4720
19690   4720
19700   4720
19710   4720
19720   4720
19730   4720
19740   4720
19750   4720
19760   4720
19770   4720
19780   4720
19790   4720
19800   4720
19810   4720
19820   4720
19830   4720
19840   4720
19850   4720
19860   4720
19870   4720
19880   4720
19890   4720
19900   4720
19910   4720
19920   4720
19930   4720
19940   4720
19950   4720
19960   4720
19970   4720
19980   4720
19990   4720
20000   4720
20010   4720
20020   4720
20030   4720
20040   4720
20050   4720
20060   4720
20070   4720
20080   4720
20090   4720
20100   4720
20110   4720
20120   4720
20130   4720
20140   4720
20150   4720
20160   4720
20170   4720
20180   4720
20190   4720
20200   4720
20210   4720
20220   4720
20230   4720
20240   4720
20250   4720
20260   4720
20270   4720
20280   4720
20290   4720
20300   4720
20310   4720
20320   4720
20330   4720
20340   4720
20350   4720
20360   4720
20370   4720
20380   4720
20390   4720
20400   4720
20410   4720
20420   4720
20430   4720
20440   4720
20450   4720
20460   4720
20470   4720
20480   4720
20490   4720
20500   4720
20510   4720
20520   4720
20530   4720
20540   4720
20550   4720
20560   4720
20570   4720
20580   4720
20590   4720
20600   4720
20610   4720
20620   4720
20630   4720
20640   4720
20650   4720
20660   4720
20670   4720
20680   4720
20690   4720
20700   4720
20710   4720
20720   4720
20730   4720
20740   4720
20750   4720
20760   4720
20770   4720
20780   4720
20790   4720
20800   4720
20810   4720
20820   4720
20830   4720
20840   4720
20850   4720
20860   4720
20870   4720
20880   4720
20890   4720
20900   4720
20910   4720
20920   4720
20930   4720
20940   4720
20950   4720
20960   4720
20970   4720
20980   4720
20990   4720
21000   4720
21010   4720
21020   4720
21030   4720
21040   4720
21050   4720
21060   4720
21070   4720
21080   4720
21090   4720
21100   4720
21110   4720
21120   4720
21130   4720
21140   4720
21150   4720
21160   4720
21170   4720
21180   4720
21190   4720
21200   4720
21210   4720
21220   4720
21230   4720
21240   4720
21250   4720
21260   4720
21270   4720
21280   4720
21290   4720
21300   4720
21310   4720
21320   4720
21330   4720
21340   4720
21350   4720
21360   4720
21370   4720
21380   4720
21390   4720
21400   4720
21410   4720
21420   4720
21430   4720
21440   4720
21450   4720
21460   4720
21470   4720
21480   4720
21490   4720
21500   4720
21510   4720
21520   4720
21530   4720
21540   4720
21550   4720
21560   4720
21570   4720
21580   4720
21590   4720
21600   4720
21610   4720
21620   4720
21630   4720
21640   4720
21650   4720
21660   4720
21670   4720
21680   4720
21690   4720
21700   4720
21710   4720
21720   4720
21730   4720
21740   4720
21750   4720
21760   4720
21770   4720
21780   4720
21790   4720
21800   4720
21810   4720
21820   4720
21830   4720
21840   4720
21850   4720
21860   4720
