10   8468
20   8048
30   7720
40   7520
50   7520
60   7248
70   7248
80   7248
90   7248
100   7248
110   7248
120   7248
130   7248
140   7248
150   7248
160   7248
170   7248
180   7248
190   7248
200   6960
210   6960
220   6960
230   6960
240   6960
250   6960
260   6960
270   6960
280   6960
290   6960
300   6960
310   6960
320   6960
330   6960
340   6960
350   6960
360   6960
370   6960
380   6960
390   6800
400   6800
410   6800
420   6800
430   6800
440   6800
450   6800
460   6800
470   6800
480   6800
490   6800
500   6800
510   6800
520   6800
530   6800
540   6800
550   6800
560   6800
570   6800
580   6800
590   6800
600   6800
610   6800
620   6800
630   6800
640   6800
650   6800
660   6800
670   6800
680   6800
690   6800
700   6800
710   6800
720   6800
730   6800
740   6800
750   6800
760   6800
770   6800
780   6800
790   6800
800   6800
810   6800
820   6800
830   6800
840   6800
850   6800
860   6800
870   6800
880   6800
890   6800
900   6800
910   6800
920   6800
930   6800
940   6800
950   6800
960   6800
970   6800
980   6800
990   6800
1000   6800
1010   6800
1020   6800
1030   6800
1040   6800
1050   6800
1060   6800
1070   6800
1080   6800
1090   6800
1100   6800
1110   6800
1120   6800
1130   6800
1140   6800
1150   6800
1160   6800
1170   6800
1180   6800
1190   6800
1200   6800
1210   6800
1220   6800
1230   6800
1240   6800
1250   6800
1260   6800
1270   6800
1280   6800
1290   6800
1300   6800
1310   6800
1320   6800
1330   6800
1340   6800
1350   6800
1360   6800
1370   6800
1380   6800
1390   6800
1400   6800
1410   6800
1420   6800
1430   6800
1440   6800
1450   6800
1460   6800
1470   6800
1480   6800
1490   6800
1500   6800
1510   6800
1520   6800
1530   6800
1540   6800
1550   6800
1560   6800
1570   6800
1580   6800
1590   6800
1600   6800
1610   6800
1620   6800
1630   6800
1640   6800
1650   6800
1660   6800
1670   6800
1680   6800
1690   6800
1700   6800
1710   6800
1720   6800
1730   6800
1740   6800
1750   6800
1760   6800
1770   6800
1780   6800
1790   6800
1800   6800
1810   6800
1820   6800
1830   6800
1840   6800
1850   6800
1860   6800
1870   6800
1880   6800
1890   6800
1900   6800
1910   6800
1920   6800
1930   6800
1940   6800
1950   6800
1960   6800
1970   6800
1980   6800
1990   6800
2000   6800
2010   6800
2020   6800
2030   6800
2040   6800
2050   6800
2060   6800
2070   6800
2080   6800
2090   6800
2100   6800
2110   6800
2120   6800
2130   6800
2140   6800
2150   6800
2160   6800
2170   6800
2180   6800
2190   6800
2200   6800
2210   6800
2220   6800
2230   6800
2240   6800
2250   6800
2260   6800
2270   6800
2280   6800
2290   6800
2300   6800
2310   6800
2320   6800
2330   6800
2340   6800
2350   6800
2360   6800
2370   6800
2380   6800
2390   6800
2400   6800
2410   6800
2420   6800
2430   6800
2440   6800
2450   6800
2460   6800
2470   6800
2480   6800
2490   6800
2500   6800
2510   6800
2520   6800
2530   6800
2540   6800
2550   6800
2560   6800
2570   6800
2580   6800
2590   6800
2600   6800
2610   6800
2620   6800
2630   6800
2640   6800
2650   6800
2660   6800
2670   6800
2680   6800
2690   6800
2700   6800
2710   6800
2720   6800
2730   6800
2740   6800
2750   6800
2760   6800
2770   6800
2780   6800
2790   6800
2800   6800
2810   6800
2820   6800
2830   6800
2840   6800
2850   6800
2860   6800
2870   6800
2880   6800
2890   6800
2900   6800
2910   6800
2920   6800
2930   6800
2940   6800
2950   6800
2960   6800
2970   6800
2980   6800
2990   6800
3000   6800
3010   6800
3020   6800
3030   6800
3040   6800
3050   6800
3060   6800
3070   6800
3080   6800
3090   6800
3100   6800
3110   6800
3120   6800
3130   6800
3140   6800
3150   6800
3160   6800
3170   6800
3180   6800
3190   6800
3200   6800
3210   6800
3220   6800
3230   6800
3240   6800
3250   6800
3260   6800
3270   6800
3280   6800
3290   6800
3300   6800
3310   6800
3320   6800
3330   6800
3340   6800
3350   6800
3360   6800
3370   6800
3380   6800
3390   6800
3400   6800
3410   6800
3420   6800
3430   6800
3440   6800
3450   6800
3460   6800
3470   6800
3480   6800
3490   6800
3500   6800
3510   6800
3520   6800
3530   6800
3540   6800
3550   6800
3560   6800
3570   6800
3580   6800
3590   6800
3600   6800
3610   6800
3620   6800
3630   6800
3640   6800
3650   6800
3660   6800
3670   6800
3680   6800
3690   6800
3700   6800
3710   6800
3720   6800
3730   6800
3740   6800
3750   6800
3760   6800
3770   6800
3780   6800
3790   6800
3800   6800
3810   6800
3820   6800
3830   6800
3840   6800
3850   6800
3860   6800
3870   6800
3880   6800
3890   6800
3900   6800
3910   6800
3920   6800
3930   6800
3940   6800
3950   6800
3960   6800
3970   6800
3980   6800
3990   6800
4000   6800
4010   6800
4020   6800
4030   6800
4040   6800
4050   6800
4060   6800
4070   6800
4080   6800
4090   6800
4100   6800
4110   6800
4120   6800
4130   6800
4140   6800
4150   6800
4160   6800
4170   6800
4180   6800
4190   6800
4200   6800
4210   6800
4220   6800
4230   6800
4240   6800
4250   6800
4260   6800
4270   6800
4280   6800
4290   6800
4300   6800
4310   6800
4320   6800
4330   6800
4340   6800
4350   6800
4360   6800
4370   6800
4380   6800
4390   6800
4400   6800
4410   6800
4420   6800
4430   6800
4440   6800
4450   6800
4460   6800
4470   6800
4480   6800
4490   6800
4500   6800
4510   6800
4520   6800
4530   6800
4540   6800
4550   6800
4560   6800
4570   6800
4580   6800
4590   6800
4600   6800
4610   6800
4620   6800
4630   6800
4640   6800
4650   6800
4660   6800
4670   6800
4680   6800
4690   6800
4700   6800
4710   6800
4720   6800
4730   6800
4740   6800
4750   6800
4760   6800
4770   6800
4780   6800
4790   6800
4800   6800
4810   6800
4820   6800
4830   6800
4840   6800
4850   6800
4860   6800
4870   6800
4880   6800
4890   6800
4900   6800
4910   6800
4920   6800
4930   6800
4940   6800
4950   6800
4960   6800
4970   6800
4980   6800
4990   6800
5000   6800
5010   6800
5020   6800
5030   6800
5040   6800
5050   6800
5060   6800
5070   6800
5080   6800
5090   6800
5100   6800
5110   6800
5120   6800
5130   6800
5140   6800
5150   6800
5160   6800
5170   6800
5180   6800
5190   6800
5200   6800
5210   6800
5220   6800
5230   6800
5240   6800
5250   6800
5260   6800
5270   6800
5280   6800
5290   6800
5300   6800
5310   6800
5320   6800
5330   6800
5340   6800
5350   6800
5360   6800
5370   6800
5380   6800
5390   6800
5400   6800
5410   6800
5420   6800
5430   6800
5440   6800
5450   6800
5460   6800
5470   6800
5480   6800
5490   6800
5500   6800
5510   6800
5520   6800
5530   6800
5540   6800
5550   6800
5560   6800
5570   6800
5580   6800
5590   6800
5600   6800
5610   6800
5620   6800
5630   6800
5640   6800
5650   6800
5660   6800
5670   6800
5680   6800
5690   6800
5700   6800
5710   6800
5720   6800
5730   6800
5740   6800
5750   6800
5760   6800
5770   6800
5780   6800
5790   6800
5800   6800
5810   6800
5820   6800
5830   6800
5840   6800
5850   6800
5860   6800
5870   6800
5880   6800
5890   6800
5900   6800
5910   6800
5920   6800
5930   6800
5940   6800
5950   6800
5960   6800
5970   6800
5980   6800
5990   6800
6000   6800
6010   6800
6020   6800
6030   6800
6040   6800
6050   6800
6060   6800
6070   6800
6080   6800
6090   6800
6100   6800
6110   6800
6120   6800
6130   6800
6140   6800
6150   6800
6160   6800
6170   6800
6180   6800
6190   6800
6200   6800
6210   6800
6220   6800
6230   6800
6240   6800
6250   6800
6260   6800
6270   6800
6280   6800
6290   6800
6300   6800
6310   6800
6320   6800
6330   6800
6340   6800
6350   6800
6360   6800
6370   6800
6380   6800
6390   6800
6400   6800
6410   6800
6420   6800
6430   6800
6440   6800
6450   6800
6460   6800
6470   6800
6480   6800
6490   6800
6500   6800
6510   6800
6520   6800
6530   6800
6540   6800
6550   6800
6560   6800
6570   6800
6580   6800
6590   6800
6600   6800
6610   6800
6620   6800
6630   6800
6640   6800
6650   6800
6660   6800
6670   6800
6680   6800
6690   6800
6700   6800
6710   6800
6720   6800
6730   6800
6740   6800
6750   6800
6760   6800
6770   6800
6780   6800
6790   6800
6800   6800
6810   6800
6820   6800
6830   6800
6840   6800
6850   6800
6860   6800
6870   6800
6880   6800
6890   6800
6900   6800
6910   6800
6920   6800
6930   6800
6940   6800
6950   6800
6960   6800
6970   6800
6980   6800
6990   6800
7000   6800
7010   6800
7020   6800
7030   6800
7040   6800
7050   6800
7060   6800
7070   6800
7080   6800
7090   6800
7100   6800
7110   6800
7120   6800
7130   6800
7140   6800
7150   6800
7160   6800
7170   6800
7180   6800
7190   6800
7200   6800
7210   6800
7220   6800
7230   6800
7240   6800
7250   6800
7260   6800
7270   6800
7280   6800
7290   6800
7300   6704
7310   6704
7320   6704
7330   6704
7340   6704
7350   6704
7360   6704
7370   6704
7380   6704
7390   6704
7400   6704
7410   6704
7420   6704
7430   6704
7440   6704
7450   6704
7460   6704
7470   6704
7480   6704
7490   6704
7500   6704
7510   6704
7520   6704
7530   6704
7540   6704
7550   6704
7560   6704
7570   6704
7580   6704
7590   6704
7600   6704
7610   6704
7620   6704
7630   6704
7640   6704
7650   6704
7660   6704
7670   6704
7680   6704
7690   6704
7700   6704
7710   6704
7720   6704
7730   6704
7740   6704
7750   6704
7760   6704
7770   6704
7780   6704
7790   6704
7800   6704
7810   6704
7820   6704
7830   6704
7840   6704
7850   6704
7860   6704
7870   6704
7880   6704
7890   6704
7900   6704
7910   6704
7920   6704
7930   6704
7940   6704
7950   6704
7960   6704
7970   6704
7980   6704
7990   6704
8000   6704
8010   6704
8020   6704
8030   6704
8040   6704
8050   6704
8060   6704
8070   6704
8080   6704
8090   6704
8100   6704
8110   6704
8120   6704
8130   6704
8140   6704
8150   6704
8160   6704
8170   6704
8180   6704
8190   6704
8200   6704
8210   6704
8220   6704
8230   6704
8240   6704
8250   6704
8260   6704
8270   6704
8280   6704
8290   6704
8300   6704
8310   6704
8320   6704
8330   6704
8340   6704
8350   6704
8360   6704
8370   6704
8380   6704
8390   6704
8400   6704
8410   6704
8420   6704
8430   6704
8440   6704
8450   6704
8460   6704
8470   6704
8480   6704
8490   6704
8500   6704
8510   6704
8520   6704
8530   6704
8540   6704
8550   6704
8560   6704
8570   6704
8580   6704
8590   6704
8600   6704
8610   6704
8620   6704
8630   6704
8640   6704
8650   6704
8660   6704
8670   6704
8680   6704
8690   6704
8700   6704
8710   6704
8720   6704
8730   6704
8740   6704
8750   6704
8760   6704
8770   6704
8780   6704
8790   6704
8800   6704
8810   6704
8820   6704
8830   6704
8840   6704
8850   6704
8860   6704
8870   6704
8880   6704
8890   6704
8900   6704
8910   6704
8920   6704
8930   6704
8940   6704
8950   6704
8960   6704
8970   6704
8980   6704
8990   6704
9000   6704
9010   6704
9020   6704
9030   6704
9040   6704
9050   6704
9060   6704
9070   6704
9080   6704
9090   6704
9100   6704
9110   6704
9120   6704
9130   6704
9140   6704
9150   6704
9160   6704
9170   6704
9180   6704
9190   6704
9200   6704
9210   6704
9220   6704
9230   6704
9240   6704
9250   6704
9260   6704
9270   6704
9280   6704
9290   6704
9300   6704
9310   6704
9320   6704
9330   6704
9340   6704
9350   6704
9360   6704
9370   6704
9380   6704
9390   6704
9400   6704
9410   6704
9420   6704
9430   6704
9440   6704
9450   6704
9460   6704
9470   6704
9480   6704
9490   6704
