10   4504
20   4504
30   4504
40   4388
50   4388
60   4388
70   4388
80   4388
90   4388
100   4388
110   4388
120   4388
130   4388
140   4388
150   4388
160   4388
170   4388
180   4332
190   4332
200   4332
210   4332
220   4332
230   4332
240   4332
250   4332
260   4332
270   4332
280   4332
290   4332
300   4332
310   4332
320   4332
330   4132
340   4132
350   4132
360   4132
370   4132
380   4132
390   4132
400   4132
410   4132
420   4132
430   4132
440   4132
450   4132
460   4132
470   4132
480   4132
490   4132
500   4132
510   4108
520   4108
530   4108
540   4108
550   4108
560   4108
570   4108
580   4108
590   4108
600   4108
610   4108
620   4108
630   4108
640   4108
650   4108
660   4108
670   4108
680   4108
690   4108
700   4108
710   4108
720   4108
730   4108
740   4108
750   4108
760   4108
770   4108
780   4108
790   4108
800   4108
810   4108
820   4108
830   4108
840   4108
850   4108
860   4108
870   4108
880   4108
890   3920
900   3920
910   3920
920   3920
930   3920
940   3920
950   3920
960   3920
970   3920
980   3920
990   3920
1000   3920
1010   3920
1020   3920
1030   3920
1040   3920
1050   3920
1060   3920
1070   3920
1080   3920
1090   3920
1100   3920
1110   3920
1120   3920
1130   3920
1140   3920
1150   3920
1160   3920
1170   3920
1180   3920
1190   3920
1200   3920
1210   3920
1220   3920
1230   3920
1240   3920
1250   3920
1260   3920
1270   3920
1280   3920
1290   3920
1300   3920
1310   3920
1320   3920
1330   3920
1340   3920
1350   3920
1360   3920
1370   3920
1380   3920
1390   3920
1400   3920
1410   3920
1420   3920
1430   3920
1440   3920
1450   3920
1460   3920
1470   3920
1480   3920
1490   3920
1500   3920
1510   3920
1520   3920
1530   3920
1540   3920
1550   3920
1560   3920
1570   3920
1580   3920
1590   3920
1600   3920
1610   3920
1620   3920
1630   3920
1640   3920
1650   3920
1660   3920
1670   3920
1680   3920
1690   3920
1700   3920
1710   3920
1720   3920
1730   3920
1740   3920
1750   3840
1760   3840
1770   3840
1780   3840
1790   3840
1800   3840
1810   3840
1820   3840
1830   3840
1840   3840
1850   3840
1860   3840
1870   3840
1880   3840
1890   3840
1900   3840
1910   3840
1920   3840
1930   3840
1940   3840
1950   3840
1960   3840
1970   3840
1980   3840
1990   3840
2000   3840
2010   3840
2020   3840
2030   3840
2040   3840
2050   3840
2060   3840
2070   3840
2080   3840
2090   3840
2100   3840
2110   3840
2120   3840
2130   3840
2140   3840
2150   3840
2160   3840
2170   3840
2180   3840
2190   3840
2200   3840
2210   3840
2220   3840
2230   3840
2240   3840
2250   3840
2260   3840
2270   3840
2280   3840
2290   3840
2300   3840
2310   3840
2320   3840
2330   3840
2340   3840
2350   3840
2360   3840
2370   3840
2380   3840
2390   3840
2400   3840
2410   3840
2420   3840
2430   3840
2440   3840
2450   3840
2460   3840
2470   3840
2480   3840
2490   3840
2500   3840
2510   3840
2520   3840
2530   3840
2540   3840
2550   3840
2560   3840
2570   3840
2580   3840
2590   3840
2600   3840
2610   3840
2620   3840
2630   3840
2640   3840
2650   3840
2660   3840
2670   3840
2680   3840
2690   3840
2700   3840
2710   3840
2720   3840
2730   3840
2740   3840
2750   3840
2760   3840
2770   3840
2780   3840
2790   3840
2800   3840
2810   3840
2820   3840
2830   3840
2840   3840
2850   3840
2860   3840
2870   3840
2880   3840
2890   3840
2900   3840
2910   3840
2920   3840
2930   3840
2940   3840
2950   3840
2960   3840
2970   3840
2980   3840
2990   3840
3000   3840
3010   3840
3020   3840
3030   3840
3040   3840
3050   3840
3060   3840
3070   3840
3080   3840
3090   3840
3100   3840
3110   3840
3120   3840
3130   3840
3140   3840
3150   3840
3160   3840
3170   3840
3180   3840
3190   3840
3200   3840
3210   3840
3220   3840
3230   3840
3240   3840
3250   3840
3260   3840
3270   3840
3280   3840
3290   3840
3300   3840
3310   3840
3320   3840
3330   3840
3340   3840
3350   3840
3360   3840
3370   3840
3380   3840
3390   3840
3400   3840
3410   3840
3420   3840
3430   3840
3440   3840
3450   3840
3460   3840
3470   3840
3480   3840
3490   3840
3500   3840
3510   3840
3520   3840
3530   3840
3540   3840
3550   3840
3560   3840
3570   3840
3580   3840
3590   3840
3600   3840
3610   3840
3620   3840
3630   3840
3640   3840
3650   3840
3660   3840
3670   3840
3680   3840
3690   3840
3700   3840
3710   3840
3720   3840
3730   3840
3740   3840
3750   3840
3760   3840
3770   3840
3780   3840
3790   3840
3800   3840
3810   3840
3820   3840
3830   3840
3840   3840
3850   3840
3860   3840
3870   3840
3880   3840
3890   3840
3900   3840
3910   3840
3920   3840
3930   3840
3940   3840
3950   3840
3960   3840
3970   3840
3980   3840
3990   3840
4000   3840
4010   3840
4020   3840
4030   3840
4040   3840
4050   3840
4060   3840
4070   3840
4080   3840
4090   3840
4100   3840
4110   3840
4120   3840
4130   3840
4140   3840
4150   3840
4160   3840
4170   3840
4180   3840
4190   3840
4200   3840
4210   3840
4220   3840
4230   3840
4240   3840
4250   3840
4260   3840
4270   3840
4280   3840
4290   3840
4300   3840
4310   3840
4320   3840
4330   3840
4340   3840
4350   3840
4360   3840
4370   3840
4380   3840
4390   3840
4400   3840
4410   3840
4420   3840
4430   3840
4440   3840
4450   3840
4460   3840
4470   3840
4480   3840
4490   3840
4500   3840
4510   3840
4520   3840
4530   3840
4540   3840
4550   3840
4560   3840
4570   3840
4580   3840
4590   3840
4600   3840
4610   3840
4620   3840
4630   3840
4640   3840
4650   3840
4660   3840
4670   3840
4680   3840
4690   3840
4700   3840
4710   3840
4720   3840
4730   3840
4740   3840
4750   3840
4760   3840
4770   3840
4780   3840
4790   3840
4800   3840
4810   3840
4820   3840
4830   3840
4840   3840
4850   3840
4860   3840
4870   3840
4880   3840
4890   3840
4900   3840
4910   3840
4920   3840
4930   3840
4940   3840
4950   3840
4960   3840
4970   3840
4980   3840
4990   3840
5000   3840
5010   3840
5020   3840
5030   3840
5040   3840
5050   3840
5060   3840
5070   3840
5080   3840
5090   3840
5100   3840
5110   3840
5120   3840
5130   3840
5140   3840
5150   3840
5160   3840
5170   3840
5180   3840
5190   3840
5200   3840
5210   3840
5220   3840
5230   3840
5240   3840
5250   3840
5260   3840
5270   3840
5280   3840
5290   3840
5300   3840
5310   3840
5320   3840
5330   3840
5340   3840
5350   3840
5360   3840
5370   3840
5380   3840
5390   3840
5400   3840
5410   3840
5420   3840
5430   3840
5440   3840
5450   3840
5460   3840
5470   3840
5480   3840
5490   3840
5500   3840
5510   3840
5520   3840
5530   3840
5540   3840
5550   3840
5560   3840
5570   3840
5580   3840
5590   3840
5600   3840
5610   3840
5620   3840
5630   3840
5640   3840
5650   3840
5660   3840
5670   3840
5680   3840
5690   3840
5700   3840
5710   3840
5720   3840
5730   3840
5740   3840
5750   3840
5760   3840
5770   3840
5780   3840
5790   3840
5800   3840
5810   3840
5820   3840
5830   3840
5840   3840
5850   3840
5860   3840
5870   3840
5880   3840
5890   3840
5900   3840
5910   3840
5920   3840
5930   3840
5940   3840
5950   3840
5960   3840
5970   3840
5980   3840
5990   3840
6000   3840
6010   3840
6020   3840
6030   3840
6040   3840
6050   3840
6060   3840
6070   3840
6080   3840
6090   3840
6100   3840
6110   3840
6120   3840
6130   3840
6140   3840
6150   3840
6160   3840
6170   3840
6180   3840
6190   3840
6200   3840
6210   3840
6220   3840
6230   3840
6240   3840
6250   3840
6260   3840
6270   3840
6280   3840
6290   3840
6300   3840
6310   3840
6320   3840
6330   3840
6340   3840
6350   3840
6360   3840
6370   3840
6380   3840
6390   3840
6400   3840
6410   3840
6420   3840
6430   3840
6440   3840
6450   3840
6460   3840
6470   3840
6480   3840
6490   3840
6500   3840
6510   3840
6520   3840
6530   3840
6540   3840
6550   3840
6560   3840
6570   3840
6580   3840
6590   3840
6600   3840
6610   3840
6620   3840
6630   3840
6640   3840
6650   3840
6660   3840
6670   3840
6680   3840
6690   3840
6700   3840
6710   3840
6720   3840
6730   3840
6740   3840
6750   3840
6760   3840
6770   3840
6780   3840
6790   3840
6800   3840
6810   3840
6820   3840
6830   3840
6840   3840
6850   3840
6860   3840
6870   3840
6880   3840
6890   3840
6900   3840
6910   3840
6920   3840
6930   3840
6940   3840
6950   3840
6960   3840
6970   3840
6980   3840
6990   3840
7000   3840
7010   3840
7020   3840
7030   3840
7040   3840
7050   3840
7060   3840
7070   3840
7080   3840
7090   3840
7100   3840
7110   3840
7120   3840
7130   3840
7140   3840
7150   3840
7160   3840
7170   3840
7180   3840
7190   3840
7200   3840
7210   3840
7220   3840
7230   3840
7240   3840
7250   3840
7260   3840
7270   3840
7280   3840
7290   3840
7300   3840
7310   3840
7320   3840
7330   3840
7340   3840
7350   3840
7360   3840
7370   3840
7380   3840
7390   3840
7400   3840
7410   3840
7420   3840
7430   3840
7440   3840
7450   3840
7460   3840
7470   3840
7480   3840
7490   3840
7500   3840
7510   3840
7520   3840
7530   3840
7540   3840
7550   3840
7560   3840
7570   3840
7580   3840
7590   3840
7600   3840
7610   3840
7620   3840
7630   3840
7640   3840
7650   3840
7660   3840
7670   3840
7680   3840
7690   3840
7700   3840
7710   3840
7720   3840
7730   3840
7740   3840
7750   3840
7760   3840
7770   3840
7780   3840
7790   3840
7800   3840
7810   3840
7820   3840
7830   3840
7840   3840
7850   3840
7860   3840
7870   3840
7880   3840
7890   3840
7900   3840
7910   3840
7920   3840
7930   3840
7940   3840
7950   3840
7960   3840
7970   3840
7980   3840
7990   3840
8000   3840
8010   3840
8020   3840
8030   3840
8040   3840
8050   3840
8060   3840
8070   3840
8080   3840
8090   3840
8100   3840
8110   3840
8120   3840
8130   3840
8140   3840
8150   3612
8160   3612
8170   3612
8180   3612
8190   3612
8200   3612
8210   3612
8220   3612
8230   3612
8240   3612
8250   3612
8260   3612
8270   3612
8280   3612
8290   3612
8300   3612
8310   3612
8320   3612
8330   3612
8340   3612
8350   3612
8360   3612
8370   3612
8380   3612
8390   3612
8400   3612
8410   3612
8420   3612
8430   3612
8440   3612
8450   3612
8460   3612
8470   3612
8480   3612
8490   3612
8500   3612
8510   3612
8520   3612
8530   3612
8540   3612
8550   3612
8560   3612
8570   3612
8580   3612
8590   3612
8600   3612
8610   3612
8620   3612
8630   3612
8640   3612
8650   3612
8660   3612
8670   3612
8680   3612
8690   3612
8700   3612
8710   3612
8720   3612
8730   3612
8740   3612
8750   3612
8760   3612
8770   3612
8780   3612
8790   3612
8800   3612
8810   3612
8820   3612
8830   3612
8840   3612
8850   3612
8860   3612
8870   3612
8880   3612
8890   3612
8900   3612
8910   3612
8920   3612
8930   3612
8940   3612
8950   3612
8960   3612
8970   3612
8980   3612
8990   3612
9000   3612
9010   3612
9020   3612
9030   3612
9040   3612
9050   3612
9060   3612
9070   3612
9080   3612
9090   3612
9100   3612
9110   3612
9120   3612
9130   3612
9140   3612
9150   3612
9160   3612
9170   3612
9180   3612
9190   3612
9200   3612
9210   3612
9220   3612
9230   3612
9240   3612
9250   3612
9260   3612
9270   3612
9280   3612
9290   3612
9300   3612
9310   3612
9320   3612
9330   3612
9340   3612
9350   3612
9360   3612
9370   3612
9380   3612
9390   3612
9400   3612
9410   3612
9420   3612
9430   3612
9440   3612
9450   3612
9460   3612
9470   3612
9480   3612
9490   3612
9500   3612
9510   3612
9520   3612
9530   3612
9540   3612
9550   3612
9560   3612
9570   3612
9580   3612
9590   3612
9600   3612
9610   3612
9620   3612
9630   3612
9640   3612
9650   3612
9660   3612
9670   3612
9680   3612
9690   3612
9700   3612
9710   3612
9720   3612
9730   3612
9740   3612
9750   3612
9760   3612
9770   3612
9780   3612
9790   3612
9800   3612
9810   3612
9820   3612
9830   3612
9840   3612
9850   3612
9860   3612
9870   3612
9880   3612
9890   3612
9900   3612
9910   3612
9920   3612
9930   3612
9940   3612
9950   3612
9960   3612
9970   3612
9980   3612
9990   3612
10000   3612
10010   3612
10020   3612
10030   3612
10040   3612
10050   3612
10060   3612
10070   3612
10080   3612
10090   3612
10100   3612
10110   3612
10120   3612
10130   3612
10140   3612
10150   3612
10160   3612
10170   3612
10180   3612
10190   3612
10200   3612
10210   3612
10220   3612
10230   3612
10240   3612
10250   3612
10260   3612
10270   3612
10280   3612
10290   3612
10300   3612
10310   3612
10320   3612
10330   3612
10340   3612
10350   3612
10360   3612
10370   3612
10380   3612
10390   3612
10400   3612
10410   3612
10420   3612
10430   3612
10440   3612
10450   3612
10460   3612
10470   3612
10480   3612
10490   3612
10500   3612
10510   3612
10520   3612
10530   3612
10540   3612
10550   3612
10560   3612
10570   3612
10580   3612
10590   3612
10600   3612
10610   3612
10620   3612
10630   3612
10640   3612
10650   3612
10660   3612
10670   3612
10680   3612
10690   3612
10700   3612
10710   3612
10720   3612
10730   3612
10740   3612
10750   3612
10760   3612
10770   3612
10780   3612
10790   3612
10800   3612
10810   3612
10820   3612
10830   3612
10840   3612
10850   3612
10860   3612
10870   3612
10880   3612
10890   3612
10900   3612
10910   3612
10920   3612
10930   3612
10940   3612
10950   3612
10960   3612
10970   3612
10980   3612
10990   3612
11000   3612
11010   3612
11020   3612
11030   3612
11040   3612
11050   3612
11060   3612
11070   3612
11080   3612
11090   3612
11100   3612
11110   3612
11120   3612
11130   3612
11140   3612
11150   3612
11160   3612
11170   3612
11180   3612
11190   3612
11200   3612
11210   3612
11220   3612
11230   3612
11240   3612
11250   3612
11260   3612
11270   3612
11280   3612
11290   3612
11300   3612
11310   3612
11320   3612
11330   3612
11340   3612
11350   3612
11360   3612
11370   3612
11380   3612
11390   3612
11400   3612
11410   3612
11420   3612
11430   3612
11440   3612
11450   3612
11460   3612
11470   3612
11480   3612
11490   3612
11500   3612
11510   3612
11520   3612
11530   3612
11540   3612
11550   3612
11560   3612
11570   3612
11580   3612
11590   3612
11600   3612
11610   3612
11620   3612
11630   3612
11640   3612
11650   3612
11660   3612
11670   3612
11680   3612
11690   3612
11700   3612
11710   3612
11720   3612
11730   3612
11740   3612
11750   3612
11760   3612
11770   3612
11780   3612
11790   3612
11800   3612
11810   3612
11820   3612
11830   3612
11840   3612
11850   3612
11860   3612
11870   3612
11880   3612
11890   3612
11900   3612
11910   3612
11920   3612
11930   3612
11940   3612
11950   3612
11960   3612
11970   3612
11980   3612
11990   3612
12000   3612
12010   3612
12020   3612
12030   3612
12040   3612
12050   3612
12060   3612
12070   3612
12080   3612
12090   3612
12100   3612
12110   3612
12120   3612
12130   3612
12140   3612
12150   3612
12160   3612
12170   3612
12180   3612
12190   3612
12200   3612
12210   3612
12220   3612
12230   3612
12240   3612
12250   3612
12260   3612
12270   3612
12280   3612
12290   3612
12300   3612
12310   3612
12320   3612
12330   3612
12340   3612
12350   3612
12360   3612
12370   3612
12380   3612
12390   3612
12400   3612
12410   3612
12420   3612
12430   3612
12440   3612
12450   3612
12460   3612
12470   3612
12480   3612
12490   3612
12500   3612
12510   3612
12520   3612
12530   3612
12540   3612
12550   3612
12560   3612
12570   3612
12580   3612
12590   3612
12600   3612
12610   3612
12620   3612
12630   3612
12640   3612
12650   3612
12660   3612
12670   3612
12680   3612
12690   3612
12700   3612
12710   3612
12720   3612
12730   3612
12740   3612
12750   3612
12760   3612
12770   3612
12780   3612
12790   3612
12800   3612
12810   3612
12820   3612
12830   3612
12840   3612
12850   3612
12860   3612
12870   3612
12880   3612
12890   3612
12900   3612
12910   3612
12920   3612
12930   3612
12940   3612
12950   3612
12960   3612
12970   3612
12980   3612
12990   3612
13000   3612
13010   3612
13020   3612
13030   3612
13040   3612
13050   3612
13060   3612
13070   3612
13080   3612
13090   3612
13100   3612
13110   3612
13120   3612
13130   3612
13140   3612
13150   3612
13160   3612
13170   3612
13180   3612
13190   3612
13200   3612
13210   3612
13220   3612
13230   3612
13240   3612
13250   3612
13260   3612
13270   3612
13280   3612
13290   3612
13300   3612
13310   3612
13320   3612
13330   3612
13340   3612
13350   3612
13360   3612
13370   3612
13380   3612
13390   3612
13400   3612
13410   3612
13420   3612
13430   3612
13440   3612
13450   3612
13460   3612
13470   3612
13480   3612
13490   3612
13500   3612
13510   3612
13520   3612
13530   3612
13540   3612
13550   3612
13560   3612
13570   3612
13580   3612
13590   3612
13600   3612
13610   3612
13620   3612
13630   3612
13640   3612
13650   3612
13660   3612
13670   3612
13680   3612
13690   3612
13700   3612
13710   3612
13720   3612
13730   3612
13740   3612
13750   3612
13760   3612
13770   3612
13780   3612
13790   3612
13800   3612
13810   3612
13820   3612
13830   3612
13840   3612
13850   3612
13860   3612
13870   3612
13880   3612
13890   3612
13900   3612
13910   3612
13920   3612
13930   3612
13940   3612
13950   3612
13960   3612
13970   3612
13980   3612
13990   3612
14000   3612
14010   3612
14020   3612
14030   3612
14040   3612
14050   3612
14060   3612
14070   3612
14080   3612
14090   3612
14100   3612
14110   3612
14120   3612
14130   3612
14140   3612
14150   3612
14160   3612
14170   3612
14180   3612
14190   3612
14200   3612
14210   3612
14220   3612
14230   3612
14240   3612
14250   3612
14260   3612
14270   3612
14280   3612
14290   3612
14300   3612
14310   3612
14320   3612
14330   3612
14340   3612
14350   3612
14360   3612
14370   3612
14380   3612
14390   3612
14400   3612
14410   3612
14420   3612
14430   3612
14440   3612
14450   3612
14460   3612
14470   3612
14480   3612
14490   3612
14500   3612
14510   3612
14520   3612
14530   3612
14540   3612
14550   3612
14560   3612
14570   3612
14580   3612
14590   3612
14600   3612
14610   3612
14620   3612
14630   3612
14640   3612
14650   3612
14660   3612
14670   3612
14680   3612
14690   3612
14700   3612
14710   3612
14720   3612
14730   3612
14740   3612
14750   3612
14760   3612
14770   3612
14780   3612
14790   3612
14800   3612
14810   3612
14820   3612
14830   3612
14840   3612
14850   3612
14860   3612
14870   3612
14880   3612
14890   3612
14900   3612
14910   3612
14920   3612
14930   3612
14940   3612
14950   3612
14960   3612
14970   3612
14980   3612
14990   3612
15000   3612
15010   3612
15020   3612
15030   3612
15040   3612
15050   3612
15060   3612
15070   3612
15080   3612
15090   3612
15100   3612
15110   3612
15120   3612
15130   3612
15140   3612
15150   3612
15160   3612
15170   3612
15180   3612
15190   3612
15200   3612
15210   3612
15220   3612
15230   3612
15240   3612
15250   3612
15260   3612
15270   3612
15280   3612
15290   3612
15300   3612
15310   3612
15320   3612
15330   3612
15340   3612
15350   3612
15360   3612
15370   3612
15380   3612
15390   3612
15400   3612
15410   3612
15420   3612
15430   3612
15440   3612
15450   3612
15460   3612
15470   3612
15480   3612
15490   3612
15500   3612
15510   3612
15520   3612
15530   3612
15540   3612
15550   3612
15560   3612
15570   3612
15580   3612
15590   3612
15600   3612
15610   3612
15620   3612
15630   3612
15640   3612
15650   3612
15660   3612
15670   3612
15680   3612
15690   3612
15700   3612
15710   3612
15720   3612
15730   3612
15740   3612
15750   3612
15760   3612
15770   3612
15780   3612
15790   3612
15800   3612
15810   3612
15820   3612
15830   3612
15840   3612
15850   3612
15860   3612
15870   3612
15880   3612
15890   3612
15900   3612
15910   3612
15920   3612
15930   3612
15940   3612
15950   3612
15960   3612
15970   3612
15980   3612
15990   3612
16000   3612
16010   3612
16020   3612
16030   3612
16040   3612
16050   3612
16060   3612
16070   3612
16080   3612
16090   3612
16100   3612
16110   3612
16120   3612
16130   3612
16140   3612
16150   3612
16160   3612
16170   3612
16180   3612
16190   3612
16200   3612
16210   3612
16220   3612
16230   3612
16240   3612
16250   3612
16260   3612
16270   3612
16280   3612
16290   3612
16300   3612
16310   3612
16320   3612
16330   3612
16340   3612
16350   3612
16360   3612
16370   3612
16380   3612
16390   3612
16400   3612
16410   3612
16420   3612
16430   3612
16440   3612
16450   3612
16460   3612
16470   3612
16480   3612
16490   3612
16500   3612
16510   3612
16520   3612
16530   3612
16540   3612
16550   3612
16560   3612
16570   3612
16580   3612
16590   3612
16600   3612
16610   3612
16620   3612
16630   3612
16640   3612
16650   3612
16660   3612
16670   3612
16680   3612
16690   3612
16700   3612
16710   3612
16720   3612
16730   3612
16740   3612
16750   3612
16760   3612
16770   3612
16780   3612
16790   3612
16800   3612
16810   3612
16820   3612
16830   3612
16840   3612
16850   3612
16860   3612
16870   3612
16880   3612
16890   3612
16900   3612
16910   3612
16920   3612
16930   3612
16940   3612
16950   3612
16960   3612
16970   3612
16980   3612
16990   3612
17000   3612
17010   3612
17020   3612
17030   3612
17040   3612
17050   3612
17060   3612
17070   3612
17080   3612
17090   3612
17100   3612
17110   3612
17120   3612
17130   3612
17140   3612
17150   3612
17160   3612
17170   3612
17180   3612
17190   3612
17200   3612
17210   3612
17220   3612
17230   3612
17240   3612
17250   3612
17260   3612
17270   3612
17280   3612
17290   3612
17300   3612
17310   3612
17320   3612
17330   3612
17340   3612
17350   3612
17360   3612
17370   3612
17380   3612
17390   3612
17400   3612
17410   3612
17420   3612
17430   3612
17440   3612
17450   3612
17460   3612
17470   3612
17480   3612
17490   3612
17500   3612
17510   3612
17520   3612
17530   3612
17540   3612
17550   3612
17560   3612
17570   3612
17580   3612
17590   3612
17600   3612
17610   3612
17620   3612
17630   3612
17640   3612
17650   3612
17660   3612
17670   3612
17680   3612
17690   3612
17700   3612
17710   3612
17720   3612
17730   3612
17740   3612
17750   3612
17760   3612
17770   3612
17780   3612
17790   3612
17800   3612
17810   3612
17820   3612
17830   3612
17840   3612
17850   3612
17860   3612
17870   3612
17880   3612
17890   3612
17900   3612
17910   3612
17920   3612
17930   3612
17940   3612
17950   3612
17960   3612
17970   3612
17980   3612
17990   3612
18000   3612
18010   3612
18020   3612
18030   3612
18040   3612
18050   3612
18060   3612
18070   3612
18080   3612
18090   3612
18100   3612
18110   3612
18120   3612
18130   3612
18140   3612
18150   3612
18160   3612
18170   3612
18180   3612
18190   3612
18200   3612
18210   3612
18220   3612
18230   3612
18240   3612
18250   3612
18260   3612
18270   3612
18280   3612
18290   3612
18300   3612
18310   3612
18320   3612
18330   3612
18340   3612
18350   3612
18360   3612
18370   3612
18380   3612
18390   3612
18400   3612
18410   3612
18420   3612
18430   3612
18440   3612
18450   3612
18460   3612
18470   3612
18480   3612
18490   3612
18500   3612
18510   3612
18520   3612
18530   3612
18540   3612
18550   3612
18560   3612
18570   3612
18580   3612
18590   3612
18600   3612
18610   3612
18620   3612
18630   3612
18640   3612
18650   3612
18660   3612
18670   3612
18680   3612
18690   3612
18700   3612
18710   3612
18720   3612
18730   3612
18740   3612
18750   3612
18760   3612
18770   3612
18780   3612
18790   3612
18800   3612
18810   3612
18820   3612
18830   3612
18840   3612
18850   3612
18860   3612
18870   3612
18880   3612
18890   3612
18900   3612
18910   3612
18920   3612
18930   3612
18940   3612
18950   3612
18960   3612
18970   3612
18980   3612
18990   3612
19000   3612
19010   3612
19020   3612
19030   3612
19040   3612
19050   3612
19060   3612
19070   3612
19080   3612
19090   3612
19100   3612
19110   3612
19120   3612
19130   3612
19140   3612
19150   3612
19160   3612
19170   3612
19180   3612
19190   3612
19200   3612
19210   3612
19220   3612
19230   3612
19240   3612
19250   3612
19260   3612
19270   3612
19280   3612
19290   3612
19300   3612
19310   3612
19320   3612
19330   3612
19340   3612
19350   3612
19360   3612
19370   3612
19380   3612
19390   3612
19400   3612
19410   3612
19420   3612
19430   3612
19440   3612
19450   3612
19460   3612
19470   3612
19480   3612
19490   3612
19500   3612
19510   3612
19520   3612
19530   3612
19540   3612
19550   3612
19560   3612
19570   3612
19580   3612
19590   3612
19600   3612
19610   3612
19620   3612
19630   3612
19640   3612
19650   3612
19660   3612
19670   3612
19680   3612
19690   3612
19700   3612
19710   3612
19720   3612
19730   3612
19740   3612
19750   3612
19760   3612
19770   3612
19780   3612
19790   3612
19800   3612
19810   3612
19820   3612
19830   3612
19840   3612
19850   3612
19860   3612
19870   3612
19880   3612
19890   3612
19900   3612
19910   3612
19920   3612
19930   3612
19940   3612
19950   3612
19960   3612
19970   3612
19980   3612
19990   3612
20000   3612
20010   3612
20020   3612
20030   3612
20040   3612
20050   3612
20060   3612
20070   3612
20080   3612
20090   3612
20100   3612
20110   3612
20120   3612
20130   3612
20140   3612
20150   3612
20160   3612
20170   3612
20180   3612
20190   3612
20200   3612
20210   3612
20220   3612
20230   3612
20240   3612
20250   3612
20260   3612
20270   3612
20280   3612
20290   3612
20300   3612
20310   3612
20320   3612
20330   3612
20340   3612
20350   3612
20360   3612
20370   3612
20380   3612
20390   3612
20400   3612
20410   3612
20420   3612
20430   3612
20440   3612
20450   3612
20460   3612
20470   3612
20480   3612
20490   3612
20500   3612
20510   3612
20520   3612
20530   3612
20540   3612
20550   3612
20560   3612
20570   3612
20580   3612
20590   3612
20600   3612
20610   3612
20620   3612
20630   3612
20640   3612
20650   3612
20660   3612
20670   3612
20680   3612
20690   3612
20700   3612
20710   3612
20720   3612
20730   3612
20740   3612
20750   3612
20760   3612
20770   3612
20780   3612
20790   3612
20800   3612
20810   3612
20820   3612
20830   3612
20840   3612
20850   3612
20860   3612
20870   3612
20880   3612
20890   3612
20900   3612
20910   3612
20920   3612
20930   3612
20940   3612
20950   3612
20960   3612
20970   3612
20980   3612
20990   3612
21000   3612
21010   3612
21020   3612
21030   3612
21040   3612
21050   3612
21060   3612
21070   3612
21080   3612
21090   3612
21100   3612
21110   3612
21120   3612
21130   3612
21140   3612
21150   3612
21160   3612
21170   3612
21180   3612
21190   3612
21200   3612
21210   3612
21220   3612
21230   3612
21240   3612
21250   3612
21260   3612
21270   3612
21280   3612
21290   3612
21300   3612
21310   3612
21320   3612
21330   3612
21340   3612
21350   3612
21360   3612
21370   3612
21380   3612
21390   3612
21400   3612
21410   3612
21420   3612
21430   3612
21440   3612
21450   3612
21460   3612
21470   3612
21480   3612
21490   3612
21500   3612
21510   3612
21520   3612
21530   3612
21540   3612
21550   3612
21560   3612
21570   3612
21580   3612
21590   3612
21600   3612
21610   3612
21620   3612
21630   3612
21640   3612
21650   3612
21660   3612
21670   3612
21680   3612
21690   3612
21700   3612
21710   3612
21720   3612
21730   3612
21740   3612
21750   3612
21760   3612
21770   3612
21780   3612
21790   3612
21800   3612
21810   3612
21820   3612
21830   3612
21840   3612
21850   3612
21860   3612
21870   3612
21880   3612
21890   3612
21900   3612
21910   3612
21920   3612
21930   3612
21940   3612
21950   3612
21960   3612
21970   3612
21980   3612
21990   3612
22000   3612
22010   3612
22020   3612
22030   3612
22040   3612
22050   3612
22060   3612
22070   3612
22080   3612
22090   3612
22100   3612
22110   3612
22120   3612
22130   3612
22140   3612
22150   3612
22160   3612
22170   3612
22180   3612
22190   3612
22200   3612
22210   3612
22220   3612
22230   3612
22240   3612
22250   3612
22260   3612
22270   3612
22280   3612
22290   3612
22300   3612
22310   3612
22320   3612
22330   3612
22340   3612
22350   3612
22360   3612
22370   3612
22380   3612
22390   3612
22400   3612
22410   3612
22420   3612
22430   3612
22440   3612
22450   3612
22460   3612
22470   3612
22480   3612
22490   3612
22500   3612
22510   3612
22520   3612
22530   3612
22540   3612
22550   3612
22560   3612
22570   3612
22580   3612
22590   3612
22600   3612
22610   3612
22620   3612
22630   3612
22640   3612
22650   3612
22660   3612
22670   3612
22680   3612
22690   3612
22700   3612
22710   3612
22720   3612
22730   3612
22740   3612
22750   3612
22760   3612
22770   3612
22780   3612
22790   3612
22800   3612
22810   3612
22820   3612
22830   3612
22840   3612
22850   3612
22860   3612
22870   3612
22880   3612
22890   3612
22900   3612
22910   3612
22920   3612
22930   3612
22940   3612
22950   3612
22960   3612
22970   3612
22980   3612
22990   3612
23000   3612
23010   3612
23020   3612
23030   3612
23040   3612
23050   3612
23060   3612
23070   3612
23080   3612
23090   3612
23100   3612
23110   3612
23120   3612
23130   3612
23140   3612
23150   3612
23160   3612
23170   3612
23180   3612
23190   3612
23200   3612
23210   3612
23220   3612
23230   3612
23240   3612
23250   3612
23260   3612
23270   3612
23280   3612
23290   3612
23300   3612
23310   3612
23320   3612
23330   3612
23340   3612
23350   3612
23360   3612
23370   3612
23380   3612
23390   3612
23400   3612
23410   3612
23420   3612
23430   3612
23440   3612
23450   3612
23460   3612
23470   3612
23480   3612
23490   3612
23500   3612
23510   3612
23520   3612
23530   3612
23540   3612
23550   3612
23560   3612
23570   3612
23580   3612
23590   3612
23600   3612
23610   3612
23620   3612
23630   3612
23640   3612
23650   3612
23660   3612
23670   3612
23680   3612
23690   3612
23700   3612
23710   3612
23720   3612
23730   3612
23740   3612
23750   3612
23760   3612
23770   3612
23780   3612
23790   3612
23800   3612
23810   3612
23820   3612
23830   3612
23840   3612
23850   3612
23860   3612
23870   3612
23880   3612
23890   3612
23900   3612
23910   3612
23920   3612
23930   3612
23940   3612
23950   3612
23960   3612
23970   3612
23980   3612
23990   3612
24000   3612
24010   3612
24020   3612
24030   3612
24040   3612
24050   3612
24060   3612
24070   3612
24080   3612
24090   3612
24100   3612
24110   3612
24120   3612
24130   3612
24140   3612
24150   3612
24160   3612
24170   3612
24180   3612
24190   3612
24200   3612
24210   3612
24220   3612
24230   3612
24240   3612
24250   3612
24260   3612
24270   3612
24280   3612
24290   3612
24300   3612
24310   3612
24320   3612
24330   3612
24340   3612
24350   3612
24360   3612
24370   3612
24380   3612
24390   3612
24400   3612
24410   3612
24420   3612
24430   3612
24440   3612
24450   3612
24460   3612
24470   3612
24480   3612
24490   3612
24500   3612
24510   3612
24520   3612
24530   3612
24540   3612
24550   3612
24560   3612
24570   3612
24580   3612
24590   3612
24600   3612
24610   3612
24620   3612
24630   3612
24640   3612
24650   3612
24660   3612
24670   3612
24680   3612
24690   3612
24700   3612
24710   3612
24720   3612
24730   3612
24740   3612
24750   3612
24760   3612
24770   3612
24780   3612
24790   3612
24800   3612
24810   3612
24820   3612
24830   3612
24840   3612
24850   3612
24860   3612
24870   3612
24880   3612
24890   3612
24900   3612
24910   3612
24920   3612
24930   3612
24940   3612
24950   3612
24960   3612
24970   3612
24980   3612
24990   3612
25000   3612
25010   3612
25020   3612
25030   3612
25040   3612
25050   3612
25060   3612
25070   3612
25080   3612
25090   3612
25100   3612
25110   3612
25120   3612
25130   3612
25140   3612
25150   3612
25160   3612
25170   3612
25180   3612
25190   3612
25200   3612
25210   3612
25220   3612
25230   3612
25240   3612
25250   3612
25260   3612
25270   3612
25280   3612
25290   3612
25300   3612
25310   3612
25320   3612
25330   3612
25340   3612
25350   3612
25360   3612
25370   3612
25380   3612
25390   3612
25400   3612
25410   3612
25420   3612
25430   3612
25440   3612
25450   3612
25460   3612
25470   3612
25480   3612
25490   3612
25500   3612
25510   3612
25520   3612
25530   3612
25540   3612
25550   3612
25560   3612
25570   3612
25580   3612
25590   3612
25600   3612
25610   3612
25620   3612
25630   3612
25640   3612
25650   3612
25660   3612
25670   3612
25680   3612
25690   3612
25700   3612
25710   3612
25720   3612
25730   3612
25740   3612
25750   3612
25760   3612
25770   3612
25780   3612
25790   3612
25800   3612
25810   3612
25820   3612
25830   3612
25840   3612
25850   3612
25860   3612
25870   3612
25880   3612
25890   3612
25900   3612
25910   3612
25920   3612
25930   3612
25940   3612
25950   3612
25960   3612
25970   3612
25980   3612
25990   3612
26000   3612
26010   3612
26020   3612
26030   3612
26040   3612
26050   3612
26060   3612
26070   3612
26080   3612
26090   3612
26100   3612
26110   3612
26120   3612
26130   3612
26140   3612
26150   3612
26160   3612
26170   3612
26180   3612
26190   3612
26200   3612
26210   3612
26220   3612
26230   3612
26240   3612
26250   3612
26260   3612
26270   3612
26280   3612
26290   3612
26300   3612
26310   3612
26320   3612
26330   3612
26340   3612
26350   3612
26360   3612
26370   3612
26380   3612
26390   3612
26400   3612
26410   3612
26420   3612
26430   3612
26440   3612
26450   3612
26460   3612
26470   3612
26480   3612
26490   3612
26500   3612
26510   3612
26520   3612
26530   3612
26540   3612
26550   3612
26560   3612
26570   3612
26580   3612
26590   3612
26600   3612
26610   3612
26620   3612
26630   3612
26640   3612
26650   3612
26660   3612
26670   3612
26680   3612
26690   3612
26700   3612
26710   3612
26720   3612
26730   3612
26740   3612
26750   3612
26760   3612
26770   3612
26780   3612
26790   3612
26800   3612
26810   3612
26820   3612
26830   3612
26840   3612
26850   3612
26860   3612
26870   3612
26880   3612
26890   3612
26900   3612
26910   3612
26920   3612
26930   3612
26940   3612
26950   3612
26960   3612
26970   3612
26980   3612
26990   3612
27000   3612
27010   3612
27020   3612
27030   3612
27040   3612
27050   3612
27060   3612
27070   3612
27080   3612
27090   3612
27100   3612
27110   3612
27120   3612
27130   3612
27140   3612
27150   3612
27160   3612
27170   3612
27180   3612
27190   3612
27200   3612
27210   3612
27220   3612
27230   3612
27240   3612
27250   3612
27260   3612
27270   3612
27280   3612
27290   3612
27300   3612
27310   3612
27320   3612
27330   3612
27340   3612
27350   3612
27360   3612
27370   3612
27380   3612
27390   3612
27400   3612
27410   3612
27420   3612
27430   3612
27440   3612
27450   3612
27460   3612
27470   3612
27480   3612
27490   3612
27500   3612
27510   3612
27520   3612
27530   3612
27540   3612
27550   3612
27560   3612
27570   3612
27580   3612
27590   3612
27600   3612
27610   3612
27620   3612
27630   3612
27640   3612
27650   3612
27660   3612
27670   3612
27680   3612
27690   3612
27700   3612
27710   3612
27720   3612
27730   3612
27740   3612
27750   3612
27760   3612
27770   3612
27780   3612
27790   3612
27800   3612
27810   3612
27820   3612
27830   3612
27840   3612
27850   3612
27860   3612
27870   3612
27880   3612
27890   3612
27900   3612
27910   3612
27920   3612
27930   3612
27940   3612
27950   3612
27960   3612
27970   3612
27980   3612
27990   3612
28000   3612
28010   3612
28020   3612
28030   3612
28040   3612
28050   3612
28060   3612
28070   3612
28080   3612
28090   3612
28100   3612
28110   3612
28120   3612
28130   3612
28140   3612
28150   3612
28160   3612
28170   3612
28180   3612
28190   3612
28200   3612
28210   3612
28220   3612
28230   3612
28240   3612
28250   3612
28260   3612
28270   3612
28280   3612
28290   3612
28300   3612
28310   3612
28320   3612
28330   3612
28340   3612
28350   3612
28360   3612
28370   3612
28380   3612
28390   3612
28400   3612
28410   3612
28420   3612
28430   3612
28440   3612
28450   3612
28460   3612
28470   3612
28480   3612
28490   3612
28500   3612
28510   3612
28520   3612
28530   3612
28540   3612
28550   3612
28560   3612
28570   3612
28580   3612
28590   3612
28600   3612
28610   3612
28620   3612
28630   3612
28640   3612
28650   3612
28660   3612
28670   3612
28680   3612
28690   3612
28700   3612
28710   3612
28720   3612
28730   3612
28740   3612
28750   3612
28760   3612
28770   3612
28780   3612
28790   3612
28800   3612
28810   3612
28820   3612
28830   3612
28840   3612
28850   3612
28860   3612
28870   3612
28880   3612
28890   3612
28900   3612
28910   3612
28920   3612
28930   3612
28940   3612
28950   3612
28960   3612
28970   3612
28980   3612
28990   3612
29000   3612
29010   3612
29020   3612
29030   3612
29040   3612
29050   3612
29060   3612
29070   3612
29080   3612
29090   3612
29100   3612
29110   3612
29120   3612
29130   3612
29140   3612
29150   3612
29160   3612
29170   3612
29180   3612
29190   3612
29200   3612
29210   3612
29220   3612
29230   3612
29240   3612
29250   3612
29260   3612
29270   3612
29280   3612
29290   3612
29300   3612
29310   3612
29320   3612
29330   3612
29340   3612
29350   3612
29360   3612
29370   3612
29380   3612
29390   3612
29400   3612
29410   3612
29420   3612
29430   3612
29440   3612
29450   3612
29460   3612
29470   3612
29480   3612
29490   3612
29500   3612
29510   3612
29520   3612
29530   3612
29540   3612
29550   3612
29560   3612
29570   3612
29580   3612
29590   3612
29600   3612
29610   3612
29620   3612
29630   3612
29640   3612
29650   3612
29660   3612
29670   3612
29680   3612
29690   3612
29700   3612
29710   3612
29720   3612
29730   3612
29740   3612
29750   3612
29760   3612
29770   3612
29780   3612
29790   3612
29800   3612
29810   3612
29820   3612
29830   3612
29840   3612
29850   3612
29860   3612
29870   3612
29880   3612
29890   3612
29900   3612
29910   3612
29920   3612
29930   3612
29940   3612
29950   3612
29960   3612
29970   3612
29980   3612
29990   3612
30000   3612
30010   3612
30020   3612
30030   3612
30040   3612
30050   3612
30060   3612
30070   3612
30080   3612
30090   3612
30100   3612
30110   3612
30120   3612
30130   3612
30140   3612
30150   3612
30160   3612
30170   3612
30180   3612
30190   3612
30200   3612
30210   3612
30220   3612
30230   3612
30240   3612
30250   3612
30260   3612
30270   3612
30280   3612
30290   3612
30300   3612
30310   3612
30320   3612
30330   3612
30340   3612
30350   3612
30360   3612
30370   3612
30380   3612
30390   3612
30400   3612
30410   3612
30420   3612
30430   3612
30440   3612
30450   3612
30460   3612
30470   3612
30480   3612
30490   3612
30500   3612
30510   3612
30520   3612
30530   3612
30540   3612
30550   3612
30560   3612
30570   3612
30580   3612
30590   3612
30600   3612
30610   3612
30620   3612
30630   3612
30640   3612
30650   3612
30660   3612
30670   3612
30680   3612
30690   3612
30700   3612
30710   3612
30720   3612
30730   3612
30740   3612
30750   3612
30760   3612
30770   3612
30780   3612
30790   3612
30800   3612
30810   3612
30820   3612
30830   3612
30840   3612
30850   3612
30860   3612
30870   3612
30880   3612
30890   3612
30900   3612
30910   3612
30920   3612
30930   3612
30940   3612
30950   3612
30960   3612
30970   3612
30980   3612
30990   3612
31000   3612
31010   3612
31020   3612
31030   3612
31040   3612
31050   3612
31060   3612
31070   3612
31080   3612
31090   3612
31100   3612
31110   3612
31120   3612
31130   3612
31140   3612
31150   3612
31160   3612
31170   3612
31180   3612
31190   3612
31200   3612
31210   3612
31220   3612
31230   3612
31240   3612
31250   3612
31260   3612
31270   3612
31280   3612
31290   3612
31300   3612
31310   3612
31320   3612
31330   3612
31340   3612
31350   3612
31360   3612
31370   3612
31380   3612
31390   3612
31400   3612
31410   3612
31420   3612
31430   3612
31440   3612
31450   3612
31460   3612
31470   3612
31480   3612
31490   3612
31500   3612
31510   3612
31520   3612
31530   3612
31540   3612
31550   3612
31560   3612
31570   3612
31580   3612
31590   3612
31600   3612
31610   3612
31620   3612
31630   3612
31640   3612
31650   3612
31660   3612
31670   3612
31680   3612
31690   3612
31700   3612
31710   3612
31720   3612
31730   3612
31740   3612
31750   3612
31760   3612
31770   3612
31780   3612
31790   3612
31800   3612
31810   3612
31820   3612
31830   3612
31840   3612
31850   3612
31860   3612
31870   3612
31880   3612
31890   3612
31900   3612
31910   3612
31920   3612
31930   3612
31940   3612
31950   3612
31960   3612
31970   3612
31980   3612
31990   3612
32000   3612
32010   3612
32020   3612
32030   3612
32040   3612
32050   3612
32060   3612
32070   3612
32080   3612
32090   3612
32100   3612
32110   3612
32120   3612
32130   3612
32140   3612
32150   3612
32160   3612
32170   3612
32180   3612
32190   3612
32200   3612
32210   3612
32220   3612
32230   3612
32240   3612
32250   3612
32260   3612
32270   3612
32280   3612
32290   3612
32300   3612
32310   3612
32320   3612
32330   3612
32340   3612
32350   3612
32360   3612
32370   3612
32380   3612
10   4504
20   4504
30   4504
40   4388
50   4388
60   4388
70   4388
80   4388
90   4388
100   4388
110   4388
120   4388
130   4388
140   4388
150   4388
160   4388
170   4388
180   4332
190   4332
200   4332
210   4332
220   4332
230   4332
240   4332
250   4332
260   4332
270   4332
280   4332
290   4332
300   4332
310   4332
320   4332
330   4132
340   4132
350   4132
360   4132
370   4132
380   4132
390   4132
400   4132
410   4132
420   4132
430   4132
440   4132
450   4132
460   4132
470   4132
480   4132
490   4132
500   4132
510   4108
520   4108
530   4108
540   4108
550   4108
560   4108
570   4108
580   4108
590   4108
600   4108
610   4108
620   4108
630   4108
640   4108
650   4108
660   4108
670   4108
680   4108
690   4108
700   4108
710   4108
720   4108
730   4108
740   4108
750   4108
760   4108
770   4108
780   4108
790   4108
800   4108
810   4108
820   4108
830   4108
840   4108
850   4108
860   4108
870   4108
880   4108
890   3920
900   3920
910   3920
920   3920
930   3920
940   3920
950   3920
960   3920
970   3920
980   3920
990   3920
1000   3920
1010   3920
1020   3920
1030   3920
1040   3920
1050   3920
1060   3920
1070   3920
1080   3920
1090   3920
1100   3920
1110   3920
1120   3920
1130   3920
1140   3920
1150   3920
1160   3920
1170   3920
1180   3920
1190   3920
1200   3920
1210   3920
1220   3920
1230   3920
1240   3920
1250   3920
1260   3920
1270   3920
1280   3920
1290   3920
1300   3920
1310   3920
1320   3920
1330   3920
1340   3920
1350   3920
1360   3920
1370   3920
1380   3920
1390   3920
1400   3920
1410   3920
1420   3920
1430   3920
1440   3920
1450   3920
1460   3920
1470   3920
1480   3920
1490   3920
1500   3920
1510   3920
1520   3920
1530   3920
1540   3920
1550   3920
1560   3920
1570   3920
1580   3920
1590   3920
1600   3920
1610   3920
1620   3920
1630   3920
1640   3920
1650   3920
1660   3920
1670   3920
1680   3920
1690   3920
1700   3920
1710   3920
1720   3920
1730   3920
1740   3920
1750   3840
1760   3840
1770   3840
1780   3840
1790   3840
1800   3840
1810   3840
1820   3840
1830   3840
1840   3840
1850   3840
1860   3840
1870   3840
1880   3840
1890   3840
1900   3840
1910   3840
1920   3840
1930   3840
1940   3840
1950   3840
1960   3840
1970   3840
1980   3840
1990   3840
2000   3840
2010   3840
2020   3840
2030   3840
2040   3840
2050   3840
2060   3840
2070   3840
2080   3840
2090   3840
2100   3840
2110   3840
2120   3840
2130   3840
2140   3840
2150   3840
2160   3840
2170   3840
2180   3840
2190   3840
2200   3840
2210   3840
2220   3840
2230   3840
2240   3840
2250   3840
2260   3840
2270   3840
2280   3840
2290   3840
2300   3840
2310   3840
2320   3840
2330   3840
2340   3840
2350   3840
2360   3840
2370   3840
2380   3840
2390   3840
2400   3840
2410   3840
2420   3840
2430   3840
2440   3840
2450   3840
2460   3840
2470   3840
2480   3840
2490   3840
2500   3840
2510   3840
2520   3840
2530   3840
2540   3840
2550   3840
2560   3840
2570   3840
2580   3840
2590   3840
2600   3840
2610   3840
2620   3840
2630   3840
2640   3840
2650   3840
2660   3840
2670   3840
2680   3840
2690   3840
2700   3840
2710   3840
2720   3840
2730   3840
2740   3840
2750   3840
2760   3840
2770   3840
2780   3840
2790   3840
2800   3840
2810   3840
2820   3840
2830   3840
2840   3840
2850   3840
2860   3840
2870   3840
2880   3840
2890   3840
2900   3840
2910   3840
2920   3840
2930   3840
2940   3840
2950   3840
2960   3840
2970   3840
2980   3840
2990   3840
3000   3840
3010   3840
3020   3840
3030   3840
3040   3840
3050   3840
3060   3840
3070   3840
3080   3840
3090   3840
3100   3840
3110   3840
3120   3840
3130   3840
3140   3840
3150   3840
3160   3840
3170   3840
3180   3840
3190   3840
3200   3840
3210   3840
3220   3840
3230   3840
3240   3840
3250   3840
3260   3840
3270   3840
3280   3840
3290   3840
3300   3840
3310   3840
3320   3840
3330   3840
3340   3840
3350   3840
3360   3840
3370   3840
3380   3840
3390   3840
3400   3840
3410   3840
3420   3840
3430   3840
3440   3840
3450   3840
3460   3840
3470   3840
3480   3840
3490   3840
3500   3840
3510   3840
3520   3840
3530   3840
3540   3840
3550   3840
3560   3840
3570   3840
3580   3840
3590   3840
3600   3840
3610   3840
3620   3840
3630   3840
3640   3840
3650   3840
3660   3840
3670   3840
3680   3840
3690   3840
3700   3840
3710   3840
3720   3840
3730   3840
3740   3840
3750   3840
3760   3840
3770   3840
3780   3840
3790   3840
3800   3840
3810   3840
3820   3840
3830   3840
3840   3840
3850   3840
3860   3840
3870   3840
3880   3840
3890   3840
3900   3840
3910   3840
3920   3840
3930   3840
3940   3840
3950   3840
3960   3840
3970   3840
3980   3840
3990   3840
4000   3840
4010   3840
4020   3840
4030   3840
4040   3840
4050   3840
4060   3840
4070   3840
4080   3840
4090   3840
4100   3840
4110   3840
4120   3840
4130   3840
4140   3840
4150   3840
4160   3840
4170   3840
4180   3840
4190   3840
4200   3840
4210   3840
4220   3840
4230   3840
4240   3840
4250   3840
4260   3840
4270   3840
4280   3840
4290   3840
4300   3840
4310   3840
4320   3840
4330   3840
4340   3840
4350   3840
4360   3840
4370   3840
4380   3840
4390   3840
4400   3840
4410   3840
4420   3840
4430   3840
4440   3840
4450   3840
4460   3840
4470   3840
4480   3840
4490   3840
4500   3840
4510   3840
4520   3840
4530   3840
4540   3840
4550   3840
4560   3840
4570   3840
4580   3840
4590   3840
4600   3840
4610   3840
4620   3840
4630   3840
4640   3840
4650   3840
4660   3840
4670   3840
4680   3840
4690   3840
4700   3840
4710   3840
4720   3840
4730   3840
4740   3840
4750   3840
4760   3840
4770   3840
4780   3840
4790   3840
4800   3840
4810   3840
4820   3840
4830   3840
4840   3840
4850   3840
4860   3840
4870   3840
4880   3840
4890   3840
4900   3840
4910   3840
4920   3840
4930   3840
4940   3840
4950   3840
4960   3840
4970   3840
4980   3840
4990   3840
5000   3840
5010   3840
5020   3840
5030   3840
5040   3840
5050   3840
5060   3840
5070   3840
5080   3840
5090   3840
5100   3840
5110   3840
5120   3840
5130   3840
5140   3840
5150   3840
5160   3840
5170   3840
5180   3840
5190   3840
5200   3840
5210   3840
5220   3840
5230   3840
5240   3840
5250   3840
5260   3840
5270   3840
5280   3840
5290   3840
5300   3840
5310   3840
5320   3840
5330   3840
5340   3840
5350   3840
5360   3840
5370   3840
5380   3840
5390   3840
5400   3840
5410   3840
5420   3840
5430   3840
5440   3840
5450   3840
5460   3840
5470   3840
5480   3840
5490   3840
5500   3840
5510   3840
5520   3840
5530   3840
5540   3840
5550   3840
5560   3840
5570   3840
5580   3840
5590   3840
5600   3840
5610   3840
5620   3840
5630   3840
5640   3840
5650   3840
5660   3840
5670   3840
5680   3840
5690   3840
5700   3840
5710   3840
5720   3840
5730   3840
5740   3840
5750   3840
5760   3840
5770   3840
5780   3840
5790   3840
5800   3840
5810   3840
5820   3840
5830   3840
5840   3840
5850   3840
5860   3840
5870   3840
5880   3840
5890   3840
5900   3840
5910   3840
5920   3840
5930   3840
5940   3840
5950   3840
5960   3840
5970   3840
5980   3840
5990   3840
6000   3840
6010   3840
6020   3840
6030   3840
6040   3840
6050   3840
6060   3840
6070   3840
6080   3840
6090   3840
6100   3840
6110   3840
6120   3840
6130   3840
6140   3840
6150   3840
6160   3840
6170   3840
6180   3840
6190   3840
6200   3840
6210   3840
6220   3840
6230   3840
6240   3840
6250   3840
6260   3840
6270   3840
6280   3840
6290   3840
6300   3840
6310   3840
6320   3840
6330   3840
6340   3840
6350   3840
6360   3840
6370   3840
6380   3840
6390   3840
6400   3840
6410   3840
6420   3840
6430   3840
6440   3840
6450   3840
6460   3840
6470   3840
6480   3840
6490   3840
6500   3840
6510   3840
6520   3840
6530   3840
6540   3840
6550   3840
6560   3840
6570   3840
6580   3840
6590   3840
6600   3840
6610   3840
6620   3840
6630   3840
6640   3840
6650   3840
6660   3840
6670   3840
6680   3840
6690   3840
6700   3840
6710   3840
6720   3840
6730   3840
6740   3840
6750   3840
6760   3840
6770   3840
6780   3840
6790   3840
6800   3840
6810   3840
6820   3840
6830   3840
6840   3840
6850   3840
6860   3840
6870   3840
6880   3840
6890   3840
6900   3840
6910   3840
6920   3840
6930   3840
6940   3840
6950   3840
6960   3840
6970   3840
6980   3840
6990   3840
7000   3840
7010   3840
7020   3840
7030   3840
7040   3840
7050   3840
7060   3840
7070   3840
7080   3840
7090   3840
7100   3840
7110   3840
7120   3840
7130   3840
7140   3840
7150   3840
7160   3840
7170   3840
7180   3840
7190   3840
7200   3840
7210   3840
7220   3840
7230   3840
7240   3840
7250   3840
7260   3840
7270   3840
7280   3840
7290   3840
7300   3840
7310   3840
7320   3840
7330   3840
7340   3840
7350   3840
7360   3840
7370   3840
7380   3840
7390   3840
7400   3840
7410   3840
7420   3840
7430   3840
7440   3840
7450   3840
7460   3840
7470   3840
7480   3840
7490   3840
7500   3840
7510   3840
7520   3840
7530   3840
7540   3840
7550   3840
7560   3840
7570   3840
7580   3840
7590   3840
7600   3840
7610   3840
7620   3840
7630   3840
7640   3840
7650   3840
7660   3840
7670   3840
7680   3840
7690   3840
7700   3840
7710   3840
7720   3840
7730   3840
7740   3840
7750   3840
7760   3840
7770   3840
7780   3840
7790   3840
7800   3840
7810   3840
7820   3840
7830   3840
7840   3840
7850   3840
7860   3840
7870   3840
7880   3840
7890   3840
7900   3840
7910   3840
7920   3840
7930   3840
7940   3840
7950   3840
7960   3840
7970   3840
7980   3840
7990   3840
8000   3840
8010   3840
8020   3840
8030   3840
8040   3840
8050   3840
8060   3840
8070   3840
8080   3840
8090   3840
8100   3840
8110   3840
8120   3840
8130   3840
8140   3840
8150   3612
8160   3612
8170   3612
8180   3612
8190   3612
8200   3612
8210   3612
8220   3612
8230   3612
8240   3612
8250   3612
8260   3612
8270   3612
8280   3612
8290   3612
8300   3612
8310   3612
8320   3612
8330   3612
8340   3612
8350   3612
8360   3612
8370   3612
8380   3612
8390   3612
8400   3612
8410   3612
8420   3612
8430   3612
8440   3612
8450   3612
8460   3612
8470   3612
8480   3612
8490   3612
8500   3612
8510   3612
8520   3612
8530   3612
8540   3612
8550   3612
8560   3612
8570   3612
8580   3612
8590   3612
8600   3612
8610   3612
8620   3612
8630   3612
8640   3612
8650   3612
8660   3612
8670   3612
8680   3612
8690   3612
8700   3612
8710   3612
8720   3612
8730   3612
8740   3612
8750   3612
8760   3612
8770   3612
8780   3612
8790   3612
8800   3612
8810   3612
8820   3612
8830   3612
8840   3612
8850   3612
8860   3612
8870   3612
8880   3612
8890   3612
8900   3612
8910   3612
8920   3612
8930   3612
8940   3612
8950   3612
8960   3612
8970   3612
8980   3612
8990   3612
9000   3612
9010   3612
9020   3612
9030   3612
9040   3612
9050   3612
9060   3612
9070   3612
9080   3612
9090   3612
9100   3612
9110   3612
9120   3612
9130   3612
9140   3612
9150   3612
9160   3612
9170   3612
9180   3612
9190   3612
9200   3612
9210   3612
9220   3612
9230   3612
9240   3612
9250   3612
9260   3612
9270   3612
9280   3612
9290   3612
9300   3612
9310   3612
9320   3612
9330   3612
9340   3612
9350   3612
9360   3612
9370   3612
9380   3612
9390   3612
9400   3612
9410   3612
9420   3612
9430   3612
9440   3612
9450   3612
9460   3612
9470   3612
9480   3612
9490   3612
9500   3612
9510   3612
9520   3612
9530   3612
9540   3612
9550   3612
9560   3612
9570   3612
9580   3612
9590   3612
9600   3612
9610   3612
9620   3612
9630   3612
9640   3612
9650   3612
9660   3612
9670   3612
9680   3612
9690   3612
9700   3612
9710   3612
9720   3612
9730   3612
9740   3612
9750   3612
9760   3612
9770   3612
9780   3612
9790   3612
9800   3612
9810   3612
9820   3612
9830   3612
9840   3612
9850   3612
9860   3612
9870   3612
9880   3612
9890   3612
9900   3612
9910   3612
9920   3612
9930   3612
9940   3612
9950   3612
9960   3612
9970   3612
9980   3612
9990   3612
10000   3612
10010   3612
10020   3612
10030   3612
10040   3612
10050   3612
10060   3612
10070   3612
10080   3612
10090   3612
10100   3612
10110   3612
10120   3612
10130   3612
10140   3612
10150   3612
10160   3612
10170   3612
10180   3612
10190   3612
10200   3612
10210   3612
10220   3612
10230   3612
10240   3612
10250   3612
10260   3612
10270   3612
10280   3612
10290   3612
10300   3612
10310   3612
10320   3612
10330   3612
10340   3612
10350   3612
10360   3612
10370   3612
10380   3612
10390   3612
10400   3612
10410   3612
10420   3612
10430   3612
10440   3612
10450   3612
10460   3612
10470   3612
10480   3612
10490   3612
10500   3612
10510   3612
10520   3612
10530   3612
10540   3612
10550   3612
10560   3612
10570   3612
10580   3612
10590   3612
10600   3612
10610   3612
10620   3612
10630   3612
10640   3612
10650   3612
10660   3612
10670   3612
10680   3612
10690   3612
10700   3612
10710   3612
10720   3612
10730   3612
10740   3612
10750   3612
10760   3612
10770   3612
10780   3612
10790   3612
10800   3612
10810   3612
10820   3612
10830   3612
10840   3612
10850   3612
10860   3612
10870   3612
10880   3612
10890   3612
10900   3612
10910   3612
10920   3612
10930   3612
10940   3612
10950   3612
10960   3612
10970   3612
10980   3612
10990   3612
11000   3612
11010   3612
11020   3612
11030   3612
11040   3612
11050   3612
11060   3612
11070   3612
11080   3612
11090   3612
11100   3612
11110   3612
11120   3612
11130   3612
11140   3612
11150   3612
11160   3612
11170   3612
11180   3612
11190   3612
11200   3612
11210   3612
11220   3612
11230   3612
11240   3612
11250   3612
11260   3612
11270   3612
11280   3612
11290   3612
11300   3612
11310   3612
11320   3612
11330   3612
11340   3612
11350   3612
11360   3612
11370   3612
11380   3612
11390   3612
11400   3612
11410   3612
11420   3612
11430   3612
11440   3612
11450   3612
11460   3612
11470   3612
11480   3612
11490   3612
11500   3612
11510   3612
11520   3612
11530   3612
11540   3612
11550   3612
11560   3612
11570   3612
11580   3612
11590   3612
11600   3612
11610   3612
11620   3612
11630   3612
11640   3612
11650   3612
11660   3612
11670   3612
11680   3612
11690   3612
11700   3612
11710   3612
11720   3612
11730   3612
11740   3612
11750   3612
11760   3612
11770   3612
11780   3612
11790   3612
11800   3612
11810   3612
11820   3612
11830   3612
11840   3612
11850   3612
11860   3612
11870   3612
11880   3612
11890   3612
11900   3612
11910   3612
11920   3612
11930   3612
11940   3612
11950   3612
11960   3612
11970   3612
11980   3612
11990   3612
12000   3612
12010   3612
12020   3612
12030   3612
12040   3612
12050   3612
12060   3612
12070   3612
12080   3612
12090   3612
12100   3612
12110   3612
12120   3612
12130   3612
12140   3612
12150   3612
12160   3612
12170   3612
12180   3612
12190   3612
12200   3612
12210   3612
12220   3612
12230   3612
12240   3612
12250   3612
12260   3612
12270   3612
12280   3612
12290   3612
12300   3612
12310   3612
12320   3612
12330   3612
12340   3612
12350   3612
12360   3612
12370   3612
12380   3612
12390   3612
12400   3612
12410   3612
12420   3612
12430   3612
12440   3612
12450   3612
12460   3612
12470   3612
12480   3612
12490   3612
12500   3612
12510   3612
12520   3612
12530   3612
12540   3612
12550   3612
12560   3612
12570   3612
12580   3612
12590   3612
12600   3612
12610   3612
12620   3612
12630   3612
12640   3612
12650   3612
12660   3612
12670   3612
12680   3612
12690   3612
12700   3612
12710   3612
12720   3612
12730   3612
12740   3612
12750   3612
12760   3612
12770   3612
12780   3612
12790   3612
12800   3612
12810   3612
12820   3612
12830   3612
12840   3612
12850   3612
12860   3612
12870   3612
12880   3612
12890   3612
12900   3612
12910   3612
12920   3612
12930   3612
12940   3612
12950   3612
12960   3612
12970   3612
12980   3612
12990   3612
13000   3612
13010   3612
13020   3612
13030   3612
13040   3612
13050   3612
13060   3612
13070   3612
13080   3612
13090   3612
13100   3612
13110   3612
13120   3612
13130   3612
13140   3612
13150   3612
13160   3612
13170   3612
13180   3612
13190   3612
13200   3612
13210   3612
13220   3612
13230   3612
13240   3612
13250   3612
13260   3612
13270   3612
13280   3612
13290   3612
13300   3612
13310   3612
13320   3612
13330   3612
13340   3612
13350   3612
13360   3612
13370   3612
13380   3612
13390   3612
13400   3612
13410   3612
13420   3612
13430   3612
13440   3612
13450   3612
13460   3612
13470   3612
13480   3612
13490   3612
13500   3612
13510   3612
13520   3612
13530   3612
13540   3612
13550   3612
13560   3612
13570   3612
13580   3612
13590   3612
13600   3612
13610   3612
13620   3612
13630   3612
13640   3612
13650   3612
13660   3612
13670   3612
13680   3612
13690   3612
13700   3612
13710   3612
13720   3612
13730   3612
13740   3612
13750   3612
13760   3612
13770   3612
13780   3612
13790   3612
13800   3612
13810   3612
13820   3612
13830   3612
13840   3612
13850   3612
13860   3612
13870   3612
13880   3612
13890   3612
13900   3612
13910   3612
13920   3612
13930   3612
13940   3612
13950   3612
13960   3612
13970   3612
13980   3612
13990   3612
14000   3612
14010   3612
14020   3612
14030   3612
14040   3612
14050   3612
14060   3612
14070   3612
14080   3612
14090   3612
14100   3612
14110   3612
14120   3612
14130   3612
14140   3612
14150   3612
14160   3612
14170   3612
14180   3612
14190   3612
14200   3612
14210   3612
14220   3612
14230   3612
14240   3612
14250   3612
14260   3612
14270   3612
14280   3612
14290   3612
14300   3612
14310   3612
14320   3612
14330   3612
14340   3612
14350   3612
14360   3612
14370   3612
14380   3612
14390   3612
14400   3612
14410   3612
14420   3612
14430   3612
14440   3612
14450   3612
14460   3612
14470   3612
14480   3612
14490   3612
14500   3612
14510   3612
14520   3612
14530   3612
14540   3612
14550   3612
14560   3612
14570   3612
14580   3612
14590   3612
14600   3612
14610   3612
14620   3612
14630   3612
14640   3612
14650   3612
14660   3612
14670   3612
14680   3612
14690   3612
14700   3612
14710   3612
14720   3612
14730   3612
14740   3612
14750   3612
14760   3612
14770   3612
14780   3612
14790   3612
14800   3612
14810   3612
14820   3612
14830   3612
14840   3612
14850   3612
14860   3612
14870   3612
14880   3612
14890   3612
14900   3612
14910   3612
14920   3612
14930   3612
14940   3612
14950   3612
14960   3612
14970   3612
14980   3612
14990   3612
15000   3612
15010   3612
15020   3612
15030   3612
15040   3612
15050   3612
15060   3612
15070   3612
15080   3612
15090   3612
15100   3612
15110   3612
15120   3612
15130   3612
15140   3612
15150   3612
15160   3612
15170   3612
15180   3612
15190   3612
15200   3612
15210   3612
15220   3612
15230   3612
15240   3612
15250   3612
15260   3612
15270   3612
15280   3612
15290   3612
15300   3612
15310   3612
15320   3612
15330   3612
15340   3612
15350   3612
15360   3612
15370   3612
15380   3612
15390   3612
15400   3612
15410   3612
15420   3612
15430   3612
15440   3612
15450   3612
15460   3612
15470   3612
15480   3612
15490   3612
15500   3612
15510   3612
15520   3612
15530   3612
15540   3612
15550   3612
15560   3612
15570   3612
15580   3612
15590   3612
15600   3612
15610   3612
15620   3612
15630   3612
15640   3612
15650   3612
15660   3612
15670   3612
15680   3612
15690   3612
15700   3612
15710   3612
15720   3612
15730   3612
15740   3612
15750   3612
15760   3612
15770   3612
15780   3612
15790   3612
15800   3612
15810   3612
15820   3612
15830   3612
15840   3612
15850   3612
15860   3612
15870   3612
15880   3612
15890   3612
15900   3612
15910   3612
15920   3612
15930   3612
15940   3612
15950   3612
15960   3612
15970   3612
15980   3612
15990   3612
16000   3612
16010   3612
16020   3612
16030   3612
16040   3612
16050   3612
16060   3612
16070   3612
16080   3612
16090   3612
16100   3612
16110   3612
16120   3612
16130   3612
16140   3612
16150   3612
16160   3612
16170   3612
16180   3612
16190   3612
16200   3612
16210   3612
16220   3612
16230   3612
16240   3612
16250   3612
16260   3612
16270   3612
16280   3612
16290   3612
16300   3612
16310   3612
16320   3612
16330   3612
16340   3612
16350   3612
16360   3612
16370   3612
16380   3612
16390   3612
16400   3612
16410   3612
16420   3612
16430   3612
16440   3612
16450   3612
16460   3612
16470   3612
16480   3612
16490   3612
16500   3612
16510   3612
16520   3612
16530   3612
16540   3612
16550   3612
16560   3612
16570   3612
16580   3612
16590   3612
16600   3612
16610   3612
16620   3612
16630   3612
16640   3612
16650   3612
16660   3612
16670   3612
16680   3612
16690   3612
16700   3612
16710   3612
16720   3612
16730   3612
16740   3612
16750   3612
16760   3612
16770   3612
16780   3612
16790   3612
16800   3612
16810   3612
16820   3612
16830   3612
16840   3612
16850   3612
16860   3612
16870   3612
16880   3612
16890   3612
16900   3612
16910   3612
16920   3612
16930   3612
16940   3612
16950   3612
16960   3612
16970   3612
16980   3612
16990   3612
17000   3612
17010   3612
17020   3612
17030   3612
17040   3612
17050   3612
17060   3612
17070   3612
17080   3612
17090   3612
17100   3612
17110   3612
17120   3612
17130   3612
17140   3612
17150   3612
17160   3612
17170   3612
17180   3612
17190   3612
17200   3612
17210   3612
17220   3612
17230   3612
17240   3612
17250   3612
17260   3612
17270   3612
17280   3612
17290   3612
17300   3612
17310   3612
17320   3612
17330   3612
17340   3612
17350   3612
17360   3612
17370   3612
17380   3612
17390   3612
17400   3612
17410   3612
17420   3612
17430   3612
17440   3612
17450   3612
17460   3612
17470   3612
17480   3612
17490   3612
17500   3612
17510   3612
17520   3612
17530   3612
17540   3612
17550   3612
17560   3612
17570   3612
17580   3612
17590   3612
17600   3612
17610   3612
17620   3612
17630   3612
17640   3612
17650   3612
17660   3612
17670   3612
17680   3612
17690   3612
17700   3612
17710   3612
17720   3612
17730   3612
17740   3612
17750   3612
17760   3612
17770   3612
17780   3612
17790   3612
17800   3612
17810   3612
17820   3612
17830   3612
17840   3612
17850   3612
17860   3612
17870   3612
17880   3612
17890   3612
17900   3612
17910   3612
17920   3612
17930   3612
17940   3612
17950   3612
17960   3612
17970   3612
17980   3612
17990   3612
18000   3612
18010   3612
18020   3612
18030   3612
18040   3612
18050   3612
18060   3612
18070   3612
18080   3612
18090   3612
18100   3612
18110   3612
18120   3612
18130   3612
18140   3612
18150   3612
18160   3612
18170   3612
18180   3612
18190   3612
18200   3612
18210   3612
18220   3612
18230   3612
18240   3612
18250   3612
18260   3612
18270   3612
18280   3612
18290   3612
18300   3612
18310   3612
18320   3612
18330   3612
18340   3612
18350   3612
18360   3612
18370   3612
18380   3612
18390   3612
18400   3612
18410   3612
18420   3612
18430   3612
18440   3612
18450   3612
18460   3612
18470   3612
18480   3612
18490   3612
18500   3612
18510   3612
18520   3612
18530   3612
18540   3612
18550   3612
18560   3612
18570   3612
18580   3612
18590   3612
18600   3612
18610   3612
18620   3612
18630   3612
18640   3612
18650   3612
18660   3612
18670   3612
18680   3612
18690   3612
18700   3612
18710   3612
18720   3612
18730   3612
18740   3612
18750   3612
18760   3612
18770   3612
18780   3612
18790   3612
18800   3612
18810   3612
18820   3612
18830   3612
18840   3612
18850   3612
18860   3612
18870   3612
18880   3612
18890   3612
18900   3612
18910   3612
18920   3612
18930   3612
18940   3612
18950   3612
18960   3612
18970   3612
18980   3612
18990   3612
19000   3612
19010   3612
19020   3612
19030   3612
19040   3612
19050   3612
19060   3612
19070   3612
19080   3612
19090   3612
19100   3612
19110   3612
19120   3612
19130   3612
19140   3612
19150   3612
19160   3612
19170   3612
19180   3612
19190   3612
19200   3612
19210   3612
19220   3612
19230   3612
19240   3612
19250   3612
19260   3612
19270   3612
19280   3612
19290   3612
19300   3612
19310   3612
19320   3612
19330   3612
19340   3612
19350   3612
19360   3612
19370   3612
19380   3612
19390   3612
19400   3612
19410   3612
19420   3612
19430   3612
19440   3612
19450   3612
19460   3612
19470   3612
19480   3612
19490   3612
19500   3612
19510   3612
19520   3612
19530   3612
19540   3612
19550   3612
19560   3612
19570   3612
19580   3612
19590   3612
19600   3612
19610   3612
19620   3612
19630   3612
19640   3612
19650   3612
19660   3612
19670   3612
19680   3612
19690   3612
19700   3612
19710   3612
19720   3612
19730   3612
19740   3612
19750   3612
19760   3612
19770   3612
19780   3612
19790   3612
19800   3612
19810   3612
19820   3612
19830   3612
19840   3612
19850   3612
19860   3612
19870   3612
19880   3612
19890   3612
19900   3612
19910   3612
19920   3612
19930   3612
19940   3612
19950   3612
19960   3612
19970   3612
19980   3612
19990   3612
20000   3612
20010   3612
20020   3612
20030   3612
20040   3612
20050   3612
20060   3612
20070   3612
20080   3612
20090   3612
20100   3612
20110   3612
20120   3612
20130   3612
20140   3612
20150   3612
20160   3612
20170   3612
20180   3612
20190   3612
20200   3612
20210   3612
20220   3612
20230   3612
20240   3612
20250   3612
20260   3612
20270   3612
20280   3612
20290   3612
20300   3612
20310   3612
20320   3612
20330   3612
20340   3612
20350   3612
20360   3612
20370   3612
20380   3612
20390   3612
20400   3612
20410   3612
20420   3612
20430   3612
20440   3612
20450   3612
20460   3612
20470   3612
20480   3612
20490   3612
20500   3612
20510   3612
20520   3612
20530   3612
20540   3612
20550   3612
20560   3612
20570   3612
20580   3612
20590   3612
20600   3612
20610   3612
20620   3612
20630   3612
20640   3612
20650   3612
20660   3612
20670   3612
20680   3612
20690   3612
20700   3612
20710   3612
20720   3612
20730   3612
20740   3612
20750   3612
20760   3612
20770   3612
20780   3612
20790   3612
20800   3612
20810   3612
20820   3612
20830   3612
20840   3612
20850   3612
20860   3612
20870   3612
20880   3612
20890   3612
20900   3612
20910   3612
20920   3612
20930   3612
20940   3612
20950   3612
20960   3612
20970   3612
20980   3612
20990   3612
21000   3612
21010   3612
21020   3612
21030   3612
21040   3612
21050   3612
21060   3612
21070   3612
21080   3612
21090   3612
21100   3612
21110   3612
21120   3612
21130   3612
21140   3612
21150   3612
21160   3612
21170   3612
21180   3612
21190   3612
21200   3612
21210   3612
21220   3612
21230   3612
21240   3612
21250   3612
21260   3612
21270   3612
21280   3612
21290   3612
21300   3612
21310   3612
21320   3612
21330   3612
21340   3612
21350   3612
21360   3612
21370   3612
21380   3612
21390   3612
21400   3612
21410   3612
21420   3612
21430   3612
21440   3612
21450   3612
21460   3612
21470   3612
21480   3612
21490   3612
21500   3612
21510   3612
21520   3612
21530   3612
21540   3612
21550   3612
21560   3612
21570   3612
21580   3612
21590   3612
21600   3612
21610   3612
21620   3612
21630   3612
21640   3612
21650   3612
21660   3612
21670   3612
21680   3612
21690   3612
21700   3612
21710   3612
21720   3612
21730   3612
21740   3612
21750   3612
21760   3612
21770   3612
21780   3612
21790   3612
21800   3612
21810   3612
21820   3612
21830   3612
21840   3612
21850   3612
21860   3612
21870   3612
21880   3612
21890   3612
21900   3612
21910   3612
21920   3612
21930   3612
21940   3612
21950   3612
21960   3612
21970   3612
21980   3612
21990   3612
22000   3612
22010   3612
22020   3612
22030   3612
22040   3612
22050   3612
22060   3612
22070   3612
22080   3612
22090   3612
22100   3612
22110   3612
22120   3612
22130   3612
22140   3612
22150   3612
22160   3612
22170   3612
22180   3612
22190   3612
22200   3612
22210   3612
22220   3612
22230   3612
22240   3612
22250   3612
22260   3612
22270   3612
22280   3612
22290   3612
22300   3612
22310   3612
22320   3612
22330   3612
22340   3612
22350   3612
22360   3612
22370   3612
22380   3612
22390   3612
22400   3612
22410   3612
22420   3612
22430   3612
22440   3612
22450   3612
22460   3612
22470   3612
22480   3612
22490   3612
22500   3612
22510   3612
22520   3612
22530   3612
22540   3612
22550   3612
22560   3612
22570   3612
22580   3612
22590   3612
22600   3612
22610   3612
22620   3612
22630   3612
22640   3612
22650   3612
22660   3612
22670   3612
22680   3612
22690   3612
22700   3612
22710   3612
22720   3612
22730   3612
22740   3612
22750   3612
22760   3612
22770   3612
22780   3612
22790   3612
22800   3612
22810   3612
22820   3612
22830   3612
22840   3612
22850   3612
22860   3612
22870   3612
22880   3612
22890   3612
22900   3612
22910   3612
22920   3612
22930   3612
22940   3612
22950   3612
22960   3612
22970   3612
22980   3612
22990   3612
23000   3612
23010   3612
23020   3612
23030   3612
23040   3612
23050   3612
23060   3612
23070   3612
23080   3612
23090   3612
23100   3612
23110   3612
23120   3612
23130   3612
23140   3612
23150   3612
23160   3612
23170   3612
23180   3612
23190   3612
23200   3612
23210   3612
23220   3612
23230   3612
23240   3612
23250   3612
23260   3612
23270   3612
23280   3612
23290   3612
23300   3612
23310   3612
23320   3612
23330   3612
23340   3612
23350   3612
23360   3612
23370   3612
23380   3612
23390   3612
23400   3612
23410   3612
23420   3612
23430   3612
23440   3612
23450   3612
23460   3612
23470   3612
23480   3612
23490   3612
23500   3612
23510   3612
23520   3612
23530   3612
23540   3612
23550   3612
23560   3612
23570   3612
23580   3612
23590   3612
23600   3612
23610   3612
23620   3612
23630   3612
23640   3612
23650   3612
23660   3612
23670   3612
23680   3612
23690   3612
23700   3612
23710   3612
23720   3612
23730   3612
23740   3612
23750   3612
23760   3612
23770   3612
23780   3612
23790   3612
23800   3612
23810   3612
23820   3612
23830   3612
23840   3612
23850   3612
23860   3612
23870   3612
23880   3612
23890   3612
23900   3612
23910   3612
23920   3612
23930   3612
23940   3612
23950   3612
23960   3612
23970   3612
23980   3612
23990   3612
24000   3612
24010   3612
24020   3612
24030   3612
24040   3612
24050   3612
24060   3612
24070   3612
24080   3612
24090   3612
24100   3612
24110   3612
24120   3612
24130   3612
24140   3612
24150   3612
24160   3612
24170   3612
24180   3612
24190   3612
24200   3612
24210   3612
24220   3612
24230   3612
24240   3612
24250   3612
24260   3612
24270   3612
24280   3612
24290   3612
24300   3612
24310   3612
24320   3612
24330   3612
24340   3612
24350   3612
24360   3612
24370   3612
24380   3612
24390   3612
24400   3612
24410   3612
24420   3612
24430   3612
24440   3612
24450   3612
24460   3612
24470   3612
24480   3612
24490   3612
24500   3612
24510   3612
24520   3612
24530   3612
24540   3612
24550   3612
24560   3612
24570   3612
24580   3612
24590   3612
24600   3612
24610   3612
24620   3612
24630   3612
24640   3612
24650   3612
24660   3612
24670   3612
24680   3612
24690   3612
24700   3612
24710   3612
24720   3612
24730   3612
24740   3612
24750   3612
24760   3612
24770   3612
24780   3612
24790   3612
24800   3612
24810   3612
24820   3612
24830   3612
24840   3612
24850   3612
24860   3612
24870   3612
24880   3612
24890   3612
24900   3612
24910   3612
24920   3612
24930   3612
24940   3612
24950   3612
24960   3612
24970   3612
24980   3612
24990   3612
25000   3612
25010   3612
25020   3612
25030   3612
25040   3612
25050   3612
25060   3612
25070   3612
25080   3612
25090   3612
25100   3612
25110   3612
25120   3612
25130   3612
25140   3612
25150   3612
25160   3612
25170   3612
25180   3612
25190   3612
25200   3612
25210   3612
25220   3612
25230   3612
25240   3612
25250   3612
25260   3612
25270   3612
25280   3612
25290   3612
25300   3612
25310   3612
25320   3612
25330   3612
25340   3612
25350   3612
25360   3612
25370   3612
25380   3612
25390   3612
25400   3612
25410   3612
25420   3612
25430   3612
25440   3612
25450   3612
25460   3612
25470   3612
25480   3612
25490   3612
25500   3612
25510   3612
25520   3612
25530   3612
25540   3612
25550   3612
25560   3612
25570   3612
25580   3612
25590   3612
25600   3612
25610   3612
25620   3612
25630   3612
25640   3612
25650   3612
25660   3612
25670   3612
25680   3612
25690   3612
25700   3612
25710   3612
25720   3612
25730   3612
25740   3612
25750   3612
25760   3612
25770   3612
25780   3612
25790   3612
25800   3612
25810   3612
25820   3612
25830   3612
25840   3612
25850   3612
25860   3612
25870   3612
25880   3612
25890   3612
25900   3612
25910   3612
25920   3612
25930   3612
25940   3612
25950   3612
25960   3612
25970   3612
25980   3612
25990   3612
26000   3612
26010   3612
26020   3612
26030   3612
26040   3612
26050   3612
26060   3612
26070   3612
26080   3612
26090   3612
26100   3612
26110   3612
26120   3612
26130   3612
26140   3612
26150   3612
26160   3612
26170   3612
26180   3612
26190   3612
26200   3612
26210   3612
26220   3612
26230   3612
26240   3612
26250   3612
26260   3612
26270   3612
26280   3612
26290   3612
26300   3612
26310   3612
26320   3612
26330   3612
26340   3612
26350   3612
26360   3612
26370   3612
26380   3612
26390   3612
26400   3612
26410   3612
26420   3612
26430   3612
26440   3612
26450   3612
26460   3612
26470   3612
26480   3612
26490   3612
26500   3612
26510   3612
26520   3612
26530   3612
26540   3612
26550   3612
26560   3612
26570   3612
26580   3612
26590   3612
26600   3612
26610   3612
26620   3612
26630   3612
26640   3612
26650   3612
26660   3612
26670   3612
26680   3612
26690   3612
26700   3612
26710   3612
26720   3612
26730   3612
26740   3612
26750   3612
26760   3612
26770   3612
26780   3612
26790   3612
26800   3612
26810   3612
26820   3612
26830   3612
26840   3612
26850   3612
26860   3612
26870   3612
26880   3612
26890   3612
26900   3612
26910   3612
26920   3612
26930   3612
26940   3612
26950   3612
26960   3612
26970   3612
26980   3612
26990   3612
27000   3612
27010   3612
27020   3612
27030   3612
27040   3612
27050   3612
27060   3612
27070   3612
27080   3612
27090   3612
27100   3612
27110   3612
27120   3612
27130   3612
27140   3612
27150   3612
27160   3612
27170   3612
27180   3612
27190   3612
27200   3612
27210   3612
27220   3612
27230   3612
27240   3612
27250   3612
27260   3612
27270   3612
27280   3612
27290   3612
27300   3612
27310   3612
27320   3612
27330   3612
27340   3612
27350   3612
27360   3612
27370   3612
27380   3612
27390   3612
27400   3612
27410   3612
27420   3612
27430   3612
27440   3612
27450   3612
27460   3612
27470   3612
27480   3612
27490   3612
27500   3612
27510   3612
27520   3612
27530   3612
27540   3612
27550   3612
27560   3612
27570   3612
27580   3612
27590   3612
27600   3612
27610   3612
27620   3612
27630   3612
27640   3612
27650   3612
27660   3612
27670   3612
27680   3612
27690   3612
27700   3612
27710   3612
27720   3612
27730   3612
27740   3612
27750   3612
27760   3612
27770   3612
27780   3612
27790   3612
27800   3612
27810   3612
27820   3612
27830   3612
27840   3612
27850   3612
27860   3612
27870   3612
27880   3612
27890   3612
27900   3612
27910   3612
27920   3612
27930   3612
27940   3612
27950   3612
27960   3612
27970   3612
27980   3612
27990   3612
28000   3612
28010   3612
28020   3612
28030   3612
28040   3612
28050   3612
28060   3612
28070   3612
28080   3612
28090   3612
28100   3612
28110   3612
28120   3612
28130   3612
28140   3612
28150   3612
28160   3612
28170   3612
28180   3612
28190   3612
28200   3612
28210   3612
28220   3612
28230   3612
28240   3612
28250   3612
28260   3612
28270   3612
28280   3612
28290   3612
28300   3612
28310   3612
28320   3612
28330   3612
28340   3612
28350   3612
28360   3612
28370   3612
28380   3612
28390   3612
28400   3612
28410   3612
28420   3612
28430   3612
28440   3612
28450   3612
28460   3612
28470   3612
28480   3612
28490   3612
28500   3612
28510   3612
28520   3612
28530   3612
28540   3612
28550   3612
28560   3612
28570   3612
28580   3612
28590   3612
28600   3612
28610   3612
28620   3612
28630   3612
28640   3612
28650   3612
28660   3612
28670   3612
28680   3612
28690   3612
28700   3612
28710   3612
28720   3612
28730   3612
28740   3612
28750   3612
28760   3612
28770   3612
28780   3612
28790   3612
28800   3612
28810   3612
28820   3612
28830   3612
28840   3612
28850   3612
28860   3612
28870   3612
28880   3612
28890   3612
28900   3612
28910   3612
28920   3612
28930   3612
28940   3612
28950   3612
28960   3612
28970   3612
28980   3612
28990   3612
29000   3612
29010   3612
29020   3612
29030   3612
29040   3612
29050   3612
29060   3612
29070   3612
29080   3612
29090   3612
29100   3612
29110   3612
29120   3612
29130   3612
29140   3612
29150   3612
29160   3612
29170   3612
29180   3612
29190   3612
29200   3612
29210   3612
29220   3612
29230   3612
29240   3612
29250   3612
29260   3612
29270   3612
29280   3612
29290   3612
29300   3612
29310   3612
29320   3612
29330   3612
29340   3612
29350   3612
29360   3612
29370   3612
29380   3612
29390   3612
29400   3612
29410   3612
29420   3612
29430   3612
29440   3612
29450   3612
29460   3612
29470   3612
29480   3612
29490   3612
29500   3612
29510   3612
29520   3612
29530   3612
29540   3612
29550   3612
29560   3612
29570   3612
29580   3612
29590   3612
29600   3612
29610   3612
29620   3612
29630   3612
29640   3612
29650   3612
29660   3612
29670   3612
29680   3612
29690   3612
29700   3612
29710   3612
29720   3612
29730   3612
29740   3612
29750   3612
29760   3612
29770   3612
29780   3612
29790   3612
29800   3612
29810   3612
29820   3612
29830   3612
29840   3612
29850   3612
29860   3612
29870   3612
29880   3612
29890   3612
29900   3612
29910   3612
29920   3612
29930   3612
29940   3612
29950   3612
29960   3612
29970   3612
29980   3612
29990   3612
30000   3612
30010   3612
30020   3612
30030   3612
30040   3612
30050   3612
30060   3612
30070   3612
30080   3612
30090   3612
30100   3612
30110   3612
30120   3612
30130   3612
30140   3612
30150   3612
30160   3612
30170   3612
30180   3612
30190   3612
30200   3612
30210   3612
30220   3612
30230   3612
30240   3612
30250   3612
30260   3612
30270   3612
30280   3612
30290   3612
30300   3612
30310   3612
30320   3612
30330   3612
30340   3612
30350   3612
30360   3612
30370   3612
30380   3612
30390   3612
30400   3612
30410   3612
30420   3612
30430   3612
30440   3612
30450   3612
30460   3612
30470   3612
30480   3612
30490   3612
30500   3612
30510   3612
30520   3612
30530   3612
30540   3612
30550   3612
30560   3612
30570   3612
30580   3612
30590   3612
30600   3612
30610   3612
30620   3612
30630   3612
30640   3612
30650   3612
30660   3612
30670   3612
30680   3612
30690   3612
30700   3612
30710   3612
30720   3612
30730   3612
30740   3612
30750   3612
30760   3612
30770   3612
30780   3612
30790   3612
30800   3612
30810   3612
30820   3612
30830   3612
30840   3612
30850   3612
30860   3612
30870   3612
30880   3612
30890   3612
30900   3612
30910   3612
30920   3612
30930   3612
30940   3612
30950   3612
30960   3612
30970   3612
30980   3612
30990   3612
31000   3612
31010   3612
31020   3612
31030   3612
31040   3612
31050   3612
31060   3612
31070   3612
31080   3612
31090   3612
31100   3612
31110   3612
31120   3612
31130   3612
31140   3612
31150   3612
31160   3612
31170   3612
31180   3612
31190   3612
31200   3612
31210   3612
31220   3612
31230   3612
31240   3612
31250   3612
31260   3612
31270   3612
31280   3612
31290   3612
31300   3612
31310   3612
31320   3612
31330   3612
31340   3612
31350   3612
31360   3612
31370   3612
31380   3612
31390   3612
31400   3612
31410   3612
31420   3612
31430   3612
31440   3612
31450   3612
31460   3612
31470   3612
31480   3612
31490   3612
31500   3612
31510   3612
31520   3612
31530   3612
31540   3612
31550   3612
31560   3612
31570   3612
31580   3612
31590   3612
31600   3612
31610   3612
31620   3612
31630   3612
31640   3612
31650   3612
31660   3612
31670   3612
31680   3612
31690   3612
31700   3612
31710   3612
31720   3612
31730   3612
31740   3612
31750   3612
31760   3612
31770   3612
31780   3612
31790   3612
31800   3612
31810   3612
31820   3612
31830   3612
31840   3612
31850   3612
31860   3612
31870   3612
31880   3612
31890   3612
31900   3612
31910   3612
31920   3612
31930   3612
31940   3612
31950   3612
31960   3612
31970   3612
31980   3612
31990   3612
32000   3612
32010   3612
32020   3612
32030   3612
32040   3612
32050   3612
32060   3612
32070   3612
32080   3612
32090   3612
32100   3612
32110   3612
32120   3612
32130   3612
32140   3612
32150   3612
32160   3612
32170   3612
32180   3612
32190   3612
32200   3612
32210   3612
32220   3612
32230   3612
32240   3612
32250   3612
32260   3612
32270   3612
32280   3612
32290   3612
32300   3612
32310   3612
32320   3612
32330   3612
32340   3612
32350   3612
32360   3612
32370   3612
32380   3612
32390   3612
32400   3612
32410   3612
32420   3612
32430   3612
32440   3612
32450   3612
32460   3612
32470   3612
32480   3612
32490   3612
32500   3612
32510   3612
32520   3612
32530   3612
32540   3612
32550   3612
32560   3612
32570   3612
32580   3612
32590   3612
32600   3612
32610   3612
32620   3612
32630   3612
32640   3612
32650   3612
32660   3612
32670   3612
32680   3612
32690   3612
32700   3612
32710   3612
32720   3612
32730   3612
32740   3612
32750   3612
32760   3612
32770   3612
32780   3612
32790   3612
32800   3612
32810   3612
32820   3612
32830   3612
32840   3612
32850   3612
32860   3612
32870   3612
32880   3612
32890   3612
32900   3612
32910   3612
32920   3612
32930   3612
32940   3612
32950   3612
32960   3612
32970   3612
32980   3612
32990   3612
33000   3612
33010   3612
33020   3612
33030   3612
33040   3612
33050   3612
33060   3612
33070   3612
33080   3612
33090   3612
33100   3612
33110   3612
33120   3612
33130   3612
33140   3612
33150   3612
33160   3612
33170   3612
33180   3612
33190   3612
33200   3612
33210   3612
33220   3612
33230   3612
33240   3612
33250   3612
33260   3612
33270   3612
33280   3612
33290   3612
33300   3612
33310   3612
33320   3612
33330   3612
33340   3612
33350   3612
33360   3612
33370   3612
33380   3612
33390   3612
33400   3612
33410   3612
33420   3612
33430   3612
33440   3612
33450   3612
33460   3612
33470   3612
33480   3612
33490   3612
33500   3612
33510   3612
33520   3612
33530   3612
33540   3612
33550   3612
33560   3612
33570   3612
33580   3612
33590   3612
33600   3612
33610   3612
33620   3612
33630   3612
33640   3612
33650   3612
33660   3612
33670   3612
33680   3612
33690   3612
33700   3612
33710   3612
33720   3612
33730   3612
33740   3612
33750   3612
33760   3612
33770   3612
33780   3612
33790   3612
33800   3612
33810   3612
33820   3612
33830   3612
33840   3612
33850   3612
33860   3612
33870   3612
33880   3612
33890   3612
33900   3612
33910   3612
33920   3612
33930   3612
33940   3612
33950   3612
33960   3612
33970   3612
33980   3612
33990   3612
34000   3612
34010   3612
34020   3612
34030   3612
34040   3612
34050   3612
34060   3612
34070   3612
34080   3612
34090   3612
34100   3612
34110   3612
34120   3612
34130   3612
34140   3612
34150   3612
34160   3612
34170   3612
34180   3612
34190   3612
34200   3612
34210   3612
34220   3612
34230   3612
34240   3612
34250   3612
34260   3612
34270   3612
34280   3612
34290   3612
34300   3612
34310   3612
34320   3612
34330   3612
34340   3612
34350   3612
34360   3612
34370   3612
34380   3612
34390   3612
34400   3612
34410   3612
34420   3612
34430   3612
34440   3612
34450   3612
34460   3612
34470   3612
34480   3612
34490   3612
34500   3612
34510   3612
34520   3612
34530   3612
34540   3612
34550   3612
34560   3612
34570   3612
34580   3612
34590   3612
34600   3612
34610   3612
34620   3612
34630   3612
34640   3612
34650   3612
34660   3612
34670   3612
34680   3612
34690   3612
34700   3612
34710   3612
34720   3612
34730   3612
34740   3612
34750   3612
34760   3612
34770   3612
34780   3612
34790   3612
34800   3612
34810   3612
34820   3612
34830   3612
34840   3612
34850   3612
34860   3612
34870   3612
34880   3612
34890   3612
34900   3612
34910   3612
34920   3612
34930   3612
34940   3612
34950   3612
34960   3612
34970   3612
34980   3612
34990   3612
35000   3612
35010   3612
35020   3612
35030   3612
35040   3612
35050   3612
35060   3612
35070   3612
35080   3612
35090   3612
35100   3612
35110   3612
35120   3612
35130   3612
35140   3612
35150   3612
35160   3612
35170   3612
35180   3612
35190   3612
35200   3612
35210   3612
35220   3612
35230   3612
35240   3612
35250   3612
35260   3612
35270   3612
35280   3612
35290   3612
35300   3612
35310   3612
35320   3612
35330   3612
35340   3612
35350   3612
35360   3612
35370   3612
35380   3612
35390   3612
35400   3612
35410   3612
35420   3612
35430   3612
35440   3612
35450   3612
35460   3612
35470   3612
35480   3612
35490   3612
35500   3612
35510   3612
35520   3612
35530   3612
35540   3612
35550   3612
35560   3612
35570   3612
35580   3612
35590   3612
35600   3612
35610   3612
35620   3612
35630   3612
35640   3612
35650   3612
35660   3612
35670   3612
35680   3612
35690   3612
35700   3612
35710   3612
35720   3612
35730   3612
35740   3612
35750   3612
35760   3612
35770   3612
35780   3612
35790   3612
35800   3612
35810   3612
35820   3612
35830   3612
35840   3612
35850   3612
35860   3612
35870   3612
35880   3612
35890   3612
35900   3612
35910   3612
35920   3612
35930   3612
35940   3612
35950   3612
35960   3612
35970   3612
35980   3612
35990   3612
36000   3612
36010   3612
36020   3612
36030   3612
36040   3612
36050   3612
36060   3612
36070   3612
36080   3612
36090   3612
36100   3612
36110   3612
36120   3612
36130   3612
36140   3612
36150   3612
36160   3612
36170   3612
36180   3612
36190   3612
36200   3612
36210   3612
36220   3612
36230   3612
36240   3612
36250   3612
36260   3612
36270   3612
36280   3612
36290   3612
36300   3612
36310   3612
36320   3612
36330   3612
36340   3612
36350   3612
36360   3612
36370   3612
36380   3612
36390   3612
36400   3612
36410   3612
36420   3612
36430   3612
36440   3612
36450   3612
36460   3612
36470   3612
36480   3612
36490   3612
36500   3612
36510   3612
36520   3612
36530   3612
36540   3612
36550   3612
36560   3612
36570   3612
36580   3612
36590   3612
36600   3612
36610   3612
36620   3612
36630   3612
36640   3612
36650   3612
36660   3612
36670   3612
36680   3612
36690   3612
36700   3612
36710   3612
36720   3612
36730   3612
36740   3612
36750   3612
36760   3612
36770   3612
36780   3612
36790   3612
36800   3612
36810   3612
36820   3612
36830   3612
36840   3612
36850   3612
36860   3612
36870   3612
36880   3612
36890   3612
36900   3612
36910   3612
36920   3612
36930   3612
36940   3612
36950   3612
36960   3612
36970   3612
36980   3612
36990   3612
37000   3612
37010   3612
37020   3612
37030   3612
37040   3612
37050   3612
37060   3612
37070   3612
37080   3612
37090   3612
37100   3612
37110   3612
37120   3612
37130   3612
37140   3612
37150   3612
37160   3612
37170   3612
37180   3612
37190   3612
37200   3612
37210   3612
37220   3612
37230   3612
37240   3612
37250   3612
37260   3612
37270   3612
37280   3612
37290   3612
37300   3612
37310   3612
37320   3612
37330   3612
37340   3612
37350   3612
37360   3612
37370   3612
37380   3612
37390   3612
37400   3612
37410   3612
37420   3612
37430   3612
37440   3612
37450   3612
37460   3612
37470   3612
37480   3612
37490   3612
37500   3612
37510   3612
37520   3612
37530   3612
37540   3612
37550   3612
37560   3612
37570   3612
37580   3612
37590   3612
37600   3612
37610   3612
37620   3612
37630   3612
37640   3612
37650   3612
37660   3612
37670   3612
37680   3612
37690   3612
37700   3612
37710   3612
37720   3612
37730   3612
37740   3612
37750   3612
37760   3612
37770   3612
37780   3612
37790   3612
37800   3612
37810   3612
37820   3612
37830   3612
37840   3612
37850   3612
37860   3612
37870   3612
37880   3612
37890   3612
37900   3612
37910   3612
37920   3612
37930   3612
37940   3612
37950   3612
37960   3612
37970   3612
37980   3612
37990   3612
38000   3612
38010   3612
38020   3612
38030   3612
38040   3612
38050   3612
38060   3612
38070   3612
38080   3612
38090   3612
38100   3612
38110   3612
38120   3612
38130   3612
38140   3612
38150   3612
38160   3612
38170   3612
38180   3612
38190   3612
38200   3612
38210   3612
38220   3612
38230   3612
38240   3612
38250   3612
38260   3612
38270   3612
38280   3612
38290   3612
38300   3612
38310   3612
38320   3612
38330   3612
38340   3612
38350   3612
38360   3612
38370   3612
38380   3612
38390   3612
38400   3612
38410   3612
38420   3612
38430   3612
38440   3612
38450   3612
38460   3612
38470   3612
38480   3612
38490   3612
38500   3612
38510   3612
38520   3612
38530   3612
38540   3612
38550   3612
38560   3612
38570   3612
38580   3612
38590   3612
38600   3612
38610   3612
38620   3612
38630   3612
38640   3612
38650   3612
38660   3612
38670   3612
38680   3612
38690   3612
38700   3612
38710   3612
38720   3612
38730   3612
38740   3612
38750   3612
38760   3612
38770   3612
38780   3612
38790   3612
38800   3612
38810   3612
38820   3612
38830   3612
38840   3612
38850   3612
38860   3612
38870   3612
38880   3612
38890   3612
38900   3612
38910   3612
38920   3612
38930   3612
38940   3612
38950   3612
38960   3612
38970   3612
38980   3612
38990   3612
39000   3612
39010   3612
39020   3612
39030   3612
39040   3612
39050   3612
39060   3612
39070   3612
39080   3612
39090   3612
39100   3612
39110   3612
39120   3612
39130   3612
39140   3612
39150   3612
39160   3612
39170   3612
39180   3612
39190   3612
39200   3612
39210   3612
39220   3612
39230   3612
39240   3612
39250   3612
39260   3612
39270   3612
39280   3612
39290   3612
39300   3612
39310   3612
39320   3612
39330   3612
39340   3612
39350   3612
39360   3612
39370   3612
39380   3612
39390   3612
39400   3612
39410   3612
39420   3612
39430   3612
39440   3612
39450   3612
39460   3612
39470   3612
39480   3612
39490   3612
39500   3612
39510   3612
39520   3612
39530   3612
39540   3612
39550   3612
39560   3612
39570   3612
39580   3612
39590   3612
39600   3612
39610   3612
39620   3612
39630   3612
39640   3612
39650   3612
39660   3612
39670   3612
39680   3612
39690   3612
39700   3612
39710   3612
39720   3612
39730   3612
39740   3612
39750   3612
39760   3612
39770   3612
39780   3612
39790   3612
39800   3612
39810   3612
39820   3612
39830   3612
39840   3612
39850   3612
39860   3612
39870   3612
39880   3612
39890   3612
39900   3612
39910   3612
39920   3612
39930   3612
39940   3612
39950   3612
39960   3612
39970   3612
39980   3612
39990   3612
40000   3612
40010   3612
40020   3612
40030   3612
40040   3612
40050   3612
40060   3612
40070   3612
40080   3612
40090   3612
40100   3612
40110   3612
40120   3612
40130   3612
40140   3612
40150   3612
40160   3612
40170   3612
40180   3612
40190   3612
40200   3612
40210   3612
40220   3612
40230   3612
40240   3612
40250   3612
40260   3612
40270   3612
40280   3612
40290   3612
40300   3612
40310   3612
40320   3612
40330   3612
40340   3612
40350   3612
40360   3612
40370   3612
40380   3612
40390   3612
40400   3612
40410   3612
40420   3612
40430   3612
40440   3612
40450   3612
40460   3612
40470   3612
40480   3612
40490   3612
40500   3612
40510   3612
40520   3612
40530   3612
40540   3612
40550   3612
40560   3612
40570   3612
40580   3612
40590   3612
40600   3612
40610   3612
40620   3612
40630   3612
40640   3612
40650   3612
40660   3612
40670   3612
40680   3612
40690   3612
40700   3612
40710   3612
40720   3612
40730   3612
40740   3612
40750   3612
40760   3612
40770   3612
40780   3612
40790   3612
40800   3612
40810   3612
40820   3612
40830   3612
40840   3612
40850   3612
40860   3612
40870   3612
40880   3612
40890   3612
40900   3612
40910   3612
40920   3612
40930   3612
40940   3612
40950   3612
40960   3612
40970   3612
40980   3612
40990   3612
41000   3612
41010   3612
41020   3612
41030   3612
41040   3612
41050   3612
41060   3612
41070   3612
41080   3612
41090   3612
41100   3612
41110   3612
41120   3612
41130   3612
41140   3612
41150   3612
41160   3612
41170   3612
41180   3612
41190   3612
41200   3612
41210   3612
41220   3612
41230   3612
41240   3612
41250   3612
41260   3612
41270   3612
41280   3612
41290   3612
41300   3612
41310   3612
41320   3612
41330   3612
41340   3612
41350   3612
41360   3612
41370   3612
41380   3612
41390   3612
41400   3612
41410   3612
41420   3612
41430   3612
41440   3612
41450   3612
41460   3612
41470   3612
41480   3612
41490   3612
41500   3612
41510   3612
41520   3612
41530   3612
41540   3612
41550   3612
41560   3612
41570   3612
41580   3612
41590   3612
41600   3612
41610   3612
41620   3612
41630   3612
41640   3612
41650   3612
41660   3612
41670   3612
41680   3612
41690   3612
41700   3612
41710   3612
41720   3612
41730   3612
41740   3612
41750   3612
41760   3612
41770   3612
41780   3612
41790   3612
41800   3612
41810   3612
41820   3612
41830   3612
41840   3612
41850   3612
41860   3612
41870   3612
41880   3612
41890   3612
41900   3612
41910   3612
41920   3612
41930   3612
41940   3612
41950   3612
41960   3612
41970   3612
41980   3612
41990   3612
42000   3612
42010   3612
42020   3612
42030   3612
42040   3612
42050   3612
42060   3612
42070   3612
42080   3612
42090   3612
42100   3612
42110   3612
42120   3612
42130   3612
42140   3612
42150   3612
42160   3612
42170   3612
42180   3612
42190   3612
42200   3612
42210   3612
42220   3612
42230   3612
42240   3612
42250   3612
42260   3612
42270   3612
42280   3612
42290   3612
42300   3612
42310   3612
42320   3612
42330   3612
42340   3612
42350   3612
42360   3612
42370   3612
42380   3612
42390   3612
42400   3612
42410   3612
42420   3612
42430   3612
42440   3612
42450   3612
42460   3612
42470   3612
42480   3612
42490   3612
42500   3612
42510   3612
42520   3612
42530   3612
42540   3612
42550   3612
42560   3612
42570   3612
42580   3612
42590   3612
42600   3612
42610   3612
42620   3612
42630   3612
42640   3612
42650   3612
42660   3612
42670   3612
42680   3612
42690   3612
42700   3612
42710   3612
42720   3612
42730   3612
42740   3612
42750   3612
42760   3612
42770   3612
42780   3612
42790   3612
42800   3612
42810   3612
42820   3612
42830   3612
42840   3612
42850   3612
42860   3612
42870   3612
42880   3612
42890   3612
42900   3612
42910   3612
42920   3612
42930   3612
42940   3612
42950   3612
42960   3612
42970   3612
42980   3612
42990   3612
43000   3612
43010   3612
