10   8920
20   8568
30   8568
40   7848
50   7792
60   7792
70   7792
80   7792
90   7792
100   7792
110   7792
120   7792
130   7792
140   7792
150   7792
160   7792
170   7792
180   7792
190   7792
200   7792
210   7792
220   7792
230   7792
240   7792
250   7792
260   7792
270   7792
280   7680
290   7680
300   7680
310   7680
320   7680
330   7680
340   7680
350   7648
360   7648
370   7648
380   7648
390   7648
400   7648
410   7648
420   7648
430   7648
440   7648
450   7648
460   7648
470   7648
480   7648
490   7648
500   7648
510   7648
520   7648
530   7648
540   7648
550   7648
560   7648
570   7648
580   7648
590   7648
600   7648
610   7648
620   7464
630   7464
640   7464
650   7464
660   7464
670   7464
680   7464
690   7464
700   7464
710   7464
720   7464
730   7464
740   7464
750   7464
760   7464
770   7464
780   7464
790   7464
800   7464
810   7464
820   7464
830   7464
840   7464
850   7464
860   7464
870   7320
880   7320
890   7320
900   7320
910   7320
920   7320
930   7320
940   7320
950   7320
960   7320
970   7320
980   7320
990   7320
1000   7320
1010   7320
1020   7320
1030   7320
1040   7320
1050   7320
1060   7320
1070   7320
1080   7320
1090   7320
1100   7320
1110   7320
1120   7320
1130   7320
1140   7320
1150   7320
1160   7320
1170   7320
1180   7320
1190   7320
1200   7320
1210   7320
1220   7320
1230   7320
1240   7320
1250   7320
1260   7320
1270   7320
1280   7320
1290   7320
1300   7320
1310   7320
1320   7320
1330   7320
1340   7320
1350   7320
1360   7320
1370   7320
1380   7320
1390   7320
1400   7320
1410   7320
1420   7320
1430   7320
1440   7320
1450   7320
1460   7320
1470   7320
1480   7320
1490   7320
1500   7320
1510   7320
1520   7320
1530   7320
1540   7320
1550   7320
1560   7320
1570   7320
1580   7320
1590   7320
1600   7320
1610   7320
1620   7320
1630   7320
1640   7320
1650   7320
1660   7320
1670   7320
1680   7320
1690   7136
1700   7136
1710   7136
1720   7136
1730   7136
1740   7136
1750   7136
1760   7136
1770   7136
1780   7136
1790   7136
1800   7136
1810   7136
1820   7136
1830   7136
1840   7136
1850   7136
1860   7136
1870   7136
1880   7136
1890   7136
1900   7136
1910   7136
1920   7136
1930   7136
1940   7136
1950   7136
1960   7136
1970   7136
1980   7136
1990   7136
2000   7136
2010   7136
2020   7136
2030   7136
2040   7136
2050   7136
2060   7136
2070   7136
2080   7136
2090   7136
2100   7136
2110   7136
2120   7136
2130   7136
2140   7136
2150   7136
2160   7136
2170   7136
2180   7136
2190   7136
2200   7136
2210   7136
2220   7136
2230   7136
2240   7136
2250   7136
2260   7136
2270   7136
2280   7136
2290   7136
2300   7136
2310   7136
2320   7136
2330   7136
2340   7136
2350   7136
2360   7136
2370   7136
2380   7136
2390   7136
2400   7136
2410   7136
2420   7136
2430   7136
2440   7136
2450   7136
2460   7136
2470   7136
2480   7136
2490   7136
2500   7136
2510   7136
2520   7136
2530   7136
2540   7136
2550   7136
2560   7136
2570   7136
2580   7136
2590   7136
2600   7136
2610   7136
2620   7136
2630   7136
2640   7032
2650   7032
2660   7032
2670   7032
2680   7032
2690   7032
2700   7032
2710   7032
2720   7032
2730   7032
2740   7032
2750   7032
2760   7032
2770   7032
2780   7032
2790   7032
2800   7032
2810   7032
2820   7032
2830   7032
2840   7032
2850   7032
2860   7032
2870   7032
2880   7032
2890   7032
2900   7032
2910   7032
2920   7032
2930   7032
2940   7032
2950   7032
2960   7032
2970   7032
2980   7032
2990   7032
3000   7032
3010   7032
3020   7032
3030   7032
3040   7032
3050   7032
3060   7032
3070   7032
3080   7032
3090   7032
3100   7032
3110   7032
3120   7032
3130   7032
3140   7032
3150   7032
3160   7032
3170   7032
3180   7032
3190   7032
3200   7032
3210   7032
3220   7032
3230   7032
3240   7032
3250   7032
3260   7032
3270   7032
3280   7032
3290   7032
3300   7032
3310   7032
3320   7032
3330   7032
3340   7032
3350   7032
3360   7032
3370   7032
3380   7032
3390   7032
3400   7032
3410   7032
3420   7032
3430   7032
3440   7032
3450   7032
3460   7032
3470   7032
3480   7032
3490   7032
3500   7032
3510   7032
3520   7032
3530   7032
3540   7032
3550   7032
3560   7032
3570   7032
3580   7032
3590   7032
3600   7032
3610   7032
3620   7032
3630   7032
3640   7032
3650   7032
3660   7032
3670   7032
3680   7032
3690   7032
3700   7032
3710   7032
3720   7032
3730   7032
3740   7032
3750   7032
3760   7032
3770   7032
3780   7032
3790   7032
3800   7032
3810   7032
3820   7032
3830   7032
3840   7032
3850   7032
3860   7032
3870   7032
3880   7032
3890   7032
3900   7032
3910   7032
3920   7032
3930   7032
3940   7032
3950   7032
3960   7032
3970   7032
3980   7032
3990   7032
4000   7032
4010   7032
4020   7032
4030   7032
4040   7032
4050   7032
4060   7032
4070   7032
4080   7032
4090   7032
4100   7032
4110   7032
4120   7032
4130   7032
4140   7032
4150   7032
4160   7032
4170   7032
4180   7032
4190   7032
4200   7032
4210   7032
4220   7032
4230   7032
4240   7032
4250   7032
4260   7032
4270   7032
4280   7032
4290   7032
4300   7032
4310   7032
4320   7032
4330   7032
4340   7032
4350   7032
4360   7032
4370   7032
4380   7032
4390   7032
4400   7032
4410   7032
4420   7032
4430   7032
4440   7032
4450   7032
4460   7032
4470   7032
4480   7032
4490   7032
4500   7032
4510   7032
4520   7032
4530   7032
4540   7032
4550   7032
4560   7032
4570   7032
4580   7032
4590   7032
4600   7032
4610   7032
4620   7032
4630   7032
4640   7032
4650   7032
4660   7032
4670   7032
4680   7032
4690   7032
4700   7032
4710   7032
4720   7032
4730   7032
4740   7032
4750   7032
4760   7032
4770   7032
4780   7032
4790   7032
4800   7032
4810   7032
4820   7032
4830   7032
4840   7032
4850   7032
4860   7032
4870   7032
4880   7032
4890   7032
4900   7032
4910   7032
4920   7032
4930   7032
4940   7032
4950   7032
4960   7032
4970   7032
4980   7032
4990   7032
5000   7032
5010   7032
5020   7032
5030   7032
5040   7032
5050   7032
5060   7032
5070   7032
5080   7032
5090   7032
5100   7032
5110   7032
5120   7032
5130   7032
5140   7032
5150   7032
5160   7032
5170   7032
5180   7032
5190   7032
5200   7032
5210   7032
5220   7032
5230   7032
5240   7032
5250   7032
5260   7032
5270   7032
5280   7032
5290   7032
5300   7032
5310   7032
5320   7032
5330   7032
5340   7032
5350   7032
5360   7032
5370   7032
5380   7032
5390   7032
5400   7032
5410   7032
5420   7032
5430   7032
5440   7032
5450   7032
5460   7032
5470   7032
5480   7032
5490   7032
5500   7032
5510   7032
5520   7032
5530   7032
5540   7032
5550   7032
5560   7032
5570   7032
5580   7032
5590   7032
5600   7032
5610   7032
5620   7032
5630   7032
5640   7032
5650   7032
5660   7032
5670   7032
5680   7032
5690   7032
5700   7032
5710   7032
5720   7032
5730   7032
5740   7032
5750   7032
5760   7032
5770   7032
5780   7032
5790   7032
5800   7032
5810   7032
5820   7032
5830   7032
5840   7032
5850   7032
5860   7032
5870   7032
5880   7032
5890   7032
5900   7032
5910   7032
5920   7032
5930   7032
5940   7032
5950   7032
5960   7032
5970   7032
5980   7032
5990   7032
6000   7032
6010   7032
6020   7032
6030   7032
6040   7032
6050   7032
6060   7032
6070   7032
6080   7032
6090   7032
6100   7032
6110   7032
6120   7032
6130   7032
6140   7032
6150   7032
6160   7032
6170   7032
6180   7032
6190   7032
6200   7032
6210   7032
6220   7032
6230   7032
6240   7032
6250   7032
6260   7032
6270   7032
6280   7032
6290   7032
6300   7032
6310   7032
6320   7032
6330   7032
6340   7032
6350   7032
6360   7032
6370   7032
6380   7032
6390   7032
6400   7032
6410   7032
6420   7032
6430   7032
6440   7032
6450   7032
6460   7032
6470   7032
6480   7032
6490   7032
6500   7032
6510   7032
6520   7032
6530   7032
6540   7032
6550   7032
6560   7032
6570   7032
6580   7032
6590   7032
6600   7032
6610   7032
6620   7032
6630   7032
6640   7032
6650   7032
6660   7032
6670   7032
6680   7032
6690   7032
6700   7032
6710   7032
6720   7032
6730   7032
6740   7032
6750   7032
6760   7032
6770   7032
6780   7032
6790   7032
6800   7032
6810   7032
6820   7032
6830   7032
6840   7032
6850   7032
6860   7032
6870   7032
6880   7032
6890   7032
6900   7032
6910   7032
6920   7032
6930   7032
6940   7032
6950   7032
6960   7032
6970   7032
6980   7032
6990   7032
7000   7032
7010   7032
7020   7032
7030   7032
7040   7032
7050   7032
7060   7032
7070   7032
7080   7032
7090   7032
7100   7032
7110   7032
7120   7032
7130   7032
7140   7032
7150   7032
7160   7032
7170   7032
7180   7032
7190   7032
7200   7032
7210   7032
7220   7032
7230   7032
7240   7032
7250   7032
7260   7032
7270   7032
7280   7032
7290   7032
7300   7032
7310   7032
7320   7032
7330   7032
7340   7032
7350   7032
7360   7032
7370   7032
