10   2398
20   2398
30   2204
40   2204
50   2200
60   2200
70   2200
80   2200
90   2200
100   2200
110   2200
120   2200
130   2200
140   2200
150   2200
160   2200
170   2112
180   2112
190   2112
200   2020
210   2020
220   2020
230   2020
240   2020
250   2020
260   2020
270   2020
280   2020
290   2020
300   2020
310   2020
320   2020
330   2020
340   2020
350   2020
360   2020
370   2020
380   2020
390   2020
400   2020
410   2020
420   2020
430   2020
440   2020
450   2020
460   2020
470   2020
480   2020
490   2020
500   2020
510   2020
520   2020
530   2020
540   2020
550   2020
560   2020
570   2020
580   2020
590   2020
600   2020
610   2020
620   2020
630   2020
640   2020
650   2020
660   2020
670   2020
680   2020
690   2020
700   2020
710   2020
720   2020
730   2020
740   2020
750   2020
760   2020
770   2020
780   2020
790   2020
800   2020
810   2020
820   2020
830   2020
840   2020
850   2020
860   2020
870   2020
880   2020
890   2020
900   2020
910   2020
920   2020
930   2020
940   2020
950   2020
960   2020
970   2020
980   2020
990   2020
1000   2020
1010   2020
1020   2020
1030   2020
1040   2020
1050   2020
1060   2020
1070   2020
1080   2020
1090   2020
1100   2020
1110   2020
1120   2020
1130   2010
1140   2010
1150   2010
1160   2010
1170   2010
1180   2010
1190   2010
1200   2010
1210   2010
1220   2010
1230   2010
1240   2010
1250   2010
1260   2010
1270   2010
1280   2010
1290   2010
1300   2010
1310   2010
1320   2010
1330   2010
1340   2010
1350   2010
1360   2010
1370   2010
1380   2010
1390   2010
1400   2010
1410   2010
1420   2010
1430   2010
1440   2010
1450   2010
1460   2010
1470   2010
1480   2010
1490   2010
1500   2010
1510   2010
1520   2010
1530   2010
1540   2010
1550   2010
1560   2010
1570   2010
1580   2010
1590   2010
1600   2010
1610   2010
1620   2010
1630   2010
1640   2010
1650   2010
1660   2010
1670   2010
1680   2010
1690   2010
1700   2010
1710   2010
1720   2010
1730   2010
1740   2010
1750   2010
1760   2010
1770   2010
1780   2010
1790   2010
1800   2010
1810   2010
1820   2010
1830   2010
1840   2010
1850   2010
1860   2010
1870   2010
1880   2010
1890   2010
1900   2010
1910   2010
1920   2010
1930   2010
1940   2010
1950   2010
1960   2010
1970   2010
1980   2010
1990   2010
2000   2010
2010   2010
2020   2010
2030   2010
2040   2010
2050   2010
2060   2010
2070   2010
2080   2010
2090   2010
2100   2010
2110   2010
2120   2010
2130   2010
2140   2010
2150   2010
2160   2010
2170   2010
2180   2010
2190   2010
2200   2010
2210   2010
2220   2010
2230   2010
2240   2010
2250   2010
2260   2010
2270   2010
2280   2010
2290   2010
2300   2010
2310   2010
2320   2010
2330   2010
2340   2010
2350   2010
2360   2010
2370   2010
2380   2010
2390   2010
2400   2010
2410   2010
2420   2010
2430   2010
2440   2010
2450   2010
2460   2010
2470   2010
2480   2010
2490   2010
2500   2010
2510   2010
2520   2010
2530   2010
2540   2010
2550   2010
2560   2010
2570   2010
2580   2010
2590   2010
2600   2010
2610   2010
2620   2010
2630   2010
2640   2010
2650   2010
2660   2010
2670   2010
2680   2010
2690   2010
2700   2010
2710   2010
2720   2010
2730   2010
2740   2010
2750   2010
2760   2010
2770   2010
2780   2010
2790   2010
2800   2010
2810   2010
2820   2010
2830   2010
2840   2010
2850   2010
2860   2010
2870   2010
2880   2010
2890   2010
2900   2010
2910   2010
2920   2010
2930   2010
2940   2010
2950   2010
2960   2010
2970   2010
2980   2010
2990   2010
3000   2010
3010   2010
3020   2010
3030   2010
3040   2010
3050   2010
3060   2010
3070   2010
3080   2010
3090   2010
3100   2010
3110   2010
3120   2010
3130   2010
3140   2010
3150   2010
3160   2010
3170   2010
3180   2010
3190   2010
3200   2010
3210   2010
3220   2010
3230   2010
3240   2010
3250   2010
3260   2010
3270   2010
3280   2010
3290   2010
3300   2010
3310   2010
3320   2010
3330   2010
3340   2010
3350   2010
3360   2010
3370   2010
3380   2010
3390   2010
3400   2010
3410   2010
3420   2010
3430   2010
3440   2010
3450   2010
3460   2010
3470   2010
3480   2010
3490   2010
3500   2010
3510   2010
3520   2010
3530   2010
3540   2010
3550   1944
3560   1944
3570   1944
3580   1944
3590   1944
3600   1944
3610   1944
3620   1944
3630   1944
3640   1944
3650   1944
3660   1944
3670   1944
3680   1944
3690   1944
3700   1944
3710   1944
3720   1944
3730   1944
3740   1944
3750   1944
3760   1944
3770   1944
3780   1944
3790   1944
3800   1944
3810   1944
3820   1944
3830   1944
3840   1944
3850   1944
3860   1944
3870   1944
3880   1944
3890   1944
3900   1944
3910   1944
3920   1944
3930   1944
3940   1944
3950   1944
3960   1944
3970   1944
3980   1944
3990   1944
4000   1944
4010   1944
4020   1944
4030   1944
4040   1944
4050   1944
4060   1944
4070   1944
4080   1944
4090   1944
4100   1944
4110   1944
4120   1944
4130   1944
4140   1944
4150   1944
4160   1944
4170   1944
4180   1944
4190   1944
4200   1944
4210   1944
4220   1944
4230   1944
4240   1944
4250   1944
4260   1944
4270   1944
4280   1944
4290   1944
4300   1944
4310   1944
4320   1944
4330   1944
4340   1944
4350   1944
4360   1944
4370   1944
4380   1944
4390   1944
4400   1944
4410   1944
4420   1944
4430   1944
4440   1944
4450   1944
4460   1944
4470   1944
4480   1944
4490   1944
4500   1944
4510   1944
4520   1944
4530   1944
4540   1944
4550   1944
4560   1944
4570   1944
4580   1944
4590   1944
4600   1944
4610   1944
4620   1944
4630   1944
4640   1944
4650   1944
4660   1944
4670   1944
4680   1944
4690   1944
4700   1944
4710   1944
4720   1944
4730   1944
4740   1944
4750   1944
4760   1944
4770   1944
4780   1944
4790   1944
4800   1944
4810   1944
4820   1944
4830   1944
4840   1944
4850   1944
4860   1944
4870   1944
4880   1944
4890   1944
4900   1944
4910   1944
4920   1944
4930   1944
4940   1944
4950   1944
4960   1944
4970   1944
4980   1944
4990   1944
5000   1944
5010   1944
5020   1944
5030   1944
5040   1944
5050   1944
5060   1944
5070   1944
5080   1944
5090   1944
5100   1944
5110   1944
5120   1944
5130   1944
5140   1944
5150   1944
5160   1944
5170   1944
5180   1944
5190   1944
5200   1944
5210   1944
5220   1944
5230   1944
5240   1944
5250   1944
5260   1944
5270   1944
5280   1944
5290   1944
5300   1944
5310   1944
5320   1944
5330   1944
5340   1944
5350   1944
5360   1944
5370   1944
5380   1944
5390   1944
5400   1944
5410   1944
5420   1944
5430   1944
5440   1944
5450   1944
5460   1944
5470   1944
5480   1944
5490   1944
5500   1944
5510   1944
5520   1944
5530   1944
5540   1944
5550   1944
5560   1944
5570   1944
5580   1944
5590   1944
5600   1944
5610   1944
5620   1944
5630   1944
5640   1944
5650   1944
5660   1944
5670   1944
5680   1944
5690   1944
5700   1944
5710   1944
5720   1944
5730   1944
5740   1944
5750   1944
5760   1944
5770   1944
5780   1944
5790   1944
5800   1944
5810   1944
5820   1944
5830   1944
5840   1944
5850   1944
5860   1944
5870   1944
5880   1944
5890   1944
5900   1944
5910   1944
5920   1944
5930   1944
5940   1944
5950   1944
5960   1944
5970   1944
5980   1944
5990   1944
6000   1944
6010   1944
6020   1944
6030   1944
6040   1944
6050   1944
6060   1944
6070   1944
6080   1944
6090   1944
6100   1944
6110   1944
6120   1944
6130   1944
6140   1944
6150   1944
6160   1944
6170   1944
6180   1944
6190   1944
6200   1944
6210   1944
6220   1944
6230   1944
6240   1944
6250   1944
6260   1944
6270   1944
6280   1944
6290   1944
6300   1944
6310   1944
6320   1944
6330   1944
6340   1944
6350   1944
6360   1944
6370   1944
6380   1944
6390   1944
6400   1944
6410   1944
6420   1944
6430   1944
6440   1944
6450   1944
6460   1944
6470   1944
6480   1944
6490   1944
6500   1944
6510   1944
6520   1944
6530   1944
6540   1944
6550   1944
6560   1944
6570   1944
6580   1944
6590   1944
6600   1944
6610   1944
6620   1944
6630   1944
6640   1944
6650   1944
6660   1944
6670   1944
6680   1944
6690   1944
6700   1944
6710   1944
6720   1944
6730   1944
6740   1944
6750   1944
6760   1944
6770   1944
6780   1944
6790   1944
6800   1944
6810   1944
6820   1944
6830   1944
6840   1944
6850   1944
6860   1944
6870   1944
6880   1944
6890   1944
6900   1944
6910   1944
6920   1944
6930   1944
6940   1944
6950   1944
6960   1944
6970   1944
6980   1944
6990   1944
7000   1944
7010   1944
7020   1944
7030   1944
7040   1944
7050   1944
7060   1944
7070   1944
7080   1944
7090   1944
7100   1944
7110   1944
7120   1944
7130   1944
7140   1944
7150   1944
7160   1944
7170   1944
7180   1944
7190   1944
7200   1944
7210   1944
7220   1944
7230   1944
7240   1944
7250   1944
7260   1944
7270   1944
7280   1944
7290   1944
7300   1944
7310   1944
7320   1944
7330   1944
7340   1944
7350   1944
7360   1944
7370   1944
7380   1944
7390   1944
7400   1944
7410   1944
7420   1944
7430   1944
7440   1944
7450   1944
7460   1944
7470   1944
7480   1944
7490   1944
7500   1944
7510   1944
7520   1944
7530   1944
7540   1944
7550   1944
7560   1944
7570   1944
7580   1944
7590   1944
7600   1944
7610   1944
7620   1944
7630   1944
7640   1944
7650   1944
7660   1944
7670   1944
7680   1944
7690   1944
7700   1944
7710   1944
7720   1944
7730   1944
7740   1944
7750   1944
7760   1944
7770   1944
7780   1944
7790   1944
7800   1944
7810   1944
7820   1944
7830   1944
7840   1944
7850   1944
7860   1944
7870   1944
7880   1944
7890   1944
7900   1944
7910   1944
7920   1944
7930   1944
7940   1944
7950   1944
7960   1944
7970   1944
7980   1944
7990   1944
8000   1944
8010   1944
8020   1944
8030   1944
8040   1944
8050   1944
8060   1944
8070   1944
8080   1944
8090   1944
8100   1944
8110   1944
8120   1944
8130   1944
8140   1944
8150   1944
8160   1944
8170   1944
8180   1944
8190   1944
8200   1944
8210   1944
8220   1944
8230   1944
8240   1944
8250   1944
8260   1944
8270   1944
8280   1944
8290   1944
8300   1944
8310   1944
8320   1944
8330   1944
8340   1944
8350   1944
8360   1944
8370   1944
8380   1944
8390   1944
8400   1944
8410   1944
8420   1944
8430   1944
8440   1944
8450   1944
8460   1944
8470   1944
8480   1944
8490   1944
8500   1944
