10   2320
20   2320
30   2184
40   2184
50   2184
60   2184
70   2184
80   2184
90   2184
100   2184
110   2184
120   2184
130   2184
140   2184
150   2184
160   2184
170   2184
180   2184
190   2184
200   2184
210   2184
220   2184
230   2184
240   2184
250   2184
260   2184
270   2184
280   2184
290   2184
300   2184
310   2184
320   2184
330   2184
340   2184
350   2184
360   2184
370   2184
380   2184
390   2184
400   2184
410   2184
420   2184
430   2184
440   2184
450   2184
460   2184
470   2184
480   2184
490   2184
500   2184
510   2184
520   2184
530   2184
540   2184
550   2184
560   2184
570   2184
580   2184
590   2184
600   2184
610   2084
620   2084
630   2084
640   2084
650   2084
660   2084
670   2084
680   2084
690   2084
700   2084
710   2084
720   2084
730   2084
740   2084
750   2084
760   2044
770   2044
780   2044
790   2044
800   2044
810   2044
820   2044
830   2044
840   2044
850   2044
860   2044
870   2044
880   2044
890   2044
900   2044
910   2044
920   2044
930   2044
940   2044
950   2044
960   2044
970   2044
980   2044
990   2044
1000   2044
1010   2044
1020   2044
1030   2044
1040   2044
1050   2044
1060   2044
1070   2044
1080   2044
1090   2044
1100   2044
1110   2044
1120   2044
1130   2044
1140   2044
1150   2044
1160   2044
1170   2044
1180   2044
1190   2044
1200   2044
1210   2044
1220   2044
1230   2044
1240   2044
1250   2044
1260   2044
1270   2044
1280   2044
1290   2044
1300   2044
1310   2044
1320   2044
1330   2044
1340   2044
1350   2044
1360   2044
1370   2044
1380   2044
1390   2044
1400   2044
1410   2044
1420   2044
1430   2044
1440   2044
1450   2044
1460   2044
1470   2044
1480   2044
1490   2044
1500   2044
1510   2044
1520   2044
1530   2044
1540   2044
1550   2044
1560   2044
1570   2044
1580   2044
1590   2044
1600   2044
1610   2044
1620   2044
1630   2044
1640   2044
1650   2044
1660   2044
1670   2044
1680   2044
1690   2044
1700   2044
1710   2044
1720   2044
1730   2044
1740   2044
1750   2044
1760   2044
1770   2044
1780   2044
1790   2044
1800   2044
1810   2044
1820   2044
1830   2044
1840   2044
1850   2044
1860   2044
1870   2044
1880   2044
1890   2044
1900   2044
1910   2044
1920   2044
1930   2044
1940   2044
1950   2044
1960   2044
1970   2044
1980   2044
1990   2044
2000   2044
2010   2044
2020   2044
2030   2044
2040   2044
2050   2044
2060   2044
2070   2044
2080   2044
2090   2044
2100   2044
2110   2044
2120   2044
2130   2044
2140   2044
2150   2044
2160   2044
2170   2044
2180   2044
2190   2044
2200   2044
2210   2044
2220   2044
2230   2044
2240   2044
2250   2044
2260   2044
2270   2044
2280   2008
2290   2008
2300   2008
2310   2008
2320   2008
2330   2008
2340   2008
2350   2008
2360   2008
2370   2008
2380   2008
2390   2008
2400   2008
2410   2008
2420   2008
2430   2008
2440   2008
2450   2008
2460   2008
2470   2008
2480   2008
2490   2008
2500   2008
2510   2008
2520   2008
2530   2008
2540   2008
2550   2008
2560   2008
2570   2008
2580   2008
2590   2008
2600   2008
2610   2008
2620   2008
2630   2008
2640   2008
2650   2008
2660   2008
2670   2008
2680   2008
2690   2008
2700   2008
2710   2008
2720   2008
2730   2008
2740   2008
2750   2008
2760   2008
2770   2008
2780   2008
2790   2008
2800   2008
2810   2008
2820   2008
2830   2008
2840   2008
2850   2008
2860   2008
2870   2008
2880   2008
2890   2008
2900   2008
2910   2008
2920   2008
2930   2008
2940   2008
2950   2008
2960   2008
2970   2008
2980   2008
2990   2008
3000   2008
3010   2008
3020   2008
3030   2008
3040   2008
3050   2008
3060   2008
3070   2008
3080   2008
3090   2008
3100   2008
3110   2008
3120   2008
3130   2008
3140   2008
3150   2008
3160   2008
3170   2008
3180   2008
3190   2008
3200   2008
3210   2008
3220   2008
3230   2008
3240   2008
3250   2008
3260   2008
3270   2008
3280   2008
3290   2008
3300   2008
3310   2008
3320   2008
3330   2008
3340   2008
3350   2008
3360   2008
3370   2008
3380   2008
3390   2008
3400   2008
3410   2008
3420   2008
3430   2008
3440   2008
3450   2008
3460   2008
3470   2008
3480   2008
3490   2008
3500   2008
3510   2008
3520   2008
3530   2008
3540   2008
3550   2008
3560   2008
3570   2008
3580   2008
3590   2008
3600   2008
3610   2008
3620   2008
3630   2008
3640   2008
3650   2008
3660   2008
3670   2008
3680   2008
3690   2008
3700   2008
3710   2008
3720   2008
3730   2008
3740   2008
3750   2008
3760   2008
3770   2008
3780   2008
3790   2008
3800   2008
3810   2008
3820   2008
3830   2008
3840   2008
3850   2008
3860   2008
3870   2008
3880   2008
3890   2008
3900   2008
3910   2008
3920   2008
3930   2008
3940   2008
3950   2008
3960   2008
3970   2008
3980   2008
3990   2008
4000   2008
4010   2008
4020   2008
4030   2008
4040   2008
4050   2008
4060   2008
4070   2008
4080   2008
4090   2008
4100   2008
4110   2008
4120   2008
4130   2008
4140   2008
4150   2008
4160   2008
4170   2008
4180   2008
4190   2008
4200   2008
4210   2008
4220   2008
4230   2008
4240   2008
4250   2008
4260   2008
4270   2008
4280   2008
4290   2008
4300   2008
4310   2008
4320   2008
4330   2008
4340   2008
4350   2008
4360   2008
4370   2008
4380   2008
4390   2008
4400   2008
4410   2008
4420   2008
4430   2008
4440   2008
4450   2008
4460   2008
4470   2008
4480   2008
4490   2008
4500   2008
4510   2008
4520   2008
4530   2008
4540   2008
4550   2008
4560   2008
4570   2008
4580   2008
4590   2008
4600   2008
4610   2008
4620   2008
4630   2008
4640   2008
4650   2008
4660   2008
4670   2008
4680   2008
4690   2008
4700   2008
4710   2008
4720   2008
4730   2008
4740   2008
4750   2008
4760   2008
4770   2008
4780   2008
4790   2008
4800   2008
4810   2008
4820   2008
4830   2008
4840   2008
4850   2008
4860   2008
4870   2008
4880   2008
4890   2008
4900   2008
4910   2008
4920   2008
4930   2008
4940   2008
4950   2008
4960   2008
4970   2008
4980   2008
4990   2008
5000   2008
5010   2008
5020   2008
5030   2008
5040   2008
5050   2008
5060   2008
5070   2008
5080   2008
5090   2008
5100   2008
5110   2008
5120   2008
5130   2008
5140   2008
5150   2008
5160   2008
5170   2008
5180   2008
5190   2008
5200   2008
5210   2008
5220   2008
5230   2008
5240   2008
5250   2008
5260   2008
5270   2008
5280   2008
5290   2008
5300   2008
5310   2008
5320   2008
5330   2008
5340   2008
5350   2008
5360   2008
5370   2008
5380   2008
5390   2008
5400   2008
5410   2008
5420   2008
5430   2008
5440   2008
5450   2008
5460   2008
5470   2008
5480   2008
5490   2008
5500   2008
5510   2008
5520   2008
5530   2008
5540   2008
5550   2008
5560   2008
5570   2008
5580   2008
5590   2008
5600   2008
5610   2008
5620   2008
5630   2008
5640   2008
5650   2008
5660   2008
5670   2008
5680   2008
5690   2008
5700   2008
5710   2008
5720   2008
5730   2008
5740   2008
5750   2008
5760   2008
5770   2008
5780   2008
5790   2008
5800   2008
5810   2008
5820   2008
5830   2008
5840   2008
5850   2008
5860   2008
5870   2008
5880   2008
5890   2008
5900   2008
5910   2008
5920   2008
5930   2008
5940   2008
5950   2008
5960   2008
5970   2008
5980   2008
5990   2008
6000   2008
6010   2008
6020   2008
6030   2008
6040   2008
6050   2008
6060   2008
6070   2008
6080   2008
6090   2008
6100   2008
6110   2008
6120   2008
6130   2008
6140   2008
6150   2008
6160   2008
6170   2008
6180   2008
6190   2008
6200   2008
6210   2008
6220   2008
6230   2008
6240   2008
6250   2008
6260   2008
6270   2008
6280   2008
6290   2008
6300   2008
6310   2008
6320   2008
6330   2008
6340   2008
6350   2008
6360   2008
6370   2008
6380   2008
6390   2008
6400   2008
6410   2008
6420   2008
6430   2008
6440   2008
6450   2008
6460   2008
6470   2008
6480   2008
6490   2008
6500   2008
6510   2008
6520   2008
6530   2008
6540   2008
6550   2008
6560   2008
6570   2008
6580   2008
6590   2008
6600   2008
6610   2008
6620   2008
6630   2008
6640   2008
6650   2008
6660   2008
6670   2008
6680   2008
6690   2008
6700   2008
6710   2008
6720   2008
6730   2008
6740   2008
6750   2008
6760   2008
6770   2008
6780   2008
6790   2008
6800   2008
6810   2008
6820   2008
6830   2008
6840   2008
6850   2008
6860   2008
6870   2008
6880   2008
6890   2008
6900   2008
6910   2008
6920   2008
6930   2008
6940   2008
6950   2008
6960   2008
6970   2008
6980   2008
6990   2008
7000   2008
7010   2008
7020   2008
7030   2008
7040   2008
7050   2008
7060   2008
7070   2008
7080   2008
7090   2008
7100   2008
7110   2008
7120   2008
7130   2008
7140   2008
7150   2008
7160   2008
7170   2008
7180   2008
7190   2008
7200   2008
7210   2008
7220   2008
7230   2008
7240   2008
7250   2008
7260   2008
7270   2008
7280   2008
7290   2008
7300   2008
7310   2008
7320   2008
7330   2008
7340   2008
7350   2008
7360   2008
7370   2008
7380   1992
7390   1992
7400   1992
7410   1992
7420   1992
7430   1992
7440   1992
7450   1992
7460   1992
7470   1992
7480   1992
7490   1992
7500   1992
7510   1992
7520   1992
7530   1992
7540   1992
7550   1992
7560   1992
7570   1992
7580   1992
7590   1992
7600   1992
7610   1992
7620   1992
7630   1992
7640   1992
7650   1992
7660   1992
7670   1992
7680   1992
7690   1992
7700   1992
7710   1992
7720   1992
7730   1992
7740   1992
7750   1992
7760   1992
7770   1992
7780   1992
7790   1992
7800   1992
7810   1992
7820   1992
7830   1992
7840   1992
7850   1992
7860   1992
7870   1992
7880   1992
7890   1992
7900   1992
7910   1992
7920   1992
7930   1992
7940   1992
7950   1992
7960   1992
7970   1992
7980   1992
7990   1992
8000   1992
8010   1992
8020   1992
8030   1992
8040   1992
8050   1992
8060   1992
8070   1992
8080   1992
8090   1992
8100   1992
8110   1992
8120   1992
8130   1992
8140   1992
8150   1992
8160   1992
8170   1992
8180   1992
8190   1992
8200   1992
8210   1992
8220   1992
8230   1992
8240   1992
8250   1992
8260   1992
8270   1992
8280   1992
8290   1992
8300   1992
8310   1992
8320   1992
8330   1992
8340   1992
8350   1992
8360   1992
8370   1992
8380   1992
8390   1992
8400   1992
8410   1992
8420   1992
8430   1992
8440   1992
8450   1992
8460   1992
8470   1992
8480   1992
8490   1992
8500   1992
