10   2702
20   2684
30   2404
40   2404
50   2404
60   2404
70   2404
80   2404
90   2334
100   2270
110   2270
120   2270
130   2270
140   2270
150   2270
160   2270
170   2270
180   2270
190   2270
200   2270
210   2270
220   2270
230   2270
240   2270
250   2270
260   2270
270   2270
280   2270
290   2270
300   2270
310   2200
320   2200
330   2200
340   2200
350   2200
360   2200
370   2200
380   2200
390   2056
400   2056
410   2056
420   2056
430   2056
440   2056
450   2056
460   2056
470   2056
480   2056
490   2056
500   2056
510   2056
520   2056
530   2056
540   2056
550   2056
560   2056
570   2056
580   2056
590   2056
600   2056
610   2056
620   2056
630   2056
640   2056
650   2056
660   2056
670   2056
680   2056
690   2056
700   2056
710   2056
720   2056
730   2056
740   2056
750   2056
760   2056
770   2056
780   2056
790   2056
800   2056
810   2056
820   2056
830   2056
840   2056
850   2056
860   2056
870   2056
880   2056
890   2056
900   2056
910   2056
920   2056
930   2056
940   2056
950   2056
960   2056
970   2056
980   2056
990   2056
1000   2056
1010   2056
1020   2056
1030   2056
1040   2056
1050   2056
1060   2056
1070   2056
1080   2056
1090   2056
1100   2056
1110   2056
1120   2056
1130   2056
1140   2056
1150   2056
1160   2056
1170   2056
1180   2056
1190   2056
1200   2056
1210   2056
1220   2056
1230   2056
1240   2056
1250   2056
1260   2056
1270   2056
1280   2056
1290   2056
1300   2056
1310   2056
1320   2056
1330   2056
1340   2056
1350   2056
1360   2056
1370   2056
1380   2056
1390   2056
1400   2056
1410   2056
1420   2056
1430   2056
1440   2056
1450   2056
1460   2056
1470   2056
1480   2056
1490   2056
1500   2056
1510   2056
1520   2056
1530   2056
1540   2056
1550   2056
1560   2056
1570   2056
1580   2056
1590   2056
1600   2056
1610   2056
1620   2056
1630   2056
1640   2056
1650   2056
1660   2056
1670   2056
1680   2056
1690   2056
1700   2056
1710   2056
1720   2056
1730   2056
1740   2056
1750   2056
1760   2056
1770   2056
1780   2056
1790   2056
1800   2056
1810   2056
1820   2056
1830   2056
1840   2056
1850   2056
1860   2056
1870   2056
1880   2056
1890   2056
1900   2056
1910   2056
1920   2056
1930   2056
1940   2056
1950   2056
1960   2056
1970   2056
1980   2056
1990   2056
2000   2056
2010   2056
2020   2056
2030   2056
2040   2056
2050   2056
2060   2056
2070   2056
2080   2056
2090   2056
2100   2056
2110   2056
2120   2056
2130   2056
2140   2056
2150   2056
2160   2056
2170   2056
2180   2056
2190   2056
2200   2056
2210   2056
2220   2056
2230   2056
2240   2056
2250   2056
2260   2056
2270   2056
2280   2056
2290   2056
2300   2056
2310   2056
2320   2056
2330   2056
2340   2056
2350   2056
2360   2056
2370   2056
2380   2056
2390   2056
2400   2056
2410   2056
2420   2056
2430   2056
2440   2056
2450   2056
2460   2056
2470   2056
2480   2056
2490   2056
2500   2056
2510   2056
2520   2056
2530   2056
2540   2056
2550   2056
2560   2056
2570   2056
2580   2056
2590   2056
2600   2056
2610   2056
2620   2056
2630   2056
2640   2056
2650   2056
2660   2056
2670   2056
2680   2056
2690   2056
2700   2056
2710   2056
2720   2056
2730   2056
2740   2056
2750   2056
2760   2056
2770   2056
2780   2056
2790   2056
2800   2056
2810   2056
2820   2056
2830   2056
2840   2056
2850   2056
2860   2056
2870   2056
2880   2056
2890   2056
2900   2056
2910   2056
2920   2056
2930   2056
2940   2056
2950   2056
2960   2056
2970   2056
2980   2056
2990   2056
3000   2056
3010   2056
3020   2056
3030   2056
3040   2056
3050   2056
3060   2056
3070   2056
3080   2056
3090   2056
3100   2056
3110   2056
3120   2056
3130   2056
3140   2056
3150   2056
3160   2056
3170   2056
3180   2056
3190   2056
3200   2056
3210   2056
3220   2056
3230   2056
3240   2056
3250   2056
3260   2056
3270   2056
3280   2056
3290   2056
3300   2056
3310   2056
3320   2056
3330   2056
3340   2056
3350   2056
3360   2056
3370   2056
3380   2056
3390   2056
3400   2056
3410   2056
3420   2056
3430   2056
3440   2056
3450   2056
3460   2056
3470   2056
3480   2056
3490   2056
3500   2056
3510   2056
3520   2056
3530   2056
3540   2056
3550   2056
3560   2056
3570   2056
3580   2056
3590   2056
3600   2056
3610   2056
3620   2056
3630   2056
3640   2056
3650   2056
3660   2056
3670   2056
3680   2056
3690   2056
3700   2056
3710   2056
3720   2056
3730   2056
3740   2056
3750   2056
3760   2056
3770   2056
3780   2056
3790   2056
3800   2056
3810   2056
3820   2056
3830   2056
3840   2056
3850   2056
3860   2056
3870   2056
3880   2056
3890   2056
3900   2056
3910   2056
3920   2056
3930   2056
3940   2056
3950   2056
3960   2056
3970   2056
3980   2056
3990   2056
4000   2056
4010   2056
4020   2056
4030   2056
4040   2056
4050   2056
4060   2056
4070   2056
4080   2056
4090   2048
4100   2048
4110   2048
4120   2048
4130   2048
4140   2048
4150   2048
4160   2048
4170   2048
4180   2048
4190   2048
4200   2048
4210   2048
4220   2048
4230   2048
4240   2048
4250   2048
4260   2048
4270   2048
4280   2048
4290   2048
4300   2048
4310   2048
4320   2048
4330   2048
4340   2048
4350   2048
4360   2048
4370   2048
4380   2048
4390   2048
4400   2048
4410   2048
4420   2048
4430   2048
4440   2048
4450   2048
4460   2048
4470   2048
4480   2048
4490   2048
4500   2048
4510   2048
4520   2048
4530   2048
4540   2048
4550   2048
4560   2048
4570   2048
4580   2048
4590   2048
4600   2048
4610   2048
4620   2048
4630   2048
4640   2048
4650   2048
4660   2048
4670   2048
4680   2048
4690   2048
4700   2048
4710   2048
4720   2048
4730   1960
4740   1960
4750   1960
4760   1960
4770   1960
4780   1960
4790   1960
4800   1960
4810   1960
4820   1960
4830   1960
4840   1960
4850   1960
4860   1960
4870   1960
4880   1960
4890   1960
4900   1960
4910   1960
4920   1960
4930   1960
4940   1960
4950   1960
4960   1960
4970   1960
4980   1960
4990   1960
5000   1960
5010   1960
5020   1960
5030   1960
5040   1960
5050   1960
5060   1960
5070   1960
5080   1960
5090   1960
5100   1960
5110   1960
5120   1960
5130   1960
5140   1960
5150   1960
5160   1960
5170   1960
5180   1960
5190   1960
5200   1960
5210   1960
5220   1960
5230   1960
5240   1960
5250   1960
5260   1960
5270   1960
5280   1960
5290   1960
5300   1960
5310   1960
5320   1960
5330   1960
5340   1960
5350   1960
5360   1960
5370   1960
5380   1960
5390   1960
5400   1960
5410   1960
5420   1960
5430   1960
5440   1960
5450   1960
5460   1960
5470   1960
5480   1960
5490   1960
5500   1960
5510   1960
5520   1960
5530   1960
5540   1960
5550   1960
5560   1960
5570   1960
5580   1960
5590   1960
5600   1960
5610   1960
5620   1960
5630   1960
5640   1960
5650   1960
5660   1960
5670   1960
5680   1960
5690   1960
5700   1960
5710   1960
5720   1960
5730   1960
5740   1960
5750   1960
5760   1960
5770   1960
5780   1960
5790   1960
5800   1960
5810   1960
5820   1960
5830   1960
5840   1960
5850   1960
5860   1960
5870   1960
5880   1960
5890   1960
5900   1960
5910   1960
5920   1960
5930   1960
5940   1960
5950   1960
5960   1960
5970   1960
5980   1960
5990   1960
6000   1960
6010   1960
6020   1960
6030   1960
6040   1960
6050   1960
6060   1960
6070   1960
6080   1960
6090   1960
6100   1960
6110   1960
6120   1960
6130   1960
6140   1960
6150   1960
6160   1960
6170   1960
6180   1960
6190   1960
6200   1960
6210   1960
6220   1960
6230   1960
6240   1960
6250   1960
6260   1960
6270   1960
6280   1960
6290   1960
6300   1960
6310   1960
6320   1960
6330   1960
6340   1960
6350   1960
6360   1960
6370   1960
6380   1960
6390   1960
6400   1960
6410   1960
6420   1960
6430   1960
6440   1960
6450   1960
6460   1960
6470   1960
6480   1960
6490   1960
6500   1960
6510   1956
6520   1956
6530   1956
6540   1956
6550   1956
6560   1956
6570   1956
6580   1956
6590   1956
6600   1956
6610   1956
6620   1956
6630   1956
6640   1956
6650   1956
6660   1956
6670   1956
6680   1956
6690   1956
6700   1956
6710   1956
6720   1956
6730   1956
6740   1956
6750   1956
6760   1956
6770   1956
6780   1956
6790   1956
6800   1956
6810   1956
6820   1956
6830   1956
6840   1956
6850   1956
6860   1956
6870   1956
6880   1956
6890   1956
6900   1956
6910   1956
6920   1956
6930   1956
6940   1956
6950   1956
6960   1956
6970   1956
6980   1956
6990   1956
7000   1956
7010   1956
7020   1956
7030   1956
7040   1956
7050   1956
7060   1956
7070   1956
7080   1956
7090   1956
7100   1956
7110   1956
7120   1956
7130   1956
7140   1956
7150   1956
7160   1956
7170   1956
7180   1956
7190   1956
7200   1956
7210   1956
7220   1956
7230   1956
7240   1956
7250   1956
7260   1956
7270   1956
7280   1956
7290   1956
7300   1956
7310   1956
7320   1956
7330   1956
7340   1956
7350   1956
7360   1956
7370   1956
7380   1956
7390   1956
7400   1956
7410   1956
7420   1956
7430   1956
7440   1956
7450   1956
7460   1956
7470   1956
7480   1956
7490   1956
7500   1956
7510   1956
7520   1956
7530   1956
7540   1956
7550   1956
7560   1956
7570   1956
7580   1956
7590   1956
7600   1956
7610   1956
7620   1956
7630   1956
7640   1956
7650   1956
7660   1956
7670   1956
7680   1956
7690   1956
7700   1956
7710   1956
7720   1956
7730   1956
7740   1956
7750   1956
7760   1956
7770   1956
7780   1956
7790   1956
7800   1956
7810   1956
7820   1956
7830   1956
7840   1956
7850   1956
7860   1956
7870   1956
7880   1956
7890   1956
7900   1956
7910   1956
7920   1956
7930   1956
7940   1956
7950   1956
7960   1956
7970   1956
7980   1956
7990   1956
8000   1956
8010   1956
8020   1956
8030   1956
8040   1956
8050   1956
8060   1956
8070   1956
8080   1956
8090   1956
8100   1956
8110   1956
8120   1956
8130   1956
8140   1956
8150   1956
8160   1956
8170   1956
8180   1956
8190   1956
8200   1956
8210   1956
8220   1956
8230   1956
8240   1956
8250   1956
8260   1956
8270   1956
8280   1956
8290   1956
8300   1956
8310   1956
8320   1956
8330   1956
8340   1956
8350   1956
8360   1956
8370   1956
8380   1956
8390   1956
8400   1956
8410   1956
8420   1956
8430   1956
8440   1956
8450   1956
8460   1956
8470   1956
8480   1956
8490   1956
8500   1956
8510   1956
8520   1956
8530   1956
8540   1956
8550   1956
8560   1956
8570   1956
8580   1956
8590   1956
8600   1956
8610   1956
8620   1956
8630   1956
8640   1956
8650   1956
8660   1956
8670   1956
8680   1956
8690   1936
8700   1936
8710   1936
8720   1936
8730   1936
8740   1936
8750   1936
8760   1936
8770   1936
8780   1936
8790   1936
8800   1936
8810   1936
8820   1936
8830   1936
8840   1936
8850   1936
8860   1936
8870   1936
8880   1936
8890   1936
8900   1936
8910   1936
8920   1936
8930   1936
8940   1936
8950   1936
8960   1936
8970   1936
8980   1936
8990   1936
9000   1936
9010   1936
9020   1936
9030   1936
9040   1936
9050   1936
9060   1936
9070   1936
9080   1936
9090   1936
9100   1936
9110   1936
9120   1936
9130   1936
9140   1936
9150   1936
9160   1936
9170   1936
9180   1936
9190   1936
9200   1936
9210   1936
9220   1936
9230   1936
9240   1936
9250   1936
9260   1936
9270   1936
9280   1936
9290   1936
9300   1936
9310   1936
9320   1936
9330   1936
9340   1936
9350   1936
9360   1936
9370   1936
9380   1936
9390   1936
9400   1936
9410   1936
9420   1936
9430   1936
9440   1936
9450   1936
9460   1936
9470   1936
9480   1936
9490   1936
9500   1936
9510   1936
9520   1936
9530   1936
9540   1936
9550   1936
9560   1936
9570   1936
9580   1936
9590   1936
9600   1936
9610   1936
9620   1936
9630   1936
9640   1936
9650   1936
9660   1936
9670   1936
9680   1936
9690   1936
9700   1936
9710   1936
9720   1936
9730   1936
9740   1936
9750   1936
9760   1936
9770   1936
9780   1936
9790   1936
9800   1936
9810   1936
9820   1936
9830   1936
9840   1936
9850   1936
9860   1936
9870   1936
9880   1936
9890   1936
9900   1936
9910   1936
9920   1936
9930   1936
9940   1936
9950   1936
9960   1936
9970   1936
9980   1936
9990   1936
10000   1936
10010   1936
10020   1936
10030   1936
10040   1936
10050   1936
10060   1936
10070   1936
10080   1936
10090   1936
10100   1936
10110   1936
10120   1936
10130   1936
10140   1936
10150   1936
10160   1936
10170   1936
10180   1936
10190   1936
10200   1936
10210   1936
10220   1936
10230   1936
10240   1936
10250   1936
10260   1936
10270   1936
10280   1936
10290   1936
10300   1936
10310   1936
10320   1936
10330   1936
10340   1936
10350   1936
10360   1936
10370   1936
10380   1936
10390   1936
10400   1936
10410   1936
10420   1936
10430   1936
10440   1936
10450   1936
10460   1936
10470   1936
10480   1936
10490   1936
