10   2528
20   2492
30   2492
40   2492
50   2476
60   2164
70   2164
80   2164
90   2164
100   2164
110   2164
120   2164
130   2164
140   2164
150   2164
160   2164
170   2164
180   2164
190   2164
200   2132
210   2132
220   2132
230   2132
240   2132
250   2132
260   2132
270   2132
280   2132
290   2132
300   2132
310   2132
320   2132
330   2132
340   2132
350   2132
360   2132
370   2132
380   2132
390   1998
400   1998
410   1998
420   1998
430   1998
440   1998
450   1998
460   1998
470   1998
480   1998
490   1998
500   1998
510   1998
520   1998
530   1998
540   1998
550   1998
560   1998
570   1998
580   1998
590   1998
600   1998
610   1998
620   1998
630   1998
640   1998
650   1998
660   1998
670   1998
680   1998
690   1998
700   1998
710   1998
720   1998
730   1998
740   1998
750   1998
760   1998
770   1998
780   1998
790   1998
800   1998
810   1998
820   1998
830   1998
840   1998
850   1998
860   1998
870   1998
880   1998
890   1998
900   1998
910   1998
920   1998
930   1998
940   1998
950   1998
960   1998
970   1998
980   1998
990   1998
1000   1998
1010   1998
1020   1998
1030   1998
1040   1998
1050   1998
1060   1998
1070   1998
1080   1998
1090   1998
1100   1998
1110   1998
1120   1998
1130   1998
1140   1998
1150   1998
1160   1998
1170   1998
1180   1998
1190   1998
1200   1998
1210   1998
1220   1998
1230   1998
1240   1998
1250   1998
1260   1998
1270   1998
1280   1998
1290   1998
1300   1998
1310   1998
1320   1998
1330   1998
1340   1998
1350   1932
1360   1932
1370   1932
1380   1932
1390   1932
1400   1932
1410   1932
1420   1932
1430   1932
1440   1932
1450   1932
1460   1932
1470   1932
1480   1932
1490   1932
1500   1932
1510   1932
1520   1932
1530   1932
1540   1932
1550   1932
1560   1932
1570   1932
1580   1932
1590   1932
1600   1932
1610   1932
1620   1932
1630   1932
1640   1932
1650   1932
1660   1932
1670   1932
1680   1932
1690   1932
1700   1932
1710   1932
1720   1932
1730   1932
1740   1932
1750   1932
1760   1932
1770   1932
1780   1932
1790   1932
1800   1932
1810   1932
1820   1932
1830   1932
1840   1932
1850   1932
1860   1932
1870   1932
1880   1932
1890   1932
1900   1932
1910   1932
1920   1932
1930   1932
1940   1932
1950   1932
1960   1932
1970   1932
1980   1932
1990   1932
2000   1932
2010   1932
2020   1932
2030   1932
2040   1932
2050   1932
2060   1932
2070   1932
2080   1932
2090   1932
2100   1932
2110   1932
2120   1932
2130   1932
2140   1932
2150   1932
2160   1932
2170   1932
2180   1932
2190   1932
2200   1932
2210   1932
2220   1932
2230   1932
2240   1932
2250   1932
2260   1932
2270   1932
2280   1932
2290   1932
2300   1932
2310   1932
2320   1932
2330   1932
2340   1932
2350   1932
2360   1932
2370   1932
2380   1932
2390   1932
2400   1932
2410   1932
2420   1932
2430   1932
2440   1932
2450   1932
2460   1932
2470   1932
2480   1932
2490   1932
2500   1932
2510   1932
2520   1932
2530   1932
2540   1932
2550   1932
2560   1932
2570   1932
2580   1932
2590   1932
2600   1932
2610   1932
2620   1932
2630   1932
2640   1932
2650   1932
2660   1932
2670   1932
2680   1932
2690   1932
2700   1932
2710   1932
2720   1932
2730   1932
2740   1932
2750   1932
2760   1932
2770   1932
2780   1932
2790   1932
2800   1932
2810   1932
2820   1932
2830   1932
2840   1932
2850   1932
2860   1932
2870   1932
2880   1932
2890   1932
2900   1932
2910   1932
2920   1932
2930   1932
2940   1932
2950   1932
2960   1932
2970   1932
2980   1932
2990   1932
3000   1932
3010   1932
3020   1932
3030   1932
3040   1932
3050   1932
3060   1932
3070   1932
3080   1932
3090   1932
3100   1932
3110   1932
3120   1932
3130   1932
3140   1932
3150   1932
3160   1932
3170   1932
3180   1932
3190   1932
3200   1932
3210   1932
3220   1932
3230   1932
3240   1932
3250   1932
3260   1932
3270   1932
3280   1932
3290   1932
3300   1932
3310   1932
3320   1932
3330   1932
3340   1932
3350   1932
3360   1932
3370   1932
3380   1932
3390   1932
3400   1932
3410   1932
3420   1932
3430   1932
3440   1932
3450   1932
3460   1932
3470   1932
3480   1932
3490   1932
3500   1932
3510   1932
3520   1932
3530   1932
3540   1932
3550   1932
3560   1932
3570   1932
3580   1932
3590   1932
3600   1932
3610   1932
3620   1932
3630   1932
3640   1932
3650   1932
3660   1932
3670   1932
3680   1932
3690   1932
3700   1932
3710   1932
3720   1932
3730   1932
3740   1932
3750   1932
3760   1932
3770   1932
3780   1932
3790   1932
3800   1932
3810   1932
3820   1932
3830   1932
3840   1932
3850   1932
3860   1932
3870   1932
3880   1932
3890   1932
3900   1932
3910   1932
3920   1932
3930   1932
3940   1932
3950   1932
3960   1932
3970   1932
3980   1932
3990   1932
4000   1932
4010   1932
4020   1932
4030   1932
4040   1932
4050   1932
4060   1932
4070   1932
4080   1932
4090   1932
4100   1932
4110   1932
4120   1932
4130   1932
4140   1932
4150   1932
4160   1932
4170   1932
4180   1932
4190   1932
4200   1932
4210   1932
4220   1932
4230   1932
4240   1932
4250   1932
4260   1932
4270   1932
4280   1932
4290   1932
4300   1932
4310   1932
4320   1932
4330   1932
4340   1932
4350   1932
4360   1932
4370   1932
4380   1932
4390   1932
4400   1932
4410   1932
4420   1932
4430   1932
4440   1932
4450   1932
4460   1932
4470   1932
4480   1932
4490   1932
4500   1932
4510   1932
4520   1932
4530   1932
4540   1932
4550   1932
4560   1932
4570   1932
4580   1932
4590   1932
4600   1932
4610   1932
4620   1932
4630   1932
4640   1932
4650   1932
4660   1932
4670   1932
4680   1932
4690   1932
4700   1932
4710   1932
4720   1932
4730   1932
4740   1932
4750   1932
4760   1932
4770   1932
4780   1932
4790   1932
4800   1932
4810   1932
4820   1932
4830   1932
4840   1932
4850   1932
4860   1932
4870   1932
4880   1932
4890   1932
4900   1932
4910   1932
4920   1932
4930   1932
4940   1932
4950   1932
4960   1932
4970   1932
4980   1932
4990   1932
5000   1932
5010   1932
5020   1932
5030   1932
5040   1932
5050   1932
5060   1932
5070   1932
5080   1932
5090   1932
5100   1932
5110   1932
5120   1932
5130   1932
5140   1932
5150   1932
5160   1932
5170   1932
5180   1932
5190   1932
5200   1932
5210   1932
5220   1932
5230   1932
5240   1932
5250   1932
5260   1932
5270   1932
5280   1932
5290   1932
5300   1932
5310   1932
5320   1932
5330   1932
5340   1932
5350   1932
5360   1932
5370   1932
5380   1932
5390   1932
5400   1932
5410   1932
5420   1932
5430   1932
5440   1932
5450   1932
5460   1932
5470   1932
5480   1932
5490   1932
5500   1932
5510   1932
5520   1932
5530   1932
5540   1932
5550   1932
5560   1932
5570   1932
5580   1932
5590   1932
5600   1932
5610   1932
5620   1932
5630   1932
5640   1932
5650   1932
5660   1932
5670   1932
5680   1932
5690   1932
5700   1932
5710   1932
5720   1932
5730   1932
5740   1932
5750   1932
5760   1932
5770   1932
5780   1932
5790   1932
5800   1932
5810   1932
5820   1932
5830   1932
5840   1932
5850   1932
5860   1932
5870   1932
5880   1932
5890   1932
5900   1932
5910   1932
5920   1932
5930   1932
5940   1932
5950   1932
5960   1932
5970   1932
5980   1932
5990   1932
6000   1932
6010   1932
6020   1932
6030   1932
6040   1932
6050   1932
6060   1932
6070   1932
6080   1932
6090   1932
6100   1932
6110   1932
6120   1932
6130   1932
6140   1932
6150   1932
6160   1932
6170   1932
6180   1932
6190   1932
6200   1932
6210   1932
6220   1932
6230   1932
6240   1932
6250   1932
6260   1932
6270   1932
6280   1932
6290   1932
6300   1932
6310   1932
6320   1932
6330   1932
6340   1932
6350   1932
6360   1932
6370   1932
6380   1932
6390   1932
6400   1932
6410   1932
6420   1932
6430   1932
6440   1932
6450   1932
6460   1932
6470   1932
6480   1932
6490   1932
6500   1932
6510   1932
6520   1932
6530   1932
6540   1932
6550   1932
6560   1932
6570   1932
6580   1932
6590   1932
6600   1932
6610   1932
6620   1932
6630   1932
6640   1932
6650   1932
6660   1932
6670   1932
6680   1932
6690   1932
6700   1932
6710   1932
6720   1932
6730   1932
6740   1932
6750   1932
6760   1932
6770   1932
6780   1932
6790   1932
6800   1932
6810   1932
6820   1932
6830   1932
6840   1932
6850   1932
6860   1932
6870   1932
6880   1932
6890   1932
6900   1932
6910   1932
6920   1932
6930   1932
6940   1932
6950   1932
6960   1932
6970   1932
6980   1932
6990   1932
7000   1932
7010   1932
7020   1932
7030   1932
7040   1932
7050   1932
7060   1932
7070   1932
7080   1932
7090   1932
7100   1932
7110   1932
7120   1932
7130   1932
7140   1932
7150   1932
7160   1932
7170   1932
7180   1932
7190   1932
7200   1932
7210   1932
7220   1932
7230   1932
7240   1932
7250   1932
7260   1932
7270   1932
7280   1932
7290   1932
7300   1932
7310   1932
7320   1932
7330   1932
7340   1932
7350   1932
7360   1932
7370   1932
7380   1932
7390   1932
7400   1932
7410   1932
7420   1932
7430   1932
7440   1932
7450   1932
7460   1932
7470   1932
7480   1932
7490   1932
7500   1932
7510   1932
7520   1932
7530   1932
7540   1932
7550   1932
7560   1932
7570   1932
7580   1932
7590   1932
7600   1932
7610   1932
7620   1932
7630   1932
7640   1932
7650   1932
7660   1932
7670   1932
7680   1932
7690   1932
7700   1932
7710   1932
7720   1932
7730   1932
7740   1932
7750   1932
7760   1932
7770   1932
7780   1932
7790   1932
7800   1932
7810   1932
7820   1932
7830   1932
7840   1932
7850   1932
7860   1932
7870   1932
7880   1932
7890   1932
7900   1932
7910   1932
7920   1932
7930   1932
7940   1932
7950   1932
7960   1932
7970   1932
7980   1932
7990   1932
8000   1932
8010   1932
8020   1932
8030   1932
8040   1932
8050   1932
8060   1932
8070   1932
8080   1932
8090   1932
8100   1932
8110   1932
8120   1932
8130   1932
8140   1932
8150   1932
8160   1932
8170   1932
8180   1932
8190   1932
8200   1932
8210   1932
8220   1932
8230   1932
8240   1932
8250   1932
8260   1932
8270   1932
8280   1932
8290   1932
8300   1932
8310   1932
8320   1932
8330   1932
8340   1932
8350   1932
8360   1932
8370   1932
8380   1932
8390   1932
8400   1932
8410   1932
8420   1932
8430   1932
8440   1932
8450   1932
8460   1932
