10   2584
20   2144
30   2144
40   2144
50   2144
60   2144
70   2144
80   2144
90   2144
100   2144
110   2144
120   2144
130   2144
140   2144
150   2144
160   2144
170   2144
180   2144
190   2144
200   2144
210   2144
220   2144
230   2144
240   2144
250   2144
260   2144
270   2144
280   2144
290   2144
300   2144
310   2144
320   2144
330   2144
340   2144
350   2144
360   2144
370   2144
380   2144
390   2144
400   2144
410   2144
420   2144
430   2144
440   2144
450   2120
460   2120
470   2120
480   2120
490   2120
500   2120
510   2120
520   2120
530   2120
540   2120
550   2120
560   2120
570   2120
580   2120
590   2120
600   2120
610   2120
620   2120
630   2120
640   2120
650   2120
660   2120
670   2120
680   2120
690   2120
700   2120
710   2120
720   2120
730   2120
740   2120
750   2120
760   2120
770   2120
780   2120
790   2120
800   2120
810   2120
820   2120
830   2120
840   2120
850   2120
860   2120
870   2120
880   2120
890   2120
900   2120
910   2120
920   2120
930   2120
940   2120
950   2120
960   2120
970   2120
980   2120
990   2120
1000   2120
1010   2120
1020   2120
1030   2120
1040   2120
1050   2120
1060   2120
1070   2120
1080   2120
1090   2120
1100   2120
1110   2120
1120   2120
1130   2120
1140   2120
1150   2120
1160   2120
1170   2120
1180   2120
1190   2120
1200   2120
1210   2120
1220   2120
1230   2120
1240   2120
1250   2120
1260   2120
1270   2120
1280   2048
1290   2048
1300   2048
1310   2048
1320   2048
1330   2048
1340   2048
1350   2048
1360   2048
1370   2048
1380   2048
1390   2048
1400   2048
1410   2048
1420   2048
1430   2048
1440   2048
1450   2048
1460   2048
1470   2048
1480   2048
1490   2048
1500   2048
1510   2048
1520   2048
1530   2048
1540   2048
1550   2048
1560   2048
1570   2048
1580   2048
1590   2048
1600   2048
1610   2048
1620   2048
1630   2048
1640   2048
1650   2048
1660   2048
1670   2048
1680   2048
1690   2048
1700   2048
1710   2048
1720   2048
1730   2048
1740   2048
1750   2048
1760   2048
1770   2048
1780   2048
1790   2048
1800   2048
1810   2048
1820   2048
1830   2048
1840   2048
1850   2048
1860   2048
1870   2048
1880   2048
1890   2048
1900   2048
1910   2048
1920   2048
1930   2048
1940   2048
1950   2048
1960   2048
1970   2048
1980   2048
1990   2048
2000   2048
2010   2048
2020   2048
2030   2048
2040   2048
2050   2048
2060   2048
2070   2048
2080   2048
2090   2048
2100   2048
2110   2048
2120   2048
2130   2048
2140   2048
2150   2048
2160   2048
2170   2048
2180   2048
2190   2048
2200   2048
2210   2048
2220   2048
2230   2048
2240   2048
2250   2048
2260   2048
2270   2048
2280   2048
2290   2048
2300   2048
2310   2048
2320   2048
2330   2048
2340   2048
2350   2048
2360   2048
2370   2048
2380   2048
2390   2048
2400   2048
2410   2048
2420   2048
2430   2048
2440   2048
2450   2048
2460   2048
2470   2048
2480   2048
2490   2048
2500   2048
2510   2048
2520   2048
2530   2048
2540   2048
2550   2048
2560   2048
2570   2048
2580   2048
2590   2048
2600   2048
2610   2048
2620   2048
2630   2048
2640   2048
2650   2048
2660   2048
2670   2048
2680   2048
2690   2048
2700   2048
2710   2048
2720   2048
2730   2048
2740   2048
2750   2048
2760   2048
2770   2048
2780   2048
2790   2048
2800   2048
2810   2048
2820   2048
2830   2048
2840   2048
2850   2048
2860   2048
2870   2048
2880   2048
2890   2048
2900   2048
2910   2048
2920   2048
2930   2048
2940   2048
2950   2048
2960   2048
2970   2048
2980   2048
2990   2048
3000   2048
3010   2048
3020   2048
3030   2048
3040   2048
3050   2048
3060   2048
3070   2048
3080   2048
3090   2048
3100   2048
3110   2048
3120   2048
3130   2048
3140   2048
3150   2048
3160   2048
3170   2048
3180   2048
3190   2048
3200   2048
3210   2048
3220   2048
3230   2048
3240   2048
3250   2048
3260   2048
3270   2048
3280   2048
3290   2048
3300   2048
3310   2048
3320   2048
3330   2048
3340   2048
3350   2048
3360   2048
3370   2048
3380   2048
3390   2048
3400   2048
3410   2048
3420   2048
3430   2048
3440   2048
3450   2048
3460   2048
3470   2048
3480   2048
3490   2048
3500   2048
3510   2048
3520   2048
3530   2048
3540   2048
3550   2048
3560   2048
3570   2048
3580   2048
3590   2048
3600   2048
3610   2048
3620   2048
3630   2048
3640   2048
3650   2048
3660   2048
3670   2048
3680   2048
3690   2048
3700   2048
3710   2048
3720   2048
3730   2048
3740   2048
3750   2048
3760   2048
3770   2048
3780   2048
3790   2048
3800   2048
3810   2048
3820   2048
3830   2048
3840   2048
3850   2048
3860   2048
3870   2048
3880   2048
3890   2048
3900   2048
3910   2048
3920   2048
3930   2048
3940   2048
3950   2048
3960   2048
3970   2048
3980   2048
3990   2048
4000   2048
4010   2048
4020   2048
4030   2048
4040   2048
4050   2048
4060   2048
4070   1984
4080   1984
4090   1984
4100   1984
4110   1984
4120   1984
4130   1984
4140   1984
4150   1984
4160   1984
4170   1984
4180   1984
4190   1984
4200   1984
4210   1984
4220   1984
4230   1984
4240   1984
4250   1984
4260   1984
4270   1984
4280   1984
4290   1984
4300   1984
4310   1984
4320   1984
4330   1984
4340   1984
4350   1984
4360   1984
4370   1984
4380   1984
4390   1984
4400   1984
4410   1984
4420   1984
4430   1984
4440   1984
4450   1984
4460   1984
4470   1984
4480   1984
4490   1984
4500   1984
4510   1984
4520   1984
4530   1984
4540   1984
4550   1984
4560   1984
4570   1984
4580   1984
4590   1984
4600   1984
4610   1984
4620   1984
4630   1984
4640   1984
4650   1984
4660   1984
4670   1984
4680   1984
4690   1984
4700   1984
4710   1984
4720   1984
4730   1984
4740   1984
4750   1984
4760   1984
4770   1984
4780   1984
4790   1984
4800   1984
4810   1984
4820   1984
4830   1984
4840   1984
4850   1984
4860   1984
4870   1984
4880   1984
4890   1984
4900   1984
4910   1984
4920   1984
4930   1984
4940   1984
4950   1984
4960   1984
4970   1984
4980   1984
4990   1984
5000   1984
5010   1984
5020   1984
5030   1984
5040   1984
5050   1984
5060   1984
5070   1984
5080   1984
5090   1984
5100   1984
5110   1984
5120   1984
5130   1984
5140   1984
5150   1984
5160   1984
5170   1984
5180   1984
5190   1984
5200   1984
5210   1984
5220   1984
5230   1984
5240   1984
5250   1984
5260   1984
5270   1984
5280   1984
5290   1984
5300   1984
5310   1984
5320   1984
5330   1984
5340   1984
5350   1984
5360   1984
5370   1984
5380   1984
5390   1984
5400   1984
5410   1984
5420   1984
5430   1984
5440   1984
5450   1984
5460   1984
5470   1984
5480   1984
5490   1984
5500   1984
5510   1984
5520   1984
5530   1984
5540   1984
5550   1984
5560   1984
5570   1984
5580   1984
5590   1984
5600   1984
5610   1984
5620   1984
5630   1984
5640   1984
5650   1984
5660   1984
5670   1984
5680   1984
5690   1984
5700   1984
5710   1984
5720   1984
5730   1984
5740   1984
5750   1984
5760   1984
5770   1984
5780   1984
5790   1984
5800   1984
5810   1984
5820   1984
5830   1984
5840   1984
5850   1984
5860   1984
5870   1984
5880   1984
5890   1984
5900   1984
5910   1984
5920   1984
5930   1984
5940   1984
5950   1984
5960   1984
5970   1984
5980   1984
5990   1984
6000   1984
6010   1984
6020   1984
6030   1984
6040   1984
6050   1984
6060   1984
6070   1984
6080   1984
6090   1984
6100   1984
6110   1984
6120   1984
6130   1984
6140   1984
6150   1984
6160   1984
6170   1984
6180   1984
6190   1984
6200   1984
6210   1984
6220   1984
6230   1984
6240   1984
6250   1984
6260   1984
6270   1984
6280   1984
6290   1984
6300   1984
6310   1984
6320   1984
6330   1984
6340   1984
6350   1984
6360   1984
6370   1984
6380   1984
6390   1984
6400   1984
6410   1984
6420   1984
6430   1984
6440   1984
6450   1984
6460   1984
6470   1984
6480   1984
6490   1984
6500   1984
6510   1984
6520   1984
6530   1984
6540   1984
6550   1984
6560   1984
6570   1984
6580   1984
6590   1984
6600   1984
6610   1984
6620   1984
6630   1984
6640   1984
6650   1984
6660   1984
6670   1984
6680   1984
6690   1984
6700   1984
6710   1984
6720   1984
6730   1984
6740   1984
6750   1984
6760   1984
6770   1984
6780   1984
6790   1984
6800   1984
6810   1984
6820   1984
6830   1984
6840   1984
6850   1984
6860   1984
6870   1984
6880   1984
6890   1984
6900   1984
6910   1984
6920   1984
6930   1984
6940   1984
6950   1984
6960   1984
6970   1984
6980   1984
6990   1984
7000   1984
7010   1984
7020   1984
7030   1984
7040   1984
7050   1984
7060   1984
7070   1984
7080   1984
7090   1984
7100   1984
7110   1984
7120   1984
7130   1984
7140   1984
7150   1984
7160   1984
7170   1984
7180   1984
7190   1984
7200   1984
7210   1984
7220   1984
7230   1984
7240   1984
7250   1984
7260   1984
7270   1984
7280   1984
7290   1984
7300   1984
7310   1984
7320   1984
7330   1984
7340   1984
7350   1984
7360   1984
7370   1984
7380   1984
7390   1984
7400   1984
7410   1984
7420   1984
7430   1984
7440   1984
7450   1984
7460   1984
7470   1984
7480   1984
7490   1984
7500   1984
7510   1984
7520   1984
7530   1984
7540   1984
7550   1984
7560   1984
7570   1984
7580   1984
7590   1984
7600   1984
7610   1984
7620   1984
7630   1984
7640   1984
7650   1984
7660   1984
7670   1984
7680   1984
7690   1984
7700   1984
7710   1984
7720   1984
7730   1984
7740   1984
7750   1984
7760   1984
7770   1984
7780   1984
7790   1984
7800   1984
7810   1984
7820   1984
7830   1984
7840   1984
7850   1984
7860   1984
7870   1984
7880   1984
7890   1984
7900   1984
7910   1984
7920   1984
7930   1984
7940   1984
7950   1984
7960   1984
7970   1984
7980   1984
7990   1984
8000   1984
8010   1984
8020   1984
8030   1984
8040   1984
8050   1984
8060   1984
8070   1984
8080   1984
8090   1984
8100   1984
8110   1984
8120   1984
8130   1984
8140   1984
8150   1984
8160   1984
8170   1984
8180   1984
8190   1984
8200   1984
8210   1984
8220   1984
8230   1984
8240   1984
8250   1984
8260   1984
8270   1984
8280   1984
8290   1984
8300   1984
8310   1984
8320   1984
8330   1984
8340   1984
8350   1984
8360   1984
8370   1984
8380   1984
8390   1984
8400   1984
8410   1984
8420   1984
8430   1984
8440   1984
8450   1984
8460   1984
8470   1984
8480   1984
8490   1984
8500   1984
8510   1984
8520   1984
8530   1984
8540   1984
8550   1984
8560   1984
8570   1984
8580   1984
8590   1984
8600   1984
8610   1984
8620   1984
8630   1984
8640   1984
8650   1984
8660   1984
8670   1984
8680   1984
8690   1984
8700   1984
8710   1984
8720   1984
8730   1984
8740   1984
8750   1984
8760   1984
8770   1984
8780   1984
8790   1984
8800   1984
8810   1984
8820   1984
8830   1984
8840   1984
8850   1984
8860   1984
8870   1984
8880   1984
8890   1984
8900   1984
8910   1984
8920   1984
8930   1984
8940   1984
8950   1984
8960   1984
8970   1984
8980   1984
8990   1984
9000   1984
9010   1984
9020   1984
9030   1984
9040   1984
9050   1984
9060   1984
9070   1984
9080   1984
9090   1984
9100   1984
9110   1984
9120   1984
9130   1984
9140   1984
9150   1984
9160   1984
9170   1984
9180   1984
9190   1984
9200   1984
9210   1984
9220   1984
9230   1984
9240   1984
9250   1984
9260   1984
9270   1984
9280   1984
9290   1984
9300   1984
9310   1984
9320   1984
9330   1984
9340   1984
9350   1984
9360   1984
9370   1984
9380   1984
9390   1968
9400   1968
9410   1968
9420   1968
9430   1968
9440   1968
9450   1968
9460   1968
9470   1968
9480   1968
9490   1968
9500   1968
9510   1968
9520   1968
9530   1968
9540   1968
9550   1968
9560   1968
9570   1968
9580   1968
9590   1968
9600   1968
9610   1968
9620   1968
9630   1968
9640   1968
9650   1968
9660   1968
9670   1968
9680   1968
9690   1968
9700   1872
9710   1872
9720   1872
9730   1872
9740   1872
9750   1872
9760   1872
9770   1872
9780   1872
9790   1872
9800   1872
9810   1872
9820   1872
9830   1872
9840   1872
9850   1872
9860   1872
9870   1872
9880   1872
9890   1872
9900   1872
9910   1872
9920   1872
9930   1872
9940   1872
9950   1872
9960   1872
9970   1872
9980   1872
9990   1872
10000   1872
10010   1872
10020   1872
10030   1872
10040   1872
10050   1872
10060   1872
10070   1872
10080   1872
10090   1872
10100   1872
10110   1872
10120   1872
10130   1872
10140   1872
10150   1872
10160   1872
10170   1872
10180   1872
10190   1872
10200   1872
10210   1872
10220   1872
10230   1872
10240   1872
10250   1872
10260   1872
10270   1872
10280   1872
10290   1872
10300   1872
10310   1872
10320   1872
10330   1872
10340   1872
10350   1872
10360   1872
10370   1872
10380   1872
10390   1872
10400   1872
10410   1872
10420   1872
10430   1872
10440   1872
10450   1872
10460   1872
10470   1872
10480   1872
10490   1872
10500   1872
10510   1872
10520   1872
10530   1872
10540   1872
