10   2598
20   2598
30   2598
40   2210
50   2210
60   2056
70   2056
80   2056
90   2056
100   2056
110   2056
120   2056
130   2056
140   2056
150   2056
160   2056
170   2056
180   2056
190   2056
200   2056
210   2056
220   2056
230   2056
240   2056
250   2056
260   2056
270   2056
280   2056
290   2056
300   2056
310   2056
320   2056
330   2056
340   2056
350   2056
360   2056
370   2056
380   2056
390   2056
400   2056
410   2008
420   2008
430   2008
440   2008
450   2008
460   2008
470   2008
480   2008
490   2008
500   2008
510   2008
520   2008
530   2008
540   2008
550   2008
560   2008
570   2008
580   2008
590   2008
600   2008
610   2008
620   2008
630   2008
640   2008
650   2008
660   2008
670   2008
680   2008
690   2008
700   2008
710   2008
720   2008
730   2008
740   2008
750   2008
760   2008
770   2008
780   2008
790   1972
800   1972
810   1972
820   1972
830   1972
840   1972
850   1972
860   1972
870   1972
880   1972
890   1972
900   1972
910   1972
920   1972
930   1972
940   1972
950   1972
960   1972
970   1972
980   1972
990   1972
1000   1972
1010   1972
1020   1972
1030   1972
1040   1972
1050   1972
1060   1972
1070   1972
1080   1972
1090   1972
1100   1972
1110   1972
1120   1972
1130   1972
1140   1972
1150   1972
1160   1972
1170   1972
1180   1972
1190   1972
1200   1972
1210   1972
1220   1972
1230   1972
1240   1972
1250   1972
1260   1972
1270   1972
1280   1972
1290   1972
1300   1972
1310   1972
1320   1972
1330   1972
1340   1972
1350   1972
1360   1972
1370   1972
1380   1972
1390   1972
1400   1972
1410   1972
1420   1972
1430   1972
1440   1972
1450   1972
1460   1972
1470   1972
1480   1972
1490   1972
1500   1972
1510   1972
1520   1972
1530   1972
1540   1972
1550   1972
1560   1972
1570   1972
1580   1972
1590   1972
1600   1972
1610   1972
1620   1972
1630   1972
1640   1972
1650   1972
1660   1972
1670   1972
1680   1972
1690   1972
1700   1972
1710   1972
1720   1972
1730   1972
1740   1972
1750   1972
1760   1972
1770   1972
1780   1972
1790   1972
1800   1972
1810   1972
1820   1972
1830   1972
1840   1972
1850   1972
1860   1972
1870   1972
1880   1972
1890   1972
1900   1972
1910   1972
1920   1972
1930   1972
1940   1972
1950   1972
1960   1972
1970   1972
1980   1972
1990   1972
2000   1972
2010   1972
2020   1972
2030   1972
2040   1972
2050   1972
2060   1972
2070   1972
2080   1972
2090   1972
2100   1972
2110   1972
2120   1972
2130   1972
2140   1972
2150   1972
2160   1972
2170   1972
2180   1972
2190   1972
2200   1972
2210   1972
2220   1972
2230   1972
2240   1972
2250   1972
2260   1972
2270   1972
2280   1972
2290   1972
2300   1972
2310   1972
2320   1972
2330   1972
2340   1972
2350   1972
2360   1972
2370   1972
2380   1972
2390   1972
2400   1972
2410   1972
2420   1972
2430   1972
2440   1972
2450   1972
2460   1972
2470   1972
2480   1972
2490   1972
2500   1972
2510   1972
2520   1972
2530   1972
2540   1972
2550   1972
2560   1972
2570   1972
2580   1972
2590   1972
2600   1972
2610   1972
2620   1972
2630   1972
2640   1972
2650   1972
2660   1972
2670   1972
2680   1972
2690   1972
2700   1972
2710   1972
2720   1972
2730   1972
2740   1972
2750   1972
2760   1972
2770   1972
2780   1972
2790   1972
2800   1972
2810   1972
2820   1972
2830   1972
2840   1972
2850   1972
2860   1972
2870   1972
2880   1972
2890   1972
2900   1972
2910   1972
2920   1972
2930   1972
2940   1972
2950   1972
2960   1972
2970   1972
2980   1972
2990   1972
3000   1972
3010   1972
3020   1972
3030   1972
3040   1972
3050   1972
3060   1972
3070   1972
3080   1972
3090   1972
3100   1972
3110   1972
3120   1972
3130   1972
3140   1972
3150   1972
3160   1972
3170   1972
3180   1972
3190   1972
3200   1972
3210   1972
3220   1972
3230   1972
3240   1972
3250   1972
3260   1972
3270   1972
3280   1972
3290   1972
3300   1972
3310   1972
3320   1972
3330   1972
3340   1972
3350   1972
3360   1972
3370   1972
3380   1972
3390   1972
3400   1972
3410   1972
3420   1972
3430   1972
3440   1972
3450   1972
3460   1972
3470   1972
3480   1972
3490   1972
3500   1972
3510   1972
3520   1972
3530   1972
3540   1972
3550   1972
3560   1972
3570   1972
3580   1972
3590   1972
3600   1972
3610   1972
3620   1972
3630   1972
3640   1972
3650   1972
3660   1972
3670   1972
3680   1972
3690   1972
3700   1972
3710   1972
3720   1972
3730   1972
3740   1972
3750   1972
3760   1972
3770   1972
3780   1972
3790   1972
3800   1972
3810   1972
3820   1972
3830   1972
3840   1972
3850   1972
3860   1972
3870   1972
3880   1972
3890   1972
3900   1972
3910   1972
3920   1972
3930   1972
3940   1972
3950   1972
3960   1972
3970   1972
3980   1972
3990   1972
4000   1972
4010   1972
4020   1972
4030   1972
4040   1972
4050   1972
4060   1972
4070   1972
4080   1972
4090   1972
4100   1972
4110   1972
4120   1972
4130   1972
4140   1972
4150   1972
4160   1972
4170   1972
4180   1972
4190   1972
4200   1972
4210   1972
4220   1972
4230   1972
4240   1972
4250   1972
4260   1972
4270   1972
4280   1972
4290   1972
4300   1972
4310   1972
4320   1972
4330   1972
4340   1972
4350   1972
4360   1972
4370   1972
4380   1972
4390   1972
4400   1972
4410   1972
4420   1972
4430   1972
4440   1972
4450   1972
4460   1972
4470   1972
4480   1972
4490   1972
4500   1972
4510   1972
4520   1972
4530   1972
4540   1972
4550   1972
4560   1972
4570   1972
4580   1972
4590   1972
4600   1972
4610   1972
4620   1972
4630   1904
4640   1904
4650   1904
4660   1904
4670   1904
4680   1904
4690   1904
4700   1904
4710   1904
4720   1904
4730   1904
4740   1904
4750   1904
4760   1904
4770   1904
4780   1904
4790   1904
4800   1904
4810   1904
4820   1904
4830   1904
4840   1904
4850   1904
4860   1904
4870   1904
4880   1904
4890   1904
4900   1904
4910   1904
4920   1904
4930   1904
4940   1904
4950   1904
4960   1904
4970   1904
4980   1904
4990   1904
5000   1904
5010   1904
5020   1904
5030   1904
5040   1904
5050   1904
5060   1904
5070   1904
5080   1904
5090   1904
5100   1904
5110   1904
5120   1904
5130   1904
5140   1904
5150   1904
5160   1904
5170   1904
5180   1904
5190   1904
5200   1904
5210   1904
5220   1904
5230   1904
5240   1904
5250   1904
5260   1904
5270   1904
5280   1904
5290   1904
5300   1904
5310   1904
5320   1904
5330   1904
5340   1904
5350   1904
5360   1904
5370   1904
5380   1904
5390   1904
5400   1904
5410   1904
5420   1904
5430   1904
5440   1904
5450   1904
5460   1904
5470   1904
5480   1904
5490   1904
5500   1904
5510   1904
5520   1904
5530   1904
5540   1904
5550   1904
5560   1904
5570   1904
5580   1904
5590   1904
5600   1904
5610   1904
5620   1904
5630   1904
5640   1904
5650   1904
5660   1904
5670   1904
5680   1904
5690   1904
5700   1904
5710   1904
5720   1904
5730   1904
5740   1904
5750   1904
5760   1904
5770   1904
5780   1904
5790   1904
5800   1904
5810   1904
5820   1904
5830   1904
5840   1904
5850   1904
5860   1904
5870   1904
5880   1904
5890   1904
5900   1904
5910   1904
5920   1904
5930   1904
5940   1904
5950   1904
5960   1904
5970   1904
5980   1904
5990   1904
6000   1904
6010   1904
6020   1904
6030   1904
6040   1904
6050   1904
6060   1904
6070   1904
6080   1904
6090   1904
6100   1904
6110   1904
6120   1904
6130   1904
6140   1904
6150   1904
6160   1904
6170   1904
6180   1904
6190   1904
6200   1904
6210   1904
6220   1904
6230   1904
6240   1904
6250   1904
6260   1904
6270   1904
6280   1904
6290   1904
6300   1904
6310   1904
6320   1904
6330   1904
6340   1904
6350   1904
6360   1904
6370   1904
6380   1904
6390   1904
6400   1904
6410   1904
6420   1904
6430   1904
6440   1904
6450   1904
6460   1904
6470   1904
6480   1904
6490   1904
6500   1904
6510   1904
6520   1904
6530   1904
6540   1904
6550   1904
6560   1904
6570   1904
6580   1904
6590   1904
6600   1904
6610   1904
6620   1904
6630   1904
6640   1904
6650   1904
6660   1904
6670   1904
6680   1904
6690   1904
6700   1904
6710   1904
6720   1904
6730   1904
6740   1904
6750   1904
6760   1904
6770   1904
6780   1904
6790   1904
6800   1904
6810   1904
6820   1904
6830   1904
6840   1904
6850   1904
6860   1904
6870   1904
6880   1904
6890   1904
6900   1904
6910   1904
6920   1904
6930   1904
6940   1904
6950   1904
6960   1904
6970   1904
6980   1904
6990   1904
7000   1904
7010   1904
7020   1904
7030   1904
7040   1904
7050   1904
7060   1904
7070   1904
7080   1904
7090   1904
7100   1904
7110   1904
7120   1904
7130   1904
7140   1904
7150   1904
7160   1904
7170   1904
7180   1904
7190   1904
7200   1904
7210   1904
7220   1904
7230   1904
7240   1904
7250   1904
7260   1904
7270   1904
7280   1904
7290   1904
7300   1904
7310   1904
7320   1904
7330   1904
7340   1904
7350   1904
7360   1904
7370   1904
7380   1904
7390   1904
7400   1904
7410   1904
7420   1904
7430   1904
7440   1904
7450   1904
7460   1904
7470   1904
7480   1904
7490   1904
7500   1904
7510   1904
7520   1904
7530   1904
7540   1904
7550   1904
7560   1904
7570   1904
7580   1904
7590   1904
7600   1904
7610   1904
7620   1904
7630   1904
7640   1904
7650   1904
7660   1904
7670   1904
7680   1904
7690   1904
7700   1904
7710   1904
7720   1904
7730   1904
7740   1904
7750   1904
7760   1904
7770   1904
7780   1904
7790   1904
7800   1904
7810   1904
7820   1904
7830   1904
7840   1904
7850   1904
7860   1904
7870   1904
7880   1904
7890   1904
7900   1904
7910   1904
7920   1904
7930   1904
7940   1904
7950   1904
7960   1904
7970   1904
7980   1904
7990   1904
8000   1904
8010   1904
8020   1904
8030   1904
8040   1904
8050   1904
8060   1904
8070   1904
8080   1904
8090   1904
8100   1904
8110   1904
8120   1904
8130   1904
8140   1904
8150   1904
8160   1904
8170   1904
8180   1904
8190   1904
8200   1904
8210   1904
8220   1904
8230   1904
8240   1904
8250   1904
8260   1904
8270   1904
8280   1904
8290   1904
8300   1904
8310   1904
8320   1904
8330   1904
8340   1904
8350   1904
8360   1904
8370   1904
8380   1904
8390   1904
8400   1904
8410   1904
8420   1904
8430   1904
8440   1904
8450   1904
8460   1904
8470   1904
8480   1904
8490   1904
8500   1904
8510   1904
8520   1904
8530   1904
8540   1904
8550   1904
8560   1904
8570   1904
8580   1904
8590   1904
8600   1904
8610   1904
8620   1904
8630   1904
8640   1904
8650   1904
8660   1904
8670   1904
8680   1904
8690   1904
8700   1904
8710   1904
8720   1904
8730   1904
8740   1904
8750   1904
8760   1904
8770   1904
8780   1904
8790   1904
8800   1904
8810   1904
8820   1904
8830   1904
8840   1904
8850   1904
8860   1904
8870   1904
8880   1904
8890   1904
8900   1904
8910   1904
8920   1904
8930   1904
8940   1904
8950   1904
8960   1904
8970   1904
8980   1904
8990   1904
9000   1904
9010   1904
9020   1904
9030   1904
9040   1904
9050   1904
9060   1904
9070   1904
9080   1904
9090   1904
9100   1904
9110   1904
9120   1904
9130   1904
9140   1904
9150   1904
9160   1904
9170   1904
9180   1904
9190   1904
9200   1904
9210   1904
9220   1904
9230   1904
9240   1904
9250   1904
9260   1904
9270   1904
9280   1904
9290   1904
9300   1904
9310   1904
9320   1904
9330   1904
9340   1904
9350   1904
9360   1904
9370   1904
9380   1904
9390   1904
9400   1904
9410   1904
9420   1904
9430   1904
9440   1904
9450   1904
9460   1904
9470   1904
9480   1904
9490   1904
9500   1904
9510   1904
9520   1904
9530   1904
9540   1904
9550   1904
9560   1904
9570   1904
9580   1904
9590   1904
9600   1904
9610   1904
9620   1904
9630   1904
9640   1904
9650   1904
9660   1904
9670   1904
9680   1904
9690   1904
9700   1904
9710   1904
9720   1904
9730   1904
9740   1904
9750   1904
9760   1904
9770   1904
9780   1904
9790   1904
9800   1904
9810   1904
9820   1904
9830   1904
9840   1904
9850   1904
9860   1904
9870   1904
9880   1904
9890   1904
9900   1904
9910   1904
9920   1904
9930   1904
9940   1904
9950   1904
9960   1904
9970   1904
9980   1904
9990   1904
10000   1904
10010   1904
10020   1904
10030   1904
10040   1904
10050   1904
10060   1904
10070   1904
10080   1904
10090   1904
10100   1904
10110   1904
10120   1904
10130   1904
10140   1904
10150   1904
10160   1904
10170   1904
10180   1904
10190   1904
10200   1904
10210   1904
10220   1904
10230   1904
10240   1904
10250   1904
10260   1904
10270   1904
10280   1904
10290   1904
10300   1904
10310   1904
10320   1904
10330   1904
10340   1904
10350   1904
10360   1904
10370   1904
10380   1904
10390   1904
10400   1904
10410   1904
10420   1904
10430   1904
10440   1904
10450   1904
10460   1904
10470   1904
10480   1904
10490   1904
10500   1904
10510   1904
10520   1904
10530   1904
10540   1904
10550   1904
10560   1904
10570   1904
10580   1904
10590   1904
10600   1904
10610   1904
