10   2830
20   2830
30   2824
40   2774
50   2774
60   2774
70   2774
80   2742
90   2742
100   2742
110   2742
120   2742
130   2742
140   2656
150   2656
160   2656
170   2656
180   2656
190   2656
200   2656
210   2634
220   2486
230   2486
240   2486
250   2486
260   2486
270   2486
280   2486
290   2486
300   2486
310   2486
320   2486
330   2486
340   2486
350   2486
360   2486
370   2486
380   2486
390   2486
400   2486
410   2486
420   2486
430   2486
440   2486
450   2486
460   2486
470   2486
480   2486
490   2486
500   2486
510   2486
520   2486
530   2486
540   2486
550   2486
560   2486
570   2486
580   2486
590   2486
600   2486
610   2486
620   2486
630   2486
640   2486
650   2486
660   2486
670   2486
680   2486
690   2486
700   2486
710   2486
720   2486
730   2486
740   2486
750   2486
760   2486
770   2486
780   2486
790   2486
800   2486
810   2486
820   2486
830   2486
840   2486
850   2486
860   2486
870   2486
880   2486
890   2486
900   2486
910   2478
920   2478
930   2478
940   2478
950   2478
960   2478
970   2478
980   2478
990   2478
1000   2478
1010   2478
1020   2478
1030   2478
1040   2478
1050   2478
1060   2478
1070   2478
1080   2478
1090   2478
1100   2478
1110   2478
1120   2478
1130   2478
1140   2478
1150   2478
1160   2478
1170   2478
1180   2478
1190   2478
1200   2478
1210   2478
1220   2478
1230   2478
1240   2478
1250   2478
1260   2478
1270   2478
1280   2478
1290   2478
1300   2478
1310   2478
1320   2478
1330   2478
1340   2478
1350   2478
1360   2478
1370   2478
1380   2478
1390   2478
1400   2478
1410   2478
1420   2478
1430   2478
1440   2478
1450   2478
1460   2478
1470   2478
1480   2478
1490   2478
1500   2478
1510   2478
1520   2478
1530   2478
1540   2478
1550   2478
1560   2478
1570   2478
1580   2478
1590   2478
1600   2478
1610   2478
1620   2478
1630   2478
1640   2478
1650   2478
1660   2478
1670   2478
1680   2478
1690   2478
1700   2478
1710   2478
1720   2478
1730   2478
1740   2478
1750   2478
1760   2478
1770   2478
1780   2478
1790   2478
1800   2478
1810   2478
1820   2478
1830   2478
1840   2478
1850   2478
1860   2478
1870   2478
1880   2478
1890   2478
1900   2478
1910   2478
1920   2478
1930   2478
1940   2478
1950   2334
1960   2334
1970   2334
1980   2334
1990   2334
2000   2334
2010   2334
2020   2334
2030   2334
2040   2334
2050   2334
2060   2334
2070   2334
2080   2334
2090   2334
2100   2334
2110   2334
2120   2334
2130   2334
2140   2334
2150   2334
2160   2334
2170   2334
2180   2334
2190   2334
2200   2334
2210   2334
2220   2334
2230   2334
2240   2334
2250   2334
2260   2334
2270   2334
2280   2334
2290   2334
2300   2334
2310   2334
2320   2334
2330   2334
2340   2334
2350   2334
2360   2334
2370   2334
2380   2334
2390   2334
2400   2334
2410   2334
2420   2334
2430   2334
2440   2334
2450   2334
2460   2334
2470   2334
2480   2334
2490   2334
2500   2334
2510   2334
2520   2334
2530   2334
2540   2334
2550   2334
2560   2334
2570   2334
2580   2334
2590   2334
2600   2334
2610   2334
2620   2334
2630   2334
2640   2334
2650   2334
2660   2334
2670   2334
2680   2334
2690   2334
2700   2334
2710   2334
2720   2334
2730   2334
2740   2334
2750   2334
2760   2334
2770   2334
2780   2334
2790   2334
2800   2334
2810   2334
2820   2334
2830   2334
2840   2334
2850   2334
2860   2334
2870   2334
2880   2334
2890   2334
2900   2334
2910   2334
2920   2334
2930   2334
2940   2334
2950   2334
2960   2334
2970   2334
2980   2334
2990   2334
3000   2334
3010   2334
3020   2334
3030   2334
3040   2334
3050   2334
3060   2334
3070   2334
3080   2334
3090   2334
3100   2334
3110   2334
3120   2334
3130   2334
3140   2334
3150   2334
3160   2334
3170   2334
3180   2334
3190   2334
3200   2334
3210   2334
3220   2334
3230   2334
3240   2334
3250   2334
3260   2334
3270   2334
3280   2334
3290   2334
3300   2334
3310   2334
3320   2334
3330   2334
3340   2334
3350   2334
3360   2334
3370   2334
3380   2334
3390   2334
3400   2334
3410   2334
3420   2334
3430   2334
3440   2334
3450   2334
3460   2334
3470   2334
3480   2334
3490   2334
3500   2334
3510   2334
3520   2334
3530   2334
3540   2334
3550   2334
3560   2334
3570   2334
3580   2334
3590   2334
3600   2334
3610   2334
3620   2334
3630   2334
3640   2334
3650   2334
3660   2334
3670   2334
3680   2334
3690   2334
3700   2334
3710   2334
3720   2334
3730   2334
3740   2334
3750   2334
3760   2334
3770   2334
3780   2334
3790   2334
3800   2334
3810   2334
3820   2334
3830   2334
3840   2334
3850   2334
3860   2334
3870   2334
3880   2334
3890   2334
3900   2334
3910   2334
3920   2334
3930   2334
3940   2334
3950   2334
3960   2334
3970   2334
3980   2334
3990   2334
4000   2334
4010   2334
4020   2334
4030   2334
4040   2334
4050   2334
4060   2334
4070   2334
4080   2334
4090   2334
4100   2334
4110   2334
4120   2334
4130   2334
4140   2334
4150   2334
4160   2334
4170   2334
4180   2334
4190   2334
4200   2334
4210   2334
4220   2334
4230   2334
4240   2334
4250   2334
4260   2334
4270   2334
4280   2334
4290   2334
4300   2334
4310   2334
4320   2334
4330   2334
4340   2334
4350   2334
4360   2334
4370   2334
4380   2334
4390   2334
4400   2334
4410   2334
4420   2334
4430   2334
4440   2334
4450   2334
4460   2334
4470   2334
4480   2334
4490   2334
4500   2334
4510   2334
4520   2334
4530   2334
4540   2334
4550   2334
4560   2334
4570   2334
4580   2334
4590   2334
4600   2334
4610   2334
4620   2334
4630   2334
4640   2334
4650   2334
4660   2334
4670   2334
4680   2334
4690   2334
4700   2334
4710   2334
4720   2334
4730   2334
4740   2334
4750   2334
4760   2334
4770   2334
4780   2334
4790   2334
4800   2334
4810   2334
4820   2334
4830   2334
4840   2334
4850   2334
4860   2334
4870   2334
4880   2334
4890   2334
4900   2334
4910   2334
4920   2334
4930   2334
4940   2334
4950   2334
4960   2334
4970   2334
4980   2334
4990   2334
5000   2334
5010   2334
5020   2334
5030   2334
5040   2334
5050   2334
5060   2334
5070   2334
5080   2334
5090   2334
5100   2334
5110   2334
5120   2334
5130   2334
5140   2334
5150   2334
5160   2334
5170   2334
5180   2334
5190   2334
5200   2334
5210   2334
5220   2334
5230   2334
5240   2334
5250   2334
5260   2334
5270   2334
5280   2334
5290   2334
5300   2334
5310   2334
5320   2334
5330   2334
5340   2334
5350   2334
5360   2334
5370   2334
5380   2334
5390   2334
5400   2334
5410   2334
5420   2334
5430   2334
5440   2334
5450   2334
5460   2334
5470   2334
5480   2334
5490   2334
5500   2334
5510   2334
5520   2334
5530   2334
5540   2334
5550   2334
5560   2334
5570   2334
5580   2334
5590   2334
5600   2334
5610   2334
5620   2334
5630   2334
5640   2334
5650   2334
5660   2334
5670   2334
5680   2334
5690   2334
5700   2334
5710   2334
5720   2334
5730   2334
5740   2334
5750   2334
5760   2334
5770   2334
5780   2334
5790   2334
5800   2334
5810   2334
5820   2334
5830   2334
5840   2334
5850   2334
5860   2334
5870   2334
5880   2334
5890   2334
5900   2334
5910   2334
5920   2334
5930   2334
5940   2334
5950   2334
5960   2334
5970   2334
5980   2334
5990   2334
6000   2334
6010   2334
6020   2334
6030   2334
6040   2334
6050   2334
6060   2334
6070   2334
6080   2334
6090   2334
6100   2334
6110   2334
6120   2334
6130   2334
6140   2334
6150   2334
6160   2334
6170   2334
6180   2334
6190   2334
6200   2334
6210   2334
6220   2334
6230   2334
6240   2334
6250   2334
6260   2334
6270   2334
6280   2334
6290   2334
6300   2334
6310   2334
6320   2334
6330   2334
6340   2334
6350   2334
6360   2334
6370   2334
6380   2334
6390   2334
6400   2334
6410   2334
6420   2334
6430   2334
6440   2334
6450   2334
6460   2334
6470   2334
6480   2334
6490   2334
6500   2334
6510   2334
6520   2334
6530   2334
6540   2334
6550   2334
6560   2334
6570   2334
6580   2334
6590   2334
6600   2334
6610   2334
6620   2334
6630   2334
6640   2334
6650   2334
6660   2334
6670   2334
6680   2334
6690   2334
6700   2334
6710   2334
6720   2334
6730   2334
6740   2334
6750   2334
6760   2334
6770   2334
6780   2334
6790   2334
6800   2334
6810   2334
6820   2334
6830   2334
6840   2334
6850   2334
6860   2334
6870   2334
6880   2334
6890   2334
6900   2334
6910   2334
6920   2334
6930   2334
6940   2334
6950   2334
6960   2334
6970   2334
6980   2334
6990   2334
7000   2334
7010   2334
7020   2334
7030   2334
7040   2334
7050   2334
7060   2334
7070   2334
7080   2334
7090   2334
7100   2334
7110   2334
7120   2334
7130   2334
7140   2334
7150   2334
7160   2334
7170   2334
7180   2334
7190   2334
7200   2334
7210   2334
7220   2334
7230   2334
7240   2334
7250   2334
7260   2334
7270   2334
7280   2334
7290   2334
7300   2334
7310   2334
7320   2334
7330   2334
7340   2334
7350   2334
7360   2334
7370   2334
7380   2334
7390   2334
7400   2334
7410   2334
7420   2334
7430   2334
7440   2334
7450   2334
7460   2334
7470   2334
7480   2334
7490   2334
7500   2334
7510   2334
7520   2334
7530   2334
7540   2334
7550   2334
7560   2334
7570   2334
7580   2334
7590   2334
7600   2334
7610   2334
7620   2334
7630   2334
7640   2334
7650   2334
7660   2334
7670   2334
7680   2334
7690   2334
7700   2334
7710   2334
7720   2334
7730   2334
7740   2334
7750   2334
7760   2334
7770   2334
7780   2334
7790   2334
7800   2334
7810   2334
7820   2334
7830   2334
7840   2334
7850   2334
7860   2334
7870   2334
7880   2334
7890   2334
7900   2334
7910   2334
7920   2334
7930   2334
7940   2334
7950   2334
7960   2334
7970   2334
7980   2334
7990   2334
8000   2334
8010   2334
8020   2334
8030   2334
8040   2334
8050   2334
8060   2334
8070   2334
8080   2334
8090   2334
8100   2334
8110   2334
8120   2122
8130   2122
8140   2122
8150   2122
8160   2122
8170   2122
8180   2122
8190   2122
8200   2122
8210   2122
8220   2122
8230   2122
8240   2122
8250   2122
8260   2122
8270   2122
8280   2122
8290   2122
8300   2122
8310   2122
8320   2122
8330   2122
8340   2122
8350   2122
8360   2122
8370   2122
8380   2122
8390   2122
8400   2122
8410   2122
8420   2122
8430   2122
8440   2122
8450   2122
8460   2122
8470   2122
8480   2122
8490   2122
8500   2122
8510   2122
8520   2122
8530   2122
8540   2122
8550   2122
8560   2122
8570   2122
8580   2122
8590   2122
8600   2122
8610   2122
8620   2122
8630   2122
8640   2122
8650   2122
8660   2122
8670   2122
8680   2122
8690   2122
8700   2122
8710   2122
8720   2122
8730   2122
8740   2122
8750   2122
8760   2122
8770   2122
8780   2122
8790   2122
8800   2122
8810   2122
8820   2122
8830   2122
8840   2122
8850   2122
8860   2122
8870   2122
8880   2122
8890   2122
8900   2122
8910   2122
8920   2122
8930   2122
8940   2122
8950   2122
8960   2122
8970   2122
8980   2122
8990   2122
9000   2122
9010   2122
9020   2122
9030   2122
9040   2122
9050   2122
9060   2122
