10   40990
20   40990
30   40990
40   40990
50   40990
60   40990
70   40990
80   40990
90   40990
100   40990
110   40990
120   40990
130   40990
140   40990
150   40990
160   40990
170   40990
180   40990
190   40990
200   40990
210   40772
220   40772
230   40244
240   40244
250   40244
260   40244
270   40244
280   40244
290   40244
300   40244
310   40244
320   40244
330   40244
340   39980
350   39980
360   39980
370   39980
380   39980
390   39980
400   39980
410   39980
420   39980
430   39980
440   39980
450   39980
460   39980
470   39980
480   39980
490   39980
500   39980
510   39980
520   39980
530   39980
540   39980
550   39980
560   39980
570   39980
580   39980
590   39980
600   39980
610   39980
620   39980
630   39980
640   39980
650   39980
660   39980
670   39980
680   39980
690   39980
700   39980
710   39980
720   39980
730   39980
740   39980
750   39980
760   39980
770   39980
780   39980
790   39386
800   39386
810   39386
820   39386
830   39386
840   39386
850   39386
860   39386
870   39386
880   39386
890   39386
900   39386
910   39386
920   39386
930   39386
940   39386
950   39386
960   39386
970   39386
980   39386
990   39386
1000   39386
1010   39386
1020   39386
1030   39386
1040   39386
1050   39386
1060   39386
1070   39386
1080   39386
1090   39386
1100   39386
1110   39386
1120   39386
1130   39386
1140   39386
1150   39386
1160   39386
1170   39386
1180   39386
1190   39386
1200   39386
1210   39386
1220   39386
1230   39386
1240   39386
1250   39386
1260   39386
1270   39386
1280   39386
1290   39386
1300   39386
1310   39386
1320   39386
1330   39386
1340   39386
1350   39386
1360   39386
1370   39386
1380   39386
1390   39386
1400   39386
1410   39386
1420   39386
1430   39386
1440   39386
1450   39386
1460   39386
1470   39386
1480   39386
1490   39386
1500   39386
1510   39386
1520   39386
1530   39386
1540   39386
1550   39386
1560   39386
1570   39386
1580   39386
1590   39386
1600   39386
1610   39386
1620   39386
1630   39386
1640   39386
1650   39386
1660   39386
1670   39386
1680   39386
1690   39386
1700   39386
1710   39386
1720   39386
1730   39386
1740   39386
1750   39386
1760   39386
1770   39386
1780   39386
1790   39386
1800   39386
1810   39386
1820   39386
1830   39386
1840   39386
1850   39386
1860   39386
1870   39386
1880   39386
1890   39386
1900   39386
1910   39386
1920   39386
1930   39386
1940   39386
1950   39386
1960   39386
1970   39386
1980   39386
1990   39386
2000   39386
2010   39386
2020   39386
2030   39386
2040   39386
2050   39386
2060   39386
2070   39386
2080   39386
2090   39386
2100   39386
2110   39386
2120   39386
2130   39386
2140   39386
2150   39386
2160   39386
2170   39386
2180   39386
2190   39386
2200   39386
2210   39386
2220   39386
2230   39386
2240   39386
2250   39386
2260   39386
2270   39386
2280   39386
2290   39386
2300   39386
2310   39386
2320   39386
2330   39386
2340   39386
2350   39386
2360   39386
2370   39386
2380   39386
2390   39386
2400   39386
2410   39386
2420   39386
2430   39386
2440   39386
2450   39386
2460   39386
2470   39386
2480   39386
2490   39386
2500   39386
2510   39386
2520   39386
2530   39386
2540   39386
2550   39386
2560   39386
2570   39386
2580   39386
2590   39386
2600   39386
2610   39386
2620   39386
2630   39386
2640   39386
2650   39386
2660   39386
2670   39386
2680   39386
2690   39386
2700   39386
2710   39386
2720   39386
2730   39386
2740   39386
2750   39386
2760   39386
2770   39386
2780   39386
2790   39386
2800   39386
2810   39386
2820   39386
2830   39386
2840   39386
2850   39386
2860   39386
2870   39386
2880   39386
2890   39386
2900   39386
2910   39386
2920   39386
2930   39386
2940   39386
2950   39386
2960   39386
2970   39386
2980   39386
2990   39386
3000   39386
3010   39386
3020   39386
3030   39386
3040   39386
3050   39386
3060   39386
3070   39386
3080   39386
3090   39386
3100   39386
3110   39386
3120   39386
3130   39386
3140   39386
3150   39386
3160   39386
3170   39386
3180   39386
3190   39386
3200   39386
3210   39386
3220   39386
3230   39386
3240   39386
3250   39386
3260   39386
3270   39386
3280   39386
3290   39386
3300   39386
3310   39386
3320   39386
3330   39386
3340   39386
3350   39386
3360   39386
3370   39386
3380   39386
3390   39386
3400   39386
3410   39386
3420   39386
3430   39386
3440   39386
3450   39386
3460   39386
3470   39386
3480   39386
3490   39386
3500   39386
3510   39386
3520   39386
3530   39386
3540   39386
3550   39386
3560   39386
3570   39386
