10   105996
20   105996
30   105996
40   105996
50   105996
60   105996
70   105996
80   105996
90   105996
100   105966
110   105966
120   105966
130   105966
140   105966
150   105966
160   105966
170   105966
180   105966
190   105966
200   105644
210   105644
220   105644
230   105644
240   104972
250   104972
260   104972
270   104972
280   104972
290   104972
300   104972
310   104972
320   104972
330   104972
340   104972
350   104972
360   104972
370   104972
380   104972
390   104972
400   104972
410   104972
420   104972
430   104640
440   104640
450   104640
460   104640
470   104640
480   104640
490   104640
500   104640
510   104640
520   104640
530   104640
540   104640
550   104640
560   104640
570   104640
580   104640
590   104640
600   104640
610   104640
620   104640
630   104640
640   104640
650   104640
660   104640
670   104640
680   104640
690   104640
700   104640
710   104640
720   104640
730   104640
740   104640
750   104640
760   104640
770   104640
780   104640
790   104640
800   104640
810   104640
820   104640
830   104640
840   104640
850   104640
860   104640
870   104640
880   104640
890   104640
900   104640
910   104640
920   104640
930   104640
940   104640
950   104640
960   104640
970   104640
980   104640
990   104640
1000   104640
1010   104640
1020   104640
1030   104640
1040   104640
1050   104640
1060   104640
1070   104640
1080   104640
1090   104640
1100   104640
1110   104640
1120   104640
1130   104640
1140   104640
1150   104640
1160   104640
1170   104640
1180   104640
1190   104640
1200   104640
1210   104640
1220   104640
1230   104640
1240   104640
1250   104640
1260   104640
1270   104640
1280   104640
1290   104640
1300   104640
1310   104640
1320   104640
1330   104640
1340   104640
1350   104640
1360   104640
1370   104640
1380   104640
1390   104640
1400   104640
1410   104640
1420   104640
1430   104640
1440   104640
1450   104640
1460   104640
1470   104640
1480   104640
1490   104640
1500   104640
1510   104640
1520   104640
1530   104640
1540   104640
1550   104640
1560   104640
1570   104640
1580   104640
1590   104640
1600   104640
1610   104640
1620   104640
1630   104640
1640   104640
1650   104640
1660   104640
1670   104640
1680   104640
1690   104640
1700   104640
1710   104640
1720   104640
1730   104640
1740   104640
1750   104640
1760   104640
1770   104640
1780   104640
1790   104640
1800   104640
1810   104640
1820   104640
1830   104640
1840   104640
1850   104640
1860   104640
1870   104640
1880   104640
1890   104640
1900   104640
1910   104640
1920   104640
1930   104640
1940   104640
1950   104640
1960   104640
1970   104640
1980   103688
1990   103688
2000   103688
2010   103688
2020   103688
2030   103688
2040   103688
2050   103688
2060   103688
2070   103688
2080   103688
2090   103688
2100   103688
2110   103688
2120   103688
2130   103688
2140   103688
2150   103688
2160   103688
2170   103688
2180   103688
2190   103688
2200   103688
2210   103688
2220   103688
2230   103688
2240   103688
2250   103688
2260   103688
2270   103688
2280   103688
2290   103688
2300   103688
2310   103688
2320   103688
2330   103688
2340   103688
2350   103688
2360   103688
2370   103688
2380   103688
2390   103688
2400   103688
2410   103688
2420   103688
2430   103688
2440   103688
2450   103688
2460   103688
2470   103688
2480   103688
2490   103688
2500   103688
2510   103688
2520   103688
2530   103688
2540   103688
2550   103688
2560   103688
2570   103688
2580   103688
2590   103688
2600   103688
2610   103688
2620   103688
2630   103688
2640   103688
2650   103688
2660   103688
2670   103688
2680   103688
2690   103688
2700   103688
2710   103688
2720   103688
2730   103688
2740   103688
2750   103688
2760   103688
2770   103688
2780   103688
2790   103688
2800   103688
2810   103688
2820   103688
2830   103688
2840   103688
2850   103688
2860   103688
2870   103688
2880   103688
2890   103688
2900   103688
2910   103688
2920   103688
2930   103688
2940   103688
2950   103688
2960   103688
2970   103688
2980   103688
2990   103688
3000   103688
3010   103688
3020   103688
3030   103688
3040   103688
3050   103688
3060   103688
3070   103688
3080   103688
3090   103688
3100   103688
3110   103688
3120   103688
3130   103688
3140   103688
3150   103688
3160   103688
3170   103688
3180   103688
3190   103688
3200   103688
3210   103688
3220   103688
3230   103688
3240   103688
3250   103688
3260   103688
3270   103688
3280   103688
3290   103688
3300   103688
3310   103688
3320   103688
3330   103688
3340   103688
3350   103688
3360   103688
3370   103688
3380   103688
3390   103688
3400   103688
3410   103688
3420   103688
3430   103688
3440   103688
3450   103688
3460   103688
3470   103688
3480   103688
