10   2928
20   2624
30   2624
40   2624
50   2504
60   2504
70   2504
80   2504
90   2504
100   2504
110   2504
120   2504
130   2504
140   2504
150   2504
160   2504
170   2504
180   2504
190   2504
200   2504
210   2504
220   2504
230   2488
240   2488
250   2488
260   2488
270   2488
280   2488
290   2488
300   2488
310   2488
320   2488
330   2488
340   2488
350   2488
360   2488
370   2488
380   2304
390   2304
400   2304
410   2304
420   2304
430   2304
440   2304
450   2304
460   2304
470   2304
480   2304
490   2304
500   2304
510   2304
520   2304
530   2304
540   2304
550   2304
560   2304
570   2304
580   2304
590   2304
600   2304
610   2304
620   2304
630   2304
640   2304
650   2304
660   2304
670   2304
680   2304
690   2304
700   2304
710   2304
720   2304
730   2304
740   2304
750   2304
760   2304
770   2304
780   2304
790   2304
800   2304
810   2304
820   2304
830   2304
840   2304
850   2304
860   2304
870   2304
880   2304
890   2304
900   2304
910   2304
920   2304
930   2304
940   2304
950   2304
960   2304
970   2304
980   2304
990   2304
1000   2304
1010   2304
1020   2304
1030   2304
1040   2304
1050   2304
1060   2304
1070   2304
1080   2304
1090   2304
1100   2304
1110   2304
1120   2304
1130   2304
1140   2304
1150   2304
1160   2304
1170   2304
1180   2304
1190   2304
1200   2304
1210   2304
1220   2304
1230   2304
1240   2304
1250   2304
1260   2304
1270   2304
1280   2304
1290   2304
1300   2304
1310   2304
1320   2304
1330   2304
1340   2304
1350   2304
1360   2304
1370   2304
1380   2304
1390   2304
1400   2304
1410   2304
1420   2304
1430   2304
1440   2304
1450   2304
1460   2304
1470   2304
1480   2304
1490   2304
1500   2304
1510   2304
1520   2304
1530   2304
1540   2304
1550   2304
1560   2304
1570   2304
1580   2304
1590   2304
1600   2304
1610   2304
1620   2304
1630   2304
1640   2304
1650   2304
1660   2304
1670   2304
1680   2304
1690   2304
1700   2304
1710   2304
1720   2304
1730   2304
1740   2304
1750   2304
1760   2304
1770   2304
1780   2304
1790   2304
1800   2304
1810   2304
1820   2304
1830   2304
1840   2304
1850   2304
1860   2304
1870   2304
1880   2304
1890   2304
1900   2304
1910   2304
1920   2304
1930   2304
1940   2304
1950   2304
1960   2304
1970   2304
1980   2304
1990   2304
2000   2304
2010   2304
2020   2304
2030   2304
2040   2304
2050   2304
2060   2304
2070   2304
2080   2304
2090   2304
2100   2304
2110   2304
2120   2304
2130   2304
2140   2304
2150   2304
2160   2304
2170   2304
2180   2304
2190   2304
2200   2304
2210   2304
2220   2304
2230   2304
2240   2304
2250   2304
2260   2304
2270   2304
2280   2304
2290   2304
2300   2304
2310   2304
2320   2304
2330   2304
2340   2304
2350   2304
2360   2304
2370   2304
2380   2304
2390   2304
2400   2304
2410   2304
2420   2304
2430   2304
2440   2304
2450   2304
2460   2304
2470   2304
2480   2304
2490   2304
2500   2304
2510   2304
2520   2304
2530   2304
2540   2304
2550   2304
2560   2304
2570   2304
2580   2304
2590   2304
2600   2304
2610   2304
2620   2304
2630   2304
2640   2304
2650   2304
2660   2304
2670   2304
2680   2304
2690   2304
2700   2304
2710   2304
2720   2304
2730   2304
2740   2304
2750   2304
2760   2304
2770   2304
2780   2304
2790   2304
2800   2304
2810   2304
2820   2304
2830   2304
2840   2304
2850   2304
2860   2304
2870   2304
2880   2304
2890   2304
2900   2304
2910   2304
2920   2304
2930   2304
2940   2304
2950   2304
2960   2304
2970   2304
2980   2304
2990   2304
3000   2304
3010   2304
3020   2304
3030   2304
3040   2304
3050   2304
3060   2304
3070   2304
3080   2304
3090   2304
3100   2304
3110   2304
3120   2304
3130   2304
3140   2304
3150   2304
3160   2304
3170   2304
3180   2304
3190   2304
3200   2304
3210   2304
3220   2304
3230   2304
3240   2304
3250   2304
3260   2304
3270   2304
3280   2304
3290   2304
3300   2304
3310   2304
3320   2304
3330   2304
3340   2304
3350   2304
3360   2304
3370   2304
3380   2304
3390   2304
3400   2304
3410   2304
3420   2304
3430   2304
3440   2304
3450   2304
3460   2304
3470   2304
3480   2304
3490   2304
3500   2304
3510   2304
3520   2304
3530   2304
3540   2304
3550   2304
3560   2304
3570   2304
3580   2304
3590   2304
3600   2304
3610   2304
3620   2304
3630   2304
3640   2304
3650   2304
3660   2304
3670   2304
3680   2304
3690   2304
3700   2304
3710   2304
3720   2304
3730   2304
3740   2304
3750   2304
3760   2304
3770   2304
3780   2304
3790   2304
3800   2304
3810   2304
3820   2304
3830   2304
3840   2304
3850   2304
3860   2304
3870   2304
3880   2304
3890   2304
3900   2304
3910   2304
3920   2304
3930   2304
3940   2304
3950   2304
3960   2304
3970   2304
3980   2304
3990   2304
4000   2304
4010   2304
4020   2304
4030   2304
4040   2304
4050   2304
4060   2304
4070   2304
4080   2304
4090   2304
4100   2304
4110   2304
4120   2304
4130   2304
4140   2304
4150   2304
4160   2304
4170   2304
4180   2304
4190   2304
4200   2304
4210   2304
4220   2304
4230   2304
4240   2304
4250   2304
4260   2304
4270   2304
4280   2304
4290   2304
4300   2304
4310   2304
4320   2304
4330   2304
4340   2304
4350   2304
4360   2304
4370   2304
4380   2304
4390   2304
4400   2304
4410   2304
4420   2304
4430   2304
4440   2304
4450   2304
4460   2304
4470   2304
4480   2304
4490   2304
4500   2304
4510   2304
4520   2304
4530   2304
4540   2304
4550   2304
4560   2304
4570   2304
4580   2304
4590   2304
4600   2304
4610   2304
4620   2304
4630   2304
4640   2304
4650   2304
4660   2304
4670   2304
4680   2304
4690   2304
4700   2304
4710   2304
4720   2304
4730   2304
4740   2304
4750   2304
4760   2304
4770   2304
4780   2304
4790   2304
4800   2304
4810   2304
4820   2304
4830   2304
4840   2304
4850   2304
4860   2304
4870   2304
4880   2304
4890   2304
4900   2304
4910   2304
4920   2304
4930   2304
4940   2304
4950   2304
4960   2304
4970   2304
4980   2304
4990   2304
5000   2304
5010   2304
5020   2304
5030   2304
5040   2304
5050   2304
5060   2304
5070   2304
5080   2304
5090   2304
5100   2304
5110   2304
5120   2304
5130   2304
5140   2304
5150   2304
5160   2304
5170   2304
5180   2304
5190   2304
5200   2304
5210   2304
5220   2304
5230   2304
5240   2304
5250   2304
5260   2304
5270   2304
5280   2304
5290   2304
5300   2304
5310   2304
5320   2304
5330   2304
5340   2304
5350   2304
5360   2304
5370   2304
5380   2304
5390   2304
5400   2304
5410   2304
5420   2304
5430   2304
5440   2304
5450   2304
5460   2304
5470   2304
5480   2304
5490   2304
5500   2304
5510   2304
5520   2304
5530   2304
5540   2304
5550   2304
5560   2304
5570   2304
5580   2304
5590   2304
5600   2304
5610   2304
5620   2304
5630   2304
5640   2304
5650   2304
5660   2304
5670   2304
5680   2304
5690   2304
5700   2304
5710   2304
5720   2304
5730   2304
5740   2304
5750   2304
5760   2304
5770   2304
5780   2304
5790   2304
5800   2304
5810   2304
5820   2304
5830   2304
5840   2304
5850   2304
5860   2304
5870   2304
5880   2304
5890   2304
5900   2304
5910   2304
5920   2304
5930   2304
5940   2304
5950   2304
5960   2304
5970   2304
5980   2304
5990   2304
6000   2304
6010   2304
6020   2304
6030   2304
6040   2304
6050   2304
6060   2304
6070   2304
6080   2304
6090   2304
6100   2304
6110   2304
6120   2304
6130   2304
6140   2304
6150   2304
6160   2304
6170   2304
6180   2304
6190   2304
6200   2304
6210   2304
6220   2304
6230   2304
6240   2304
6250   2304
6260   2304
6270   2304
6280   2304
6290   2304
6300   2304
6310   2304
6320   2304
6330   2304
6340   2304
6350   2304
6360   2304
6370   2304
6380   2304
6390   2304
6400   2304
6410   2304
6420   2304
6430   2304
6440   2304
6450   2304
6460   2304
6470   2304
6480   2304
6490   2304
6500   2304
6510   2304
6520   2304
6530   2304
6540   2304
6550   2304
6560   2304
6570   2304
6580   2304
6590   2304
6600   2304
6610   2304
6620   2304
6630   2304
6640   2304
6650   2304
6660   2304
6670   2304
6680   2304
6690   2304
6700   2304
6710   2304
6720   2304
6730   2304
6740   2304
6750   2304
6760   2304
6770   2304
6780   2304
6790   2304
6800   2304
6810   2304
6820   2304
6830   2304
6840   2304
6850   2304
6860   2304
6870   2304
6880   2304
6890   2304
6900   2304
6910   2304
6920   2304
6930   2304
6940   2304
6950   2304
6960   2304
6970   2304
6980   2304
6990   2304
7000   2304
7010   2304
7020   2304
7030   2304
7040   2304
7050   2304
7060   2304
7070   2304
7080   2304
7090   2304
7100   2304
7110   2304
7120   2304
7130   2304
7140   2304
7150   2304
7160   2304
7170   2304
7180   2304
7190   2304
7200   2304
7210   2304
7220   2304
7230   2304
7240   2304
7250   2304
7260   2304
7270   2304
7280   2304
7290   2304
7300   2304
7310   2304
7320   2304
7330   2304
7340   2304
7350   2304
7360   2304
7370   2304
7380   2304
7390   2304
7400   2304
7410   2304
7420   2304
7430   2304
7440   2304
7450   2304
7460   2304
7470   2304
7480   2304
7490   2304
7500   2304
7510   2304
7520   2304
7530   2304
7540   2304
7550   2304
7560   2304
7570   2304
7580   2304
7590   2304
7600   2304
7610   2304
7620   2304
7630   2304
7640   2304
7650   2304
7660   2304
7670   2304
7680   2304
7690   2304
7700   2304
7710   2304
7720   2304
7730   2304
7740   2304
7750   2304
7760   2304
7770   2304
7780   2304
7790   2304
7800   2304
7810   2304
7820   2304
7830   2304
7840   2304
7850   2304
7860   2304
7870   2304
7880   2304
7890   2304
7900   2304
7910   2304
7920   2304
7930   2304
7940   2304
7950   2304
7960   2304
7970   2304
7980   2304
7990   2304
8000   2304
8010   2304
8020   2304
8030   2304
8040   2304
8050   2304
8060   2304
8070   2304
8080   2304
8090   2304
8100   2304
8110   2304
8120   2304
8130   2304
8140   2304
8150   2304
8160   2304
8170   2304
8180   2304
8190   2304
8200   2304
8210   2304
8220   2304
8230   2304
8240   2304
8250   2304
8260   2304
8270   2304
8280   2304
8290   2304
8300   2304
8310   2304
8320   2304
8330   2304
8340   2304
8350   2304
8360   2304
8370   2304
8380   2304
8390   2304
8400   2304
8410   2304
8420   2304
8430   2304
8440   2304
8450   2304
8460   2304
8470   2304
8480   2304
8490   2304
8500   2304
8510   2304
8520   2304
8530   2304
8540   2304
8550   2304
8560   2304
8570   2304
8580   2304
8590   2304
8600   2304
8610   2304
8620   2304
8630   2304
8640   2304
8650   2304
8660   2304
8670   2304
8680   2304
8690   2304
8700   2304
8710   2304
8720   2304
8730   2304
8740   2304
8750   2304
8760   2304
8770   2304
8780   2304
8790   2304
8800   2304
8810   2304
8820   2304
8830   2304
8840   2304
8850   2304
8860   2304
8870   2304
8880   2304
8890   2304
8900   2304
8910   2304
