10   2784
20   2784
30   2424
40   2424
50   2424
60   2424
70   2424
80   2424
90   2424
100   2424
110   2424
120   2424
130   2424
140   2424
150   2424
160   2424
170   2424
180   2424
190   2424
200   2424
210   2424
220   2424
230   2424
240   2424
250   2424
260   2424
270   2424
280   2424
290   2424
300   2424
310   2424
320   2424
330   2424
340   2424
350   2424
360   2424
370   2424
380   2424
390   2424
400   2424
410   2424
420   2424
430   2424
440   2424
450   2424
460   2424
470   2424
480   2424
490   2424
500   2424
510   2424
520   2424
530   2424
540   2424
550   2424
560   2424
570   2424
580   2424
590   2424
600   2424
610   2424
620   2424
630   2424
640   2424
650   2424
660   2424
670   2424
680   2424
690   2424
700   2424
710   2424
720   2424
730   2424
740   2424
750   2424
760   2424
770   2424
780   2424
790   2424
800   2424
810   2424
820   2424
830   2424
840   2424
850   2424
860   2424
870   2424
880   2424
890   2424
900   2424
910   2424
920   2424
930   2424
940   2424
950   2424
960   2424
970   2424
980   2424
990   2424
1000   2424
1010   2424
1020   2424
1030   2424
1040   2424
1050   2424
1060   2424
1070   2424
1080   2424
1090   2424
1100   2424
1110   2424
1120   2424
1130   2424
1140   2424
1150   2424
1160   2424
1170   2424
1180   2424
1190   2424
1200   2424
1210   2424
1220   2424
1230   2424
1240   2424
1250   2424
1260   2424
1270   2424
1280   2424
1290   2424
1300   2424
1310   2424
1320   2424
1330   2424
1340   2424
1350   2424
1360   2424
1370   2296
1380   2296
1390   2296
1400   2296
1410   2296
1420   2296
1430   2296
1440   2296
1450   2296
1460   2296
1470   2296
1480   2296
1490   2296
1500   2296
1510   2296
1520   2296
1530   2296
1540   2296
1550   2296
1560   2296
1570   2296
1580   2296
1590   2296
1600   2296
1610   2296
1620   2296
1630   2296
1640   2296
1650   2296
1660   2296
1670   2296
1680   2296
1690   2296
1700   2296
1710   2296
1720   2296
1730   2296
1740   2296
1750   2296
1760   2296
1770   2296
1780   2296
1790   2296
1800   2296
1810   2296
1820   2296
1830   2296
1840   2296
1850   2296
1860   2296
1870   2296
1880   2296
1890   2296
1900   2296
1910   2296
1920   2296
1930   2296
1940   2296
1950   2296
1960   2296
1970   2296
1980   2296
1990   2296
2000   2296
2010   2296
2020   2296
2030   2296
2040   2296
2050   2296
2060   2296
2070   2296
2080   2296
2090   2296
2100   2296
2110   2296
2120   2296
2130   2296
2140   2296
2150   2296
2160   2296
2170   2296
2180   2296
2190   2296
2200   2296
2210   2296
2220   2296
2230   2296
2240   2296
2250   2296
2260   2296
2270   2296
2280   2296
2290   2296
2300   2296
2310   2296
2320   2296
2330   2296
2340   2296
2350   2296
2360   2296
2370   2296
2380   2296
2390   2296
2400   2296
2410   2296
2420   2296
2430   2296
2440   2296
2450   2296
2460   2296
2470   2296
2480   2296
2490   2296
2500   2296
2510   2296
2520   2296
2530   2296
2540   2296
2550   2296
2560   2296
2570   2296
2580   2296
2590   2296
2600   2296
2610   2296
2620   2296
2630   2296
2640   2296
2650   2296
2660   2296
2670   2296
2680   2296
2690   2296
2700   2296
2710   2296
2720   2296
2730   2296
2740   2296
2750   2296
2760   2296
2770   2296
2780   2296
2790   2296
2800   2296
2810   2296
2820   2296
2830   2296
2840   2296
2850   2296
2860   2296
2870   2296
2880   2296
2890   2296
2900   2296
2910   2296
2920   2296
2930   2296
2940   2296
2950   2296
2960   2296
2970   2296
2980   2296
2990   2296
3000   2296
3010   2296
3020   2296
3030   2296
3040   2296
3050   2296
3060   2296
3070   2296
3080   2296
3090   2296
3100   2296
3110   2296
3120   2296
3130   2296
3140   2296
3150   2296
3160   2296
3170   2296
3180   2296
3190   2296
3200   2296
3210   2296
3220   2296
3230   2296
3240   2296
3250   2296
3260   2296
3270   2296
3280   2296
3290   2296
3300   2296
3310   2296
3320   2296
3330   2296
3340   2296
3350   2296
3360   2296
3370   2296
3380   2296
3390   2296
3400   2296
3410   2296
3420   2296
3430   2296
3440   2296
3450   2296
3460   2296
3470   2296
3480   2296
3490   2296
3500   2296
3510   2296
3520   2296
3530   2296
3540   2296
3550   2296
3560   2296
3570   2296
3580   2296
3590   2296
3600   2296
3610   2296
3620   2296
3630   2296
3640   2296
3650   2296
3660   2296
3670   2296
3680   2296
3690   2296
3700   2296
3710   2296
3720   2296
3730   2296
3740   2296
3750   2296
3760   2296
3770   2296
3780   2296
3790   2296
3800   2296
3810   2296
3820   2296
3830   2296
3840   2296
3850   2296
3860   2296
3870   2296
3880   2296
3890   2296
3900   2296
3910   2296
3920   2296
3930   2296
3940   2296
3950   2296
3960   2296
3970   2296
3980   2296
3990   2296
4000   2296
4010   2296
4020   2296
4030   2296
4040   2296
4050   2296
4060   2296
4070   2296
4080   2296
4090   2296
4100   2296
4110   2296
4120   2296
4130   2296
4140   2296
4150   2296
4160   2296
4170   2296
4180   2296
4190   2296
4200   2296
4210   2296
4220   2296
4230   2296
4240   2296
4250   2296
4260   2296
4270   2296
4280   2296
4290   2296
4300   2296
4310   2296
4320   2296
4330   2296
4340   2296
4350   2296
4360   2296
4370   2296
4380   2296
4390   2296
4400   2296
4410   2296
4420   2296
4430   2296
4440   2296
4450   2296
4460   2296
4470   2296
4480   2296
4490   2296
4500   2296
4510   2296
4520   2296
4530   2296
4540   2296
4550   2296
4560   2296
4570   2296
4580   2296
4590   2296
4600   2296
4610   2296
4620   2296
4630   2296
4640   2296
4650   2296
4660   2296
4670   2296
4680   2296
4690   2296
4700   2296
4710   2296
4720   2296
4730   2296
4740   2296
4750   2296
4760   2296
4770   2296
4780   2296
4790   2296
4800   2296
4810   2296
4820   2296
4830   2296
4840   2296
4850   2296
4860   2296
4870   2296
4880   2296
4890   2296
4900   2296
4910   2296
4920   2296
4930   2296
4940   2296
4950   2296
4960   2296
4970   2296
4980   2296
4990   2296
5000   2296
5010   2296
5020   2296
5030   2296
5040   2296
5050   2296
5060   2296
5070   2296
5080   2296
5090   2296
5100   2296
5110   2296
5120   2296
5130   2296
5140   2296
5150   2296
5160   2296
5170   2296
5180   2296
5190   2296
5200   2296
5210   2296
5220   2296
5230   2296
5240   2296
5250   2296
5260   2296
5270   2296
5280   2296
5290   2296
5300   2296
5310   2296
5320   2296
5330   2296
5340   2296
5350   2296
5360   2296
5370   2296
5380   2296
5390   2296
5400   2296
5410   2296
5420   2296
5430   2296
5440   2296
5450   2296
5460   2296
5470   2296
5480   2296
5490   2296
5500   2296
5510   2296
5520   2296
5530   2296
5540   2296
5550   2296
5560   2296
5570   2296
5580   2296
5590   2296
5600   2296
5610   2296
5620   2296
5630   2296
5640   2296
5650   2296
5660   2296
5670   2296
5680   2296
5690   2296
5700   2296
5710   2296
5720   2296
5730   2296
5740   2296
5750   2296
5760   2296
5770   2296
5780   2296
5790   2296
5800   2296
5810   2296
5820   2296
5830   2296
5840   2296
5850   2296
5860   2296
5870   2296
5880   2296
5890   2296
5900   2296
5910   2296
5920   2296
5930   2296
5940   2296
5950   2296
5960   2296
5970   2296
5980   2296
5990   2296
6000   2296
6010   2296
6020   2296
6030   2296
6040   2296
6050   2296
6060   2296
6070   2296
6080   2296
6090   2296
6100   2296
6110   2296
6120   2296
6130   2296
6140   2296
6150   2296
6160   2296
6170   2296
6180   2296
6190   2296
6200   2296
6210   2296
6220   2296
6230   2296
6240   2296
6250   2296
6260   2296
6270   2296
6280   2296
6290   2296
6300   2296
6310   2296
6320   2296
6330   2296
6340   2296
6350   2296
6360   2296
6370   2296
6380   2296
6390   2296
6400   2296
6410   2296
6420   2296
6430   2296
6440   2296
6450   2296
6460   2296
6470   2296
6480   2296
6490   2296
6500   2296
6510   2296
6520   2296
6530   2296
6540   2296
6550   2296
6560   2296
6570   2296
6580   2296
6590   2296
6600   2296
6610   2296
6620   2296
6630   2296
6640   2296
6650   2296
6660   2296
6670   2296
6680   2296
6690   2296
6700   2296
6710   2296
6720   2296
6730   2296
6740   2296
6750   2296
6760   2296
6770   2296
6780   2296
6790   2296
6800   2296
6810   2296
6820   2296
6830   2296
6840   2296
6850   2296
6860   2296
6870   2296
6880   2296
6890   2296
6900   2296
6910   2296
6920   2296
6930   2296
6940   2296
6950   2296
6960   2296
6970   2296
6980   2296
6990   2296
7000   2296
7010   2296
7020   2296
7030   2296
7040   2296
7050   2296
7060   2296
7070   2296
7080   2296
7090   2296
7100   2296
7110   2296
7120   2296
7130   2296
7140   2296
7150   2296
7160   2296
7170   2296
7180   2296
7190   2296
7200   2296
7210   2296
7220   2296
7230   2296
7240   2296
7250   2296
7260   2296
7270   2296
7280   2296
7290   2296
7300   2296
7310   2296
7320   2296
7330   2296
7340   2296
7350   2296
7360   2296
7370   2296
7380   2296
7390   2296
7400   2296
7410   2296
7420   2296
7430   2296
7440   2296
7450   2296
7460   2296
7470   2296
7480   2296
7490   2296
7500   2296
7510   2296
7520   2296
7530   2296
7540   2296
7550   2296
7560   2296
7570   2296
7580   2296
7590   2296
7600   2296
7610   2296
7620   2296
7630   2296
7640   2296
7650   2296
7660   2296
7670   2296
7680   2296
7690   2296
7700   2296
7710   2296
7720   2296
7730   2296
7740   2296
7750   2296
7760   2296
7770   2296
7780   2296
7790   2296
7800   2296
7810   2296
7820   2296
7830   2296
7840   2296
7850   2296
7860   2296
7870   2296
7880   2296
7890   2296
7900   2296
7910   2296
7920   2296
7930   2296
7940   2296
7950   2296
7960   2296
7970   2296
7980   2296
7990   2296
8000   2296
8010   2296
8020   2296
8030   2296
8040   2296
8050   2296
8060   2296
8070   2296
8080   2296
8090   2296
8100   2296
8110   2296
8120   2296
8130   2296
8140   2296
8150   2296
8160   2296
8170   2296
8180   2296
8190   2296
8200   2296
8210   2296
8220   2296
8230   2296
8240   2296
8250   2296
8260   2296
8270   2296
8280   2296
8290   2296
8300   2296
8310   2296
8320   2296
8330   2296
8340   2296
8350   2296
8360   2296
8370   2296
8380   2296
8390   2296
8400   2296
8410   2296
8420   2296
8430   2296
8440   2296
8450   2296
8460   2296
8470   2296
8480   2296
8490   2296
8500   2296
8510   2296
8520   2166
8530   2166
8540   2166
8550   2166
8560   2166
8570   2166
8580   2166
8590   2166
8600   2166
8610   2166
8620   2166
8630   2166
8640   2166
8650   2166
8660   2166
