10   39188
20   38740
30   38740
40   38740
50   38740
60   38740
70   38740
80   38740
90   38740
100   38740
110   38740
120   38740
130   38740
140   38740
150   38624
160   38624
170   38500
180   38500
190   38500
200   38500
210   38500
220   38500
230   38500
240   38500
250   38500
260   38500
270   38500
280   38500
290   38500
300   38500
310   38500
320   38500
330   38500
340   38500
350   38500
360   38500
370   38500
380   38500
390   38500
400   38500
410   38016
420   38016
430   38016
440   38016
450   38016
460   38016
470   38016
480   38016
490   37836
500   37836
510   37836
520   37836
530   37836
540   37836
550   37836
560   37836
570   37836
580   37836
590   37836
600   37836
610   37836
620   37836
630   37836
640   37836
650   37836
660   37836
670   37836
680   37836
690   37836
700   37836
710   37836
720   37836
730   37836
740   37836
750   37836
760   37836
770   37836
780   37836
790   37836
800   37836
810   37836
820   37836
830   37836
840   37836
850   37836
860   37836
870   37836
880   37836
890   37836
900   37836
910   37836
920   37836
930   37836
940   37836
950   37836
960   37836
970   37836
980   37836
990   37836
1000   37836
1010   37836
1020   37836
1030   37836
1040   37836
1050   37836
1060   37836
1070   37836
1080   37836
1090   37836
1100   37836
1110   37836
1120   37836
1130   37836
1140   37836
1150   37836
1160   37836
1170   37836
1180   37836
1190   37836
1200   37836
1210   37836
1220   37836
1230   37836
1240   37836
1250   37836
1260   37836
1270   37836
1280   37836
1290   37836
1300   37836
1310   37836
1320   37836
1330   37836
1340   37836
1350   37836
1360   37836
1370   37836
1380   37836
1390   37836
1400   37836
1410   37836
1420   37836
1430   37836
1440   37836
1450   37836
1460   37836
1470   37836
1480   37836
1490   37836
1500   37836
1510   37836
1520   37836
1530   37836
1540   37836
1550   37836
1560   37836
1570   37836
1580   37836
1590   37836
1600   37836
1610   37836
1620   37836
1630   37836
1640   37836
1650   37836
1660   37836
1670   37836
1680   37836
1690   37836
1700   37836
1710   37836
1720   37836
1730   37836
1740   37836
1750   37836
1760   37836
1770   37836
1780   37836
1790   37836
1800   37836
1810   37836
1820   37836
1830   37836
1840   37836
1850   37836
1860   37836
1870   37836
1880   37836
1890   37836
1900   37836
1910   37836
1920   37836
1930   37836
1940   37836
1950   37836
1960   37836
1970   37836
1980   37836
1990   37836
2000   37836
2010   37836
2020   37836
2030   37836
2040   37836
2050   37836
2060   37836
2070   37836
2080   37836
2090   37836
2100   37836
2110   37836
2120   37836
2130   37836
2140   37836
2150   37642
2160   37642
2170   37642
2180   37642
2190   37642
2200   37642
2210   37642
2220   37642
2230   37642
2240   37642
2250   37642
2260   37642
2270   37642
2280   37642
2290   37642
2300   37642
2310   37642
2320   37642
2330   37642
2340   37642
2350   37642
2360   37642
2370   37642
2380   37642
2390   37642
2400   37642
2410   37642
2420   37642
2430   37642
2440   37642
2450   37642
2460   37642
2470   37642
2480   37642
2490   37642
2500   37642
2510   37642
2520   37642
2530   37642
2540   37642
2550   37642
2560   37642
2570   37642
2580   37642
2590   37642
2600   37642
2610   37642
2620   37642
2630   37642
2640   37642
2650   37642
2660   37642
2670   37642
2680   37642
2690   37642
2700   37642
2710   37642
2720   37642
2730   37642
2740   37642
2750   37642
2760   37642
2770   37642
2780   37642
2790   37642
2800   37642
2810   37642
2820   37642
2830   37642
2840   37642
2850   37642
2860   37642
2870   37642
2880   37642
2890   37642
2900   37642
2910   37642
2920   37642
2930   37642
2940   37642
2950   37642
2960   37642
2970   37642
2980   37642
2990   37642
3000   37642
3010   37642
3020   37642
3030   37642
3040   37642
3050   37642
3060   37642
3070   37642
3080   37642
3090   37642
3100   37642
3110   37642
3120   37642
