10   2952
20   2786
30   2786
40   2656
50   2656
60   2656
70   2576
80   2576
90   2498
100   2498
110   2498
120   2498
130   2498
140   2498
150   2498
160   2498
170   2498
180   2498
190   2498
200   2498
210   2498
220   2498
230   2498
240   2498
250   2498
260   2498
270   2498
280   2498
290   2498
300   2498
310   2498
320   2498
330   2498
340   2498
350   2498
360   2498
370   2498
380   2498
390   2498
400   2498
410   2498
420   2498
430   2498
440   2498
450   2498
460   2498
470   2498
480   2498
490   2498
500   2498
510   2498
520   2344
530   2344
540   2344
550   2344
560   2344
570   2344
580   2344
590   2344
600   2344
610   2344
620   2344
630   2344
640   2344
650   2344
660   2344
670   2344
680   2344
690   2344
700   2344
710   2344
720   2344
730   2344
740   2344
750   2344
760   2344
770   2344
780   2344
790   2344
800   2344
810   2344
820   2344
830   2344
840   2344
850   2344
860   2344
870   2344
880   2344
890   2344
900   2344
910   2344
920   2344
930   2344
940   2344
950   2344
960   2344
970   2344
980   2344
990   2344
1000   2344
1010   2344
1020   2344
1030   2344
1040   2344
1050   2344
1060   2344
1070   2344
1080   2344
1090   2344
1100   2344
1110   2344
1120   2344
1130   2344
1140   2344
1150   2344
1160   2344
1170   2344
1180   2344
1190   2344
1200   2344
1210   2344
1220   2344
1230   2344
1240   2344
1250   2344
1260   2344
1270   2344
1280   2344
1290   2344
1300   2344
1310   2344
1320   2344
1330   2344
1340   2344
1350   2344
1360   2344
1370   2344
1380   2344
1390   2344
1400   2344
1410   2344
1420   2344
1430   2344
1440   2344
1450   2344
1460   2344
1470   2344
1480   2344
1490   2344
1500   2344
1510   2344
1520   2344
1530   2344
1540   2344
1550   2344
1560   2344
1570   2344
1580   2344
1590   2344
1600   2344
1610   2344
1620   2344
1630   2344
1640   2344
1650   2344
1660   2344
1670   2344
1680   2344
1690   2344
1700   2344
1710   2344
1720   2344
1730   2344
1740   2344
1750   2344
1760   2344
1770   2344
1780   2344
1790   2344
1800   2344
1810   2344
1820   2344
1830   2344
1840   2344
1850   2344
1860   2344
1870   2344
1880   2344
1890   2344
1900   2344
1910   2344
1920   2344
1930   2344
1940   2344
1950   2344
1960   2344
1970   2344
1980   2344
1990   2344
2000   2344
2010   2344
2020   2344
2030   2344
2040   2344
2050   2344
2060   2344
2070   2344
2080   2344
2090   2344
2100   2344
2110   2344
2120   2344
2130   2344
2140   2344
2150   2344
2160   2344
2170   2344
2180   2344
2190   2344
2200   2344
2210   2344
2220   2344
2230   2344
2240   2344
2250   2344
2260   2344
2270   2344
2280   2344
2290   2344
2300   2344
2310   2344
2320   2344
2330   2344
2340   2344
2350   2344
2360   2344
2370   2344
2380   2344
2390   2344
2400   2344
2410   2344
2420   2344
2430   2344
2440   2344
2450   2344
2460   2344
2470   2344
2480   2344
2490   2344
2500   2344
2510   2344
2520   2344
2530   2344
2540   2344
2550   2344
2560   2344
2570   2344
2580   2344
2590   2344
2600   2344
2610   2344
2620   2344
2630   2344
2640   2344
2650   2344
2660   2344
2670   2344
2680   2344
2690   2344
2700   2344
2710   2344
2720   2344
2730   2344
2740   2344
2750   2344
2760   2344
2770   2344
2780   2344
2790   2344
2800   2344
2810   2344
2820   2344
2830   2344
2840   2344
2850   2344
2860   2344
2870   2344
2880   2344
2890   2344
2900   2344
2910   2344
2920   2344
2930   2344
2940   2344
2950   2344
2960   2344
2970   2344
2980   2344
2990   2344
3000   2344
3010   2344
3020   2344
3030   2344
3040   2344
3050   2344
3060   2344
3070   2344
3080   2344
3090   2344
3100   2344
3110   2344
3120   2344
3130   2344
3140   2344
3150   2344
3160   2344
3170   2344
3180   2344
3190   2344
3200   2344
3210   2344
3220   2344
3230   2344
3240   2344
3250   2344
3260   2344
3270   2344
3280   2344
3290   2344
3300   2344
3310   2344
3320   2344
3330   2344
3340   2344
3350   2344
3360   2344
3370   2344
3380   2344
3390   2344
3400   2344
3410   2344
3420   2344
3430   2344
3440   2344
3450   2344
3460   2344
3470   2344
3480   2344
3490   2344
3500   2344
3510   2344
3520   2344
3530   2344
3540   2344
3550   2344
3560   2344
3570   2344
3580   2344
3590   2344
3600   2344
3610   2344
3620   2344
3630   2344
3640   2344
3650   2344
3660   2344
3670   2344
3680   2344
3690   2344
3700   2344
3710   2344
3720   2344
3730   2344
3740   2344
3750   2344
3760   2344
3770   2344
3780   2344
3790   2344
3800   2344
3810   2344
3820   2344
3830   2344
3840   2344
3850   2344
3860   2344
3870   2344
3880   2344
3890   2344
3900   2344
3910   2344
3920   2344
3930   2344
3940   2344
3950   2344
3960   2344
3970   2344
3980   2344
3990   2344
4000   2344
4010   2344
4020   2344
4030   2344
4040   2344
4050   2344
4060   2344
4070   2344
4080   2344
4090   2344
4100   2344
4110   2344
4120   2344
4130   2344
4140   2344
4150   2344
4160   2344
4170   2344
4180   2344
4190   2344
4200   2344
4210   2344
4220   2344
4230   2344
4240   2344
4250   2344
4260   2344
4270   2344
4280   2344
4290   2344
4300   2344
4310   2344
4320   2344
4330   2344
4340   2344
4350   2344
4360   2344
4370   2344
4380   2344
4390   2344
4400   2344
4410   2344
4420   2344
4430   2344
4440   2344
4450   2344
4460   2344
4470   2344
4480   2344
4490   2344
4500   2344
4510   2344
4520   2344
4530   2344
4540   2344
4550   2344
4560   2344
4570   2344
4580   2344
4590   2344
4600   2344
4610   2344
4620   2344
4630   2344
4640   2344
4650   2344
4660   2344
4670   2344
4680   2344
4690   2344
4700   2344
4710   2344
4720   2344
4730   2344
4740   2344
4750   2344
4760   2344
4770   2344
4780   2344
4790   2344
4800   2344
4810   2344
4820   2344
4830   2344
4840   2344
4850   2344
4860   2344
4870   2344
4880   2344
4890   2344
4900   2344
4910   2344
4920   2344
4930   2344
4940   2344
4950   2344
4960   2344
4970   2344
4980   2344
4990   2344
5000   2344
5010   2344
5020   2344
5030   2344
5040   2344
5050   2344
5060   2344
5070   2344
5080   2344
5090   2344
5100   2344
5110   2344
5120   2344
5130   2344
5140   2344
5150   2344
5160   2344
5170   2344
5180   2344
5190   2344
5200   2344
5210   2344
5220   2344
5230   2344
5240   2344
5250   2344
5260   2344
5270   2344
5280   2344
5290   2344
5300   2344
5310   2344
5320   2344
5330   2344
5340   2344
5350   2344
5360   2344
5370   2344
5380   2344
5390   2344
5400   2344
5410   2344
5420   2344
5430   2344
5440   2344
5450   2344
5460   2344
5470   2344
5480   2344
5490   2344
5500   2344
5510   2344
5520   2344
5530   2344
5540   2344
5550   2344
5560   2344
5570   2344
5580   2344
5590   2344
5600   2344
5610   2344
5620   2344
5630   2344
5640   2344
5650   2344
5660   2344
5670   2344
5680   2344
5690   2344
5700   2344
5710   2344
5720   2344
5730   2344
5740   2344
5750   2344
5760   2344
5770   2344
5780   2344
5790   2344
5800   2344
5810   2344
5820   2344
5830   2344
5840   2344
5850   2344
5860   2344
5870   2344
5880   2344
5890   2344
5900   2344
5910   2344
5920   2344
5930   2344
5940   2344
5950   2344
5960   2344
5970   2344
5980   2344
5990   2344
6000   2344
6010   2344
6020   2344
6030   2344
6040   2344
6050   2344
6060   2344
6070   2344
6080   2344
6090   2344
6100   2344
6110   2344
6120   2344
6130   2344
6140   2344
6150   2344
6160   2344
6170   2344
6180   2344
6190   2344
6200   2344
6210   2344
6220   2344
6230   2344
6240   2344
6250   2344
6260   2344
6270   2344
6280   2344
6290   2344
6300   2344
6310   2344
6320   2344
6330   2344
6340   2344
6350   2344
6360   2344
6370   2344
6380   2344
6390   2344
6400   2344
6410   2344
6420   2344
6430   2344
6440   2344
6450   2344
6460   2344
6470   2344
6480   2344
6490   2344
6500   2344
6510   2344
6520   2344
6530   2344
6540   2344
6550   2344
6560   2344
6570   2344
6580   2344
6590   2344
6600   2344
6610   2344
6620   2344
6630   2344
6640   2344
6650   2344
6660   2344
6670   2344
6680   2344
6690   2344
6700   2344
6710   2344
6720   2344
6730   2344
6740   2344
6750   2344
6760   2344
6770   2344
6780   2344
6790   2344
6800   2344
6810   2344
6820   2344
6830   2344
6840   2344
6850   2344
6860   2344
6870   2344
6880   2344
6890   2344
6900   2344
6910   2344
6920   2344
6930   2344
6940   2344
6950   2344
6960   2344
6970   2344
6980   2344
6990   2344
7000   2344
7010   2344
7020   2344
7030   2344
7040   2344
7050   2344
7060   2344
7070   2344
7080   2344
7090   2344
7100   2344
7110   2344
7120   2344
7130   2344
7140   2344
7150   2344
7160   2344
7170   2344
7180   2344
7190   2344
7200   2344
7210   2344
7220   2344
7230   2344
7240   2344
7250   2344
7260   2344
7270   2344
7280   2344
7290   2344
7300   2344
7310   2344
7320   2344
7330   2344
7340   2344
7350   2344
7360   2344
7370   2344
7380   2344
7390   2344
7400   2344
7410   2344
7420   2344
7430   2344
7440   2344
7450   2344
7460   2344
7470   2344
7480   2344
7490   2344
7500   2344
7510   2344
7520   2344
7530   2344
7540   2344
7550   2344
7560   2344
7570   2344
7580   2344
7590   2344
7600   2344
7610   2344
7620   2344
7630   2344
7640   2344
7650   2344
7660   2344
7670   2344
7680   2344
7690   2344
7700   2344
7710   2344
7720   2344
7730   2344
7740   2344
7750   2344
7760   2344
7770   2344
7780   2344
7790   2344
7800   2344
7810   2344
7820   2344
7830   2344
7840   2344
7850   2344
7860   2344
7870   2344
7880   2344
7890   2344
7900   2344
7910   2344
7920   2344
7930   2344
7940   2344
7950   2344
7960   2344
7970   2344
7980   2344
7990   2344
8000   2344
8010   2344
8020   2344
8030   2344
8040   2344
8050   2344
8060   2344
8070   2344
8080   2344
8090   2344
8100   2344
8110   2344
8120   2344
8130   2344
8140   2344
8150   2344
8160   2344
8170   2344
8180   2344
8190   2344
8200   2344
8210   2344
8220   2344
8230   2344
8240   2344
8250   2344
8260   2344
8270   2344
8280   2344
8290   2344
8300   2344
8310   2344
8320   2344
8330   2344
8340   2344
8350   2344
8360   2344
8370   2344
8380   2344
8390   2344
8400   2344
8410   2344
8420   2344
8430   2344
8440   2344
8450   2344
8460   2344
8470   2344
8480   2344
8490   2344
8500   2344
8510   2344
8520   2344
8530   2344
8540   2344
8550   2344
8560   2344
8570   2344
8580   2344
8590   2344
8600   2344
8610   2344
8620   2344
8630   2344
8640   2344
8650   2344
8660   2344
8670   2344
8680   2344
8690   2344
8700   2344
8710   2344
8720   2344
8730   2344
8740   2344
8750   2344
8760   2344
8770   2344
8780   2344
8790   2344
8800   2344
8810   2344
8820   2344
8830   2344
8840   2344
8850   2344
8860   2344
8870   2344
8880   2344
8890   2344
8900   2344
8910   2344
8920   2344
8930   2344
8940   2344
8950   2344
8960   2344
8970   2344
8980   2344
