10   32721
20   32585
30   32585
40   32585
50   32449
60   32449
70   32449
80   32449
90   32449
100   32449
110   32449
120   32345
130   32297
140   32297
150   32297
160   32297
170   32297
180   32297
190   32297
200   32297
210   32297
220   32297
230   32297
240   32297
250   32297
260   32297
270   32297
280   32297
290   32297
300   32297
310   32297
320   32297
330   32137
340   32137
350   32137
360   32137
370   32137
380   32137
390   32137
400   32137
410   32137
420   32137
430   32137
440   32137
450   32137
460   32137
470   32137
480   32137
490   32137
500   32137
510   32137
520   32137
530   32137
540   32137
550   32137
560   32137
570   32137
580   32137
590   32137
600   32137
610   32137
620   32137
630   32137
640   32137
650   32137
660   32137
670   32137
680   32137
690   32137
700   32137
710   32137
720   32137
730   32137
740   32137
750   32137
760   32137
770   32137
780   32137
790   32137
800   32137
810   32137
820   32137
830   32137
840   32137
850   32137
860   32137
870   32137
880   32137
890   32137
900   32137
910   32137
920   32137
930   32137
940   32137
950   32137
960   32137
970   32137
980   32137
990   32137
1000   32137
1010   32137
1020   32137
1030   32137
1040   32137
1050   32137
1060   32137
1070   32137
1080   32137
1090   32137
1100   32137
1110   32137
1120   32137
1130   32137
1140   32137
1150   32137
1160   32137
1170   32137
1180   32137
1190   32137
1200   32137
1210   32137
1220   32137
1230   32137
1240   32137
1250   32137
1260   32137
1270   32137
1280   32137
1290   32137
1300   32137
1310   32137
1320   32137
1330   32137
1340   32137
1350   32137
1360   32137
1370   32137
1380   32137
1390   32137
1400   32137
1410   32137
1420   32137
1430   32137
1440   32137
1450   32137
1460   32137
1470   32137
1480   32137
1490   32137
1500   32137
1510   32137
1520   32137
1530   32137
1540   32137
1550   32137
1560   32137
1570   32137
1580   32137
1590   32137
1600   32137
1610   32137
1620   32137
1630   32137
1640   32137
1650   32137
1660   32137
1670   32137
1680   32137
1690   32137
1700   32137
1710   32137
1720   32137
1730   32137
1740   32137
1750   32137
1760   32137
1770   32137
1780   32137
1790   32137
1800   32137
1810   32009
1820   32009
1830   32009
1840   32009
1850   32009
1860   32009
1870   32009
1880   32009
1890   32009
1900   32009
1910   32009
1920   32009
1930   32009
1940   32009
1950   32009
1960   32009
1970   32009
1980   32009
1990   32009
2000   32009
2010   32009
2020   32009
2030   32009
2040   32009
2050   32009
2060   32009
2070   32009
2080   32009
2090   32009
2100   32009
2110   32009
2120   32009
2130   32009
2140   32009
2150   32009
2160   32009
2170   32009
2180   32009
2190   32009
2200   32009
2210   32009
2220   32009
2230   32009
2240   32009
2250   32009
2260   32009
2270   32009
2280   32009
2290   32009
2300   32009
2310   32009
2320   32009
2330   32009
2340   32009
2350   32009
2360   32009
2370   32009
2380   32009
2390   32009
2400   32009
2410   32009
2420   32009
2430   32009
2440   32009
2450   32009
2460   32009
2470   32009
2480   32009
2490   32009
2500   32009
2510   32009
2520   32009
2530   32009
2540   32009
2550   32009
2560   32009
2570   32009
2580   32009
2590   32009
2600   32009
2610   32009
2620   32009
2630   32009
2640   32009
2650   32009
2660   32009
2670   32009
2680   32009
2690   32009
2700   32009
2710   32009
2720   32009
2730   32009
2740   32009
2750   32009
2760   32009
2770   32009
2780   32009
2790   32009
2800   32009
2810   32009
2820   32009
2830   32009
2840   32009
2850   32009
2860   32009
2870   32009
2880   32009
2890   32009
2900   32009
2910   32009
2920   32009
2930   32009
2940   32009
2950   32009
2960   32009
2970   32009
2980   32009
2990   32009
3000   32009
3010   32009
3020   32009
3030   32009
3040   32009
3050   32009
3060   32009
3070   32009
3080   32009
3090   32009
3100   32009
3110   32009
3120   32009
3130   32009
3140   32009
3150   32009
3160   32009
3170   32009
3180   32009
3190   32009
3200   32009
3210   32009
3220   32009
3230   32009
3240   32009
3250   32009
3260   32009
3270   32009
3280   32009
3290   32009
3300   32009
3310   32009
3320   32009
3330   32009
3340   32009
3350   32009
3360   32009
3370   32009
3380   32009
3390   32009
3400   32009
3410   32009
3420   32009
3430   32009
3440   32009
3450   32009
3460   32009
3470   32009
3480   32009
3490   32009
3500   32009
3510   32009
3520   32009
3530   32009
3540   32009
3550   32009
3560   32009
3570   32009
3580   32009
3590   32009
3600   32009
3610   32009
3620   32009
3630   32009
3640   32009
3650   32009
3660   32009
3670   32009
3680   32009
3690   32009
3700   32009
3710   32009
3720   32009
3730   32009
3740   32009
3750   32009
3760   32009
3770   32009
3780   32009
3790   32009
3800   32009
3810   32009
3820   32009
3830   32009
3840   32009
3850   32009
3860   32009
3870   32009
3880   32009
3890   32009
3900   32009
3910   32009
3920   32009
3930   32009
3940   32009
3950   32009
3960   32009
3970   32009
3980   32009
3990   32009
4000   32009
4010   32009
4020   32009
4030   32009
4040   32009
4050   32009
4060   32009
4070   32009
4080   32009
4090   32009
4100   32009
4110   32009
4120   32009
4130   32009
4140   32009
4150   32009
4160   32009
4170   32009
4180   32009
4190   32009
4200   32009
4210   32009
4220   32009
4230   32009
4240   32009
4250   32009
4260   32009
4270   32009
4280   32009
4290   32009
4300   32009
4310   32009
4320   32009
4330   32009
4340   32009
4350   32009
4360   32009
4370   32009
4380   32009
4390   32009
4400   32009
4410   32009
4420   32009
4430   32009
4440   32009
4450   32009
4460   32009
4470   32009
4480   32009
4490   32009
4500   32009
4510   32009
4520   32009
4530   32009
4540   32009
4550   32009
4560   32009
4570   32009
4580   32009
4590   32009
4600   32009
4610   32009
4620   32009
4630   32009
4640   32009
4650   32009
4660   32009
4670   32009
4680   32009
4690   32009
4700   32009
4710   32009
4720   32009
4730   32009
4740   32009
4750   32009
4760   32009
4770   32009
4780   32009
4790   32009
4800   32009
4810   32009
4820   32009
4830   32009
4840   32009
4850   32009
4860   32009
4870   32009
4880   32009
4890   32009
4900   32009
4910   32009
4920   32009
4930   32009
4940   32009
4950   32009
4960   32009
4970   32009
4980   32009
4990   32009
5000   32009
5010   32009
5020   32009
5030   32009
5040   32009
5050   32009
5060   32009
5070   32009
5080   32009
5090   32009
5100   32009
5110   32009
5120   32009
5130   32009
5140   32009
5150   32009
5160   32009
5170   32009
5180   32009
5190   32009
5200   32009
5210   32009
5220   32009
5230   32009
5240   32009
5250   32009
5260   32009
5270   32009
5280   32009
5290   32009
5300   32009
5310   32009
5320   32009
5330   32009
5340   32009
5350   32009
5360   32009
5370   32009
5380   32009
5390   32009
5400   32009
5410   32009
5420   32009
5430   32009
5440   32009
5450   32009
5460   32009
5470   32009
5480   32009
5490   32009
5500   32009
5510   32009
5520   32009
5530   32009
5540   32009
5550   32009
5560   32009
5570   32009
5580   32009
5590   32009
5600   32009
5610   32009
5620   32009
5630   32009
5640   32009
5650   32009
5660   32009
5670   32009
5680   32009
5690   32009
5700   32009
5710   32009
5720   32009
5730   32009
5740   32009
5750   32009
5760   32009
5770   32009
5780   32009
5790   32009
5800   32009
5810   32009
5820   32009
5830   32009
5840   32009
5850   32009
5860   32009
5870   32009
5880   32009
5890   32009
5900   32009
5910   32009
5920   32009
5930   32009
5940   32009
5950   32009
5960   32009
5970   32009
5980   32009
5990   32009
6000   32009
6010   32009
6020   32009
6030   32009
6040   32009
6050   32009
6060   32009
6070   32009
6080   32009
6090   32009
6100   32009
6110   32009
6120   32009
6130   32009
6140   32009
6150   32009
6160   32009
6170   32009
6180   32009
6190   32009
6200   32009
6210   32009
6220   32009
6230   32009
6240   32009
6250   32009
6260   32009
6270   32009
6280   32009
6290   32009
6300   32009
6310   32009
6320   32009
6330   32009
6340   32009
6350   32009
6360   32009
6370   32009
6380   32009
6390   32009
6400   32009
6410   32009
6420   32009
6430   32009
6440   32009
6450   32009
6460   32009
6470   32009
6480   32009
6490   32009
6500   32009
6510   32009
6520   32009
6530   32009
6540   32009
6550   32009
6560   32009
6570   32009
6580   32009
6590   32009
6600   32009
6610   32009
6620   32009
6630   32009
6640   32009
6650   32009
6660   32009
6670   32009
6680   32009
6690   32009
6700   32009
6710   32009
6720   32009
6730   32009
6740   32009
6750   32009
6760   32009
6770   32009
6780   32009
6790   32009
6800   32009
6810   32009
6820   32009
6830   32009
6840   32009
6850   32009
6860   32009
6870   32009
6880   32009
6890   32009
6900   32009
6910   32009
6920   32009
6930   32009
6940   32009
6950   32009
6960   32009
6970   32009
6980   32009
6990   32009
7000   32009
7010   32009
7020   32009
7030   32009
7040   32009
7050   32009
7060   32009
7070   32009
7080   32009
7090   32009
7100   32009
7110   32009
7120   32009
7130   32009
7140   32009
7150   32009
7160   32009
7170   32009
7180   32009
7190   32009
7200   32009
7210   32009
7220   32009
7230   32009
7240   32009
7250   32009
7260   32009
7270   32009
7280   32009
7290   32009
7300   32009
7310   32009
7320   32009
7330   32009
7340   32009
7350   32009
7360   32009
7370   32009
7380   32009
7390   32009
7400   32009
7410   32009
7420   32009
7430   32009
7440   32009
7450   32009
7460   32009
7470   32009
7480   32009
7490   32009
7500   32009
7510   32009
7520   32009
7530   32009
7540   32009
7550   32009
7560   32009
7570   32009
7580   32009
7590   32009
7600   32009
7610   32009
7620   32009
7630   32009
7640   32009
7650   32009
7660   32009
7670   32009
7680   32009
7690   32009
7700   32009
7710   32009
7720   32009
7730   32009
7740   32009
7750   32009
7760   32009
7770   32009
7780   32009
7790   32009
7800   32009
7810   32009
7820   32009
7830   32009
7840   32009
7850   32009
7860   32009
7870   32009
7880   32009
7890   32009
7900   32009
7910   32009
7920   32009
7930   32009
7940   32009
7950   32009
7960   32009
7970   32009
7980   32009
7990   32009
8000   32009
8010   32009
8020   32009
8030   32009
8040   32009
8050   32009
8060   32009
8070   32009
8080   32009
8090   32009
8100   32009
8110   32009
8120   32009
8130   32009
8140   32009
8150   32009
8160   32009
8170   32009
8180   32009
8190   32009
8200   32009
8210   32009
8220   32009
8230   32009
8240   32009
8250   32009
8260   32009
8270   32009
8280   32009
8290   32009
8300   32009
8310   32009
8320   32009
8330   32009
8340   32009
8350   32009
8360   32009
8370   32009
8380   32009
8390   32009
8400   32009
8410   32009
8420   32009
8430   32009
8440   32009
8450   32009
8460   32009
8470   32009
8480   32009
8490   32009
8500   32009
8510   32009
8520   32009
8530   32009
8540   32009
8550   32009
8560   32009
8570   32009
8580   32009
8590   32009
8600   32009
8610   32009
8620   32009
8630   32009
8640   32009
8650   32009
8660   32009
8670   32009
8680   32009
8690   32009
8700   32009
8710   32009
8720   32009
8730   32009
8740   32009
8750   32009
8760   32009
8770   32009
8780   32009
8790   32009
8800   32009
8810   32009
8820   32009
8830   32009
8840   32009
8850   32009
8860   32009
8870   32009
8880   32009
8890   32009
8900   32009
8910   32009
8920   32009
8930   32009
8940   32009
8950   32009
8960   32009
8970   32009
8980   32009
8990   32009
9000   32009
9010   32009
9020   32009
9030   32009
9040   32009
9050   32009
9060   32009
9070   32009
9080   32009
9090   32009
9100   32009
9110   32009
9120   32009
9130   32009
9140   32009
9150   32009
9160   32009
9170   32009
9180   32009
9190   32009
9200   32009
9210   32009
9220   32009
9230   32009
9240   32009
9250   32009
9260   32009
9270   32009
9280   32009
9290   32009
9300   32009
9310   32009
9320   32009
9330   32009
9340   32009
9350   32009
9360   32009
9370   32009
9380   32009
9390   32009
9400   32009
9410   32009
9420   32009
9430   32009
9440   32009
9450   32009
9460   32009
9470   32009
9480   32009
9490   32009
9500   32009
9510   32009
9520   32009
9530   32009
9540   32009
9550   32009
9560   32009
9570   32009
9580   32009
9590   32009
9600   32009
9610   32009
9620   32009
9630   32009
9640   32009
9650   32009
9660   32009
9670   32009
9680   32009
9690   32009
9700   32009
9710   32009
9720   32009
9730   32009
9740   32009
9750   32009
9760   32009
9770   32009
9780   32009
9790   32009
9800   32009
9810   32009
9820   32009
9830   32009
9840   32009
9850   32009
9860   32009
9870   32009
9880   32009
9890   31937
9900   31937
9910   31937
9920   31937
9930   31937
9940   31937
9950   31937
9960   31937
9970   31937
9980   31937
9990   31937
10000   31937
10010   31937
10020   31937
10030   31937
10040   31937
10050   31937
10060   31937
10070   31937
10080   31937
10090   31937
10100   31937
10110   31937
10120   31937
10130   31937
10140   31937
10150   31937
10160   31937
10170   31937
10180   31937
10190   31937
10200   31937
10210   31937
10220   31937
10230   31937
10240   31937
10250   31937
10260   31937
10270   31937
10280   31937
10290   31937
10300   31937
10310   31937
10320   31937
10330   31937
10340   31937
10350   31937
10360   31937
10370   31937
10380   31937
10390   31937
10400   31937
10410   31937
10420   31937
10430   31937
10440   31937
10450   31937
10460   31937
10470   31937
10480   31937
10490   31937
10500   31937
10510   31937
10520   31937
10530   31937
10540   31937
10550   31937
10560   31937
10570   31937
10580   31937
10590   31937
10600   31937
10610   31937
10620   31937
10630   31937
10640   31937
10650   31937
10660   31937
10670   31937
10680   31937
10690   31937
10700   31937
10710   31937
10720   31937
10730   31937
10740   31937
10750   31937
10760   31937
10770   31937
10780   31937
10790   31937
10800   31937
10810   31937
10820   31937
10830   31937
10840   31937
10850   31937
10860   31937
10870   31937
10880   31937
10890   31937
10900   31937
10910   31937
10920   31937
10930   31937
10940   31937
10950   31937
10960   31937
10970   31937
10980   31937
10990   31937
11000   31937
11010   31937
11020   31937
11030   31937
11040   31937
11050   31937
11060   31937
11070   31937
11080   31937
11090   31937
11100   31937
11110   31937
11120   31937
11130   31937
11140   31937
11150   31937
11160   31937
11170   31937
11180   31937
11190   31937
11200   31937
11210   31937
11220   31937
11230   31937
11240   31937
11250   31937
11260   31937
11270   31937
11280   31937
11290   31937
11300   31937
11310   31937
11320   31937
11330   31937
11340   31937
11350   31937
11360   31937
11370   31937
11380   31937
11390   31937
11400   31937
11410   31937
11420   31937
11430   31937
11440   31937
11450   31937
11460   31937
11470   31937
11480   31937
11490   31937
11500   31937
11510   31937
11520   31937
11530   31937
11540   31937
11550   31937
11560   31937
11570   31937
11580   31937
11590   31937
11600   31937
11610   31937
11620   31937
11630   31937
11640   31937
11650   31937
11660   31937
11670   31937
11680   31937
11690   31937
11700   31937
11710   31937
11720   31937
11730   31937
11740   31937
11750   31937
11760   31937
11770   31937
11780   31937
11790   31937
11800   31937
11810   31937
11820   31937
11830   31937
11840   31937
11850   31937
11860   31937
11870   31937
11880   31937
11890   31937
11900   31937
11910   31937
11920   31937
11930   31937
11940   31937
11950   31937
11960   31937
11970   31937
11980   31937
11990   31937
12000   31937
12010   31937
12020   31937
12030   31937
12040   31937
12050   31937
12060   31937
12070   31937
12080   31937
12090   31937
12100   31937
12110   31937
12120   31937
12130   31937
12140   31937
12150   31937
12160   31937
12170   31937
12180   31937
12190   31937
12200   31937
12210   31937
12220   31937
12230   31937
12240   31937
12250   31937
12260   31937
12270   31937
12280   31937
12290   31937
12300   31937
12310   31937
12320   31937
12330   31937
12340   31937
12350   31937
12360   31937
12370   31937
12380   31937
12390   31937
12400   31937
12410   31937
12420   31937
12430   31937
12440   31937
12450   31937
12460   31937
12470   31937
12480   31937
12490   31937
12500   31937
12510   31937
12520   31937
12530   31937
12540   31937
12550   31937
12560   31937
12570   31937
12580   31937
12590   31937
12600   31937
12610   31937
12620   31937
12630   31937
12640   31937
12650   31937
12660   31937
12670   31937
12680   31937
12690   31937
12700   31937
12710   31937
12720   31937
12730   31937
12740   31937
12750   31937
12760   31937
12770   31937
12780   31937
12790   31937
12800   31937
12810   31937
12820   31937
12830   31937
12840   31937
12850   31937
12860   31937
12870   31937
12880   31937
12890   31937
12900   31937
12910   31937
12920   31937
12930   31937
12940   31937
12950   31937
12960   31937
12970   31937
12980   31937
12990   31937
13000   31937
13010   31937
13020   31937
13030   31937
13040   31937
13050   31937
13060   31937
13070   31937
13080   31937
13090   31937
13100   31937
13110   31937
13120   31937
13130   31937
13140   31937
13150   31937
13160   31937
13170   31937
13180   31937
13190   31937
13200   31937
13210   31937
13220   31937
13230   31937
13240   31937
13250   31937
13260   31937
13270   31937
13280   31937
13290   31937
13300   31937
13310   31937
13320   31937
13330   31937
13340   31937
13350   31937
13360   31937
13370   31937
13380   31937
13390   31937
13400   31937
13410   31937
13420   31937
13430   31937
13440   31937
13450   31937
13460   31937
13470   31937
13480   31937
13490   31937
13500   31937
13510   31937
13520   31937
13530   31937
13540   31937
13550   31937
13560   31937
13570   31937
13580   31937
13590   31937
13600   31937
13610   31937
13620   31937
13630   31937
13640   31937
13650   31937
13660   31937
13670   31937
13680   31937
13690   31937
13700   31937
13710   31937
13720   31937
13730   31937
13740   31937
13750   31937
13760   31937
13770   31937
13780   31937
13790   31937
13800   31937
13810   31937
13820   31937
13830   31937
13840   31937
13850   31937
13860   31937
13870   31937
13880   31937
13890   31937
13900   31937
13910   31937
13920   31937
13930   31937
13940   31937
13950   31937
13960   31937
13970   31937
13980   31937
13990   31937
14000   31937
14010   31937
14020   31937
14030   31937
14040   31937
14050   31937
14060   31937
14070   31937
14080   31937
14090   31937
14100   31937
14110   31937
14120   31937
14130   31937
14140   31937
14150   31937
14160   31937
14170   31937
14180   31937
14190   31937
14200   31937
14210   31937
14220   31937
14230   31937
14240   31937
14250   31937
14260   31937
14270   31937
14280   31937
14290   31937
14300   31937
14310   31937
14320   31937
14330   31937
14340   31937
14350   31937
14360   31937
14370   31937
14380   31937
14390   31937
14400   31937
14410   31937
14420   31937
14430   31937
14440   31937
14450   31937
14460   31937
14470   31937
14480   31937
14490   31937
14500   31937
14510   31937
14520   31937
14530   31937
14540   31937
14550   31937
14560   31937
14570   31937
14580   31937
14590   31937
14600   31937
14610   31937
14620   31937
14630   31937
14640   31937
14650   31937
14660   31937
14670   31937
14680   31937
14690   31937
14700   31937
14710   31937
14720   31937
14730   31937
14740   31937
14750   31937
14760   31937
14770   31937
14780   31937
14790   31937
14800   31937
14810   31937
14820   31937
14830   31937
14840   31937
14850   31937
14860   31937
14870   31937
14880   31937
14890   31937
14900   31937
14910   31937
14920   31937
14930   31937
14940   31937
14950   31937
14960   31937
14970   31937
14980   31937
14990   31937
15000   31937
15010   31937
15020   31937
15030   31937
15040   31937
15050   31937
15060   31937
15070   31937
15080   31937
15090   31937
15100   31937
15110   31937
15120   31937
15130   31937
15140   31937
15150   31937
15160   31937
15170   31937
15180   31937
15190   31937
15200   31937
15210   31937
15220   31937
15230   31937
15240   31937
15250   31937
15260   31937
15270   31937
15280   31937
15290   31937
15300   31937
15310   31937
15320   31937
15330   31937
15340   31937
15350   31937
15360   31937
15370   31937
15380   31937
15390   31937
15400   31937
15410   31937
15420   31937
15430   31937
15440   31937
15450   31937
15460   31937
15470   31937
15480   31937
15490   31937
15500   31937
15510   31937
15520   31937
15530   31937
15540   31937
15550   31937
15560   31937
15570   31937
15580   31937
15590   31937
15600   31937
15610   31937
15620   31937
15630   31937
15640   31937
15650   31937
15660   31937
15670   31937
15680   31937
15690   31937
15700   31937
15710   31937
15720   31937
15730   31937
15740   31937
15750   31937
15760   31937
15770   31937
15780   31937
15790   31937
15800   31937
15810   31937
15820   31937
15830   31937
15840   31937
15850   31937
15860   31937
15870   31937
15880   31937
15890   31937
15900   31937
15910   31937
15920   31937
15930   31937
15940   31937
15950   31937
15960   31937
15970   31937
15980   31937
15990   31937
16000   31937
16010   31937
16020   31937
16030   31937
16040   31937
16050   31937
16060   31937
16070   31937
16080   31937
16090   31937
16100   31937
16110   31937
16120   31937
16130   31937
16140   31937
16150   31937
16160   31937
16170   31937
16180   31937
16190   31937
16200   31937
16210   31937
16220   31937
16230   31937
16240   31937
16250   31937
16260   31937
16270   31937
16280   31937
16290   31937
16300   31937
16310   31937
16320   31937
16330   31937
16340   31937
16350   31937
16360   31937
16370   31937
16380   31937
16390   31937
16400   31937
16410   31937
16420   31937
16430   31937
16440   31937
16450   31937
16460   31937
16470   31937
16480   31937
16490   31937
16500   31937
16510   31937
16520   31937
16530   31937
16540   31937
16550   31937
16560   31937
16570   31937
16580   31937
16590   31937
16600   31937
16610   31937
16620   31937
16630   31937
16640   31937
16650   31937
16660   31937
16670   31937
16680   31937
16690   31937
16700   31937
16710   31937
16720   31937
16730   31937
16740   31937
16750   31937
16760   31937
16770   31937
16780   31937
16790   31937
16800   31937
16810   31937
16820   31937
16830   31937
16840   31937
16850   31937
16860   31937
16870   31937
16880   31937
16890   31937
16900   31937
16910   31937
16920   31937
16930   31937
16940   31937
16950   31937
16960   31937
16970   31937
16980   31937
16990   31937
17000   31937
17010   31937
17020   31937
17030   31937
17040   31937
17050   31937
17060   31937
17070   31937
17080   31937
17090   31937
17100   31937
17110   31937
17120   31937
17130   31937
17140   31937
17150   31937
17160   31937
17170   31937
17180   31937
17190   31937
17200   31937
17210   31937
17220   31937
17230   31937
17240   31937
17250   31937
17260   31937
17270   31937
17280   31937
17290   31937
17300   31937
17310   31937
17320   31937
17330   31937
17340   31937
17350   31937
17360   31937
17370   31937
17380   31937
17390   31937
17400   31937
17410   31937
17420   31937
17430   31937
17440   31937
17450   31937
17460   31937
17470   31937
17480   31937
17490   31937
17500   31937
17510   31937
17520   31937
17530   31937
17540   31937
17550   31937
17560   31937
17570   31937
17580   31937
17590   31937
17600   31937
17610   31937
17620   31937
17630   31937
17640   31937
17650   31937
17660   31937
17670   31937
17680   31937
17690   31937
17700   31937
17710   31937
17720   31937
17730   31937
17740   31937
17750   31937
17760   31937
17770   31937
17780   31937
17790   31937
17800   31937
17810   31937
17820   31937
17830   31937
17840   31937
17850   31937
17860   31937
17870   31937
17880   31937
17890   31937
17900   31937
17910   31937
17920   31937
17930   31937
17940   31937
17950   31937
17960   31937
17970   31937
17980   31937
17990   31937
18000   31937
18010   31937
18020   31937
18030   31937
18040   31937
18050   31937
18060   31937
18070   31937
18080   31937
18090   31937
18100   31937
18110   31937
18120   31937
18130   31937
18140   31937
18150   31937
18160   31937
18170   31937
18180   31937
18190   31937
18200   31937
18210   31937
18220   31937
18230   31937
18240   31937
18250   31937
18260   31937
18270   31937
18280   31937
18290   31937
18300   31937
18310   31937
18320   31937
18330   31937
18340   31937
18350   31937
18360   31937
18370   31937
18380   31937
18390   31937
18400   31937
18410   31937
18420   31937
18430   31937
18440   31937
18450   31937
18460   31937
18470   31937
18480   31937
18490   31937
18500   31937
18510   31937
18520   31937
18530   31937
18540   31937
18550   31937
18560   31937
18570   31937
18580   31937
18590   31937
18600   31937
18610   31937
18620   31937
18630   31937
18640   31937
18650   31937
18660   31937
18670   31937
18680   31937
18690   31937
18700   31937
18710   31937
18720   31937
18730   31937
18740   31937
18750   31937
18760   31937
18770   31937
18780   31937
18790   31937
18800   31937
18810   31937
18820   31937
18830   31937
18840   31937
18850   31937
18860   31937
18870   31937
18880   31937
18890   31937
18900   31937
18910   31937
18920   31937
18930   31937
18940   31937
18950   31937
18960   31937
18970   31937
18980   31937
18990   31937
19000   31937
19010   31937
19020   31937
19030   31937
19040   31937
19050   31937
19060   31937
19070   31937
19080   31937
19090   31937
19100   31937
19110   31937
19120   31937
19130   31937
19140   31937
19150   31937
19160   31937
19170   31937
19180   31937
19190   31937
19200   31937
19210   31937
19220   31937
19230   31937
19240   31937
19250   31937
19260   31937
19270   31937
19280   31937
19290   31937
19300   31937
19310   31937
19320   31937
19330   31937
19340   31937
19350   31937
19360   31937
19370   31937
19380   31937
19390   31937
19400   31937
19410   31937
19420   31937
19430   31937
19440   31937
19450   31937
19460   31937
19470   31937
19480   31937
19490   31937
19500   31937
19510   31937
19520   31937
19530   31937
19540   31937
19550   31937
19560   31937
19570   31937
19580   31937
19590   31937
19600   31937
19610   31937
19620   31937
19630   31937
19640   31937
19650   31937
19660   31937
19670   31937
19680   31937
19690   31937
19700   31937
19710   31937
19720   31937
19730   31937
19740   31937
19750   31937
19760   31937
19770   31937
19780   31937
19790   31937
19800   31937
19810   31937
19820   31937
19830   31937
19840   31937
19850   31937
19860   31937
19870   31937
19880   31937
19890   31937
19900   31937
19910   31937
19920   31937
19930   31937
19940   31937
19950   31937
19960   31937
19970   31937
19980   31937
19990   31937
20000   31937
20010   31937
20020   31937
20030   31937
20040   31937
20050   31937
20060   31937
20070   31937
20080   31937
20090   31937
20100   31937
20110   31937
20120   31937
20130   31937
20140   31937
20150   31937
20160   31937
20170   31937
20180   31937
20190   31937
20200   31937
20210   31937
20220   31937
20230   31937
20240   31937
20250   31937
20260   31937
20270   31937
20280   31937
20290   31937
20300   31937
20310   31937
20320   31937
20330   31937
20340   31937
20350   31937
20360   31937
20370   31937
20380   31937
20390   31937
20400   31937
20410   31937
20420   31937
20430   31937
20440   31937
20450   31937
20460   31937
20470   31937
20480   31937
20490   31937
20500   31937
20510   31937
20520   31937
20530   31937
20540   31937
20550   31937
20560   31937
20570   31937
20580   31937
20590   31937
20600   31937
20610   31937
20620   31937
20630   31937
20640   31937
20650   31937
20660   31937
20670   31937
20680   31937
20690   31937
20700   31937
20710   31937
20720   31937
20730   31937
20740   31937
20750   31937
20760   31937
20770   31937
20780   31937
20790   31937
20800   31937
20810   31937
20820   31937
20830   31937
20840   31937
20850   31937
20860   31937
20870   31937
20880   31937
20890   31937
20900   31937
20910   31937
20920   31937
20930   31937
20940   31937
20950   31937
20960   31937
20970   31937
20980   31937
20990   31937
21000   31937
21010   31937
21020   31937
21030   31937
21040   31937
21050   31937
21060   31937
21070   31937
21080   31937
21090   31937
21100   31937
21110   31937
21120   31937
21130   31937
21140   31937
21150   31937
21160   31937
21170   31937
21180   31937
21190   31937
21200   31937
21210   31937
21220   31937
21230   31937
21240   31937
21250   31937
21260   31937
21270   31937
21280   31937
21290   31937
21300   31937
21310   31937
21320   31937
21330   31937
21340   31937
21350   31937
21360   31937
21370   31937
21380   31937
21390   31937
21400   31937
21410   31937
21420   31937
21430   31937
21440   31937
21450   31937
21460   31937
21470   31937
21480   31937
21490   31937
21500   31937
21510   31937
21520   31937
21530   31937
21540   31937
21550   31937
21560   31937
21570   31937
21580   31937
21590   31937
21600   31937
21610   31937
21620   31937
21630   31937
21640   31937
21650   31937
21660   31937
21670   31937
21680   31937
21690   31937
21700   31937
21710   31937
21720   31937
21730   31937
21740   31937
21750   31937
21760   31937
21770   31937
21780   31937
21790   31937
21800   31937
21810   31937
21820   31937
21830   31937
21840   31937
21850   31937
21860   31937
21870   31937
21880   31937
21890   31937
21900   31937
21910   31937
21920   31937
21930   31937
21940   31937
21950   31937
21960   31937
21970   31937
21980   31937
21990   31937
22000   31937
22010   31937
22020   31937
22030   31937
22040   31937
22050   31937
22060   31937
22070   31937
22080   31937
22090   31937
22100   31937
22110   31937
22120   31937
22130   31937
22140   31937
22150   31937
22160   31937
22170   31937
22180   31937
22190   31937
22200   31937
22210   31937
22220   31937
22230   31937
22240   31937
22250   31937
22260   31937
22270   31937
22280   31937
22290   31937
22300   31937
22310   31937
22320   31937
22330   31937
22340   31937
22350   31937
22360   31937
22370   31937
22380   31937
22390   31937
22400   31937
22410   31937
22420   31937
22430   31937
22440   31937
22450   31937
22460   31937
22470   31937
22480   31937
22490   31937
22500   31937
22510   31937
22520   31937
22530   31937
22540   31937
22550   31937
22560   31937
22570   31937
22580   31937
22590   31937
22600   31937
22610   31937
22620   31937
22630   31937
22640   31937
22650   31937
22660   31937
22670   31937
22680   31937
22690   31937
22700   31937
22710   31937
22720   31937
22730   31937
22740   31937
22750   31937
22760   31937
22770   31937
22780   31937
22790   31937
22800   31937
22810   31937
22820   31937
22830   31937
22840   31937
22850   31937
22860   31937
22870   31937
22880   31937
22890   31937
22900   31937
22910   31937
22920   31937
22930   31937
22940   31937
22950   31937
22960   31937
22970   31937
22980   31937
22990   31937
23000   31937
23010   31937
23020   31937
23030   31937
23040   31937
23050   31937
23060   31937
23070   31937
23080   31937
23090   31937
23100   31937
23110   31937
23120   31937
23130   31937
23140   31937
23150   31937
23160   31937
23170   31937
23180   31937
23190   31937
23200   31937
23210   31937
23220   31937
23230   31937
23240   31937
23250   31937
23260   31937
23270   31937
23280   31937
23290   31937
23300   31937
23310   31937
23320   31937
23330   31937
23340   31937
23350   31937
23360   31937
23370   31937
23380   31937
23390   31937
23400   31937
23410   31937
23420   31937
23430   31937
23440   31937
23450   31937
23460   31937
23470   31937
23480   31937
23490   31937
23500   31937
23510   31937
23520   31937
23530   31937
23540   31937
23550   31937
23560   31937
23570   31937
23580   31937
23590   31937
23600   31937
23610   31937
23620   31937
23630   31937
23640   31937
23650   31937
23660   31937
23670   31937
23680   31937
23690   31937
23700   31937
23710   31937
23720   31937
23730   31937
23740   31937
23750   31937
23760   31937
23770   31937
23780   31937
23790   31937
23800   31937
23810   31937
23820   31937
23830   31937
23840   31937
23850   31937
23860   31937
23870   31937
23880   31937
23890   31937
23900   31937
23910   31937
23920   31937
23930   31937
23940   31937
23950   31937
23960   31937
23970   31937
23980   31937
23990   31937
24000   31937
24010   31937
24020   31937
24030   31937
24040   31937
24050   31937
24060   31937
24070   31937
24080   31937
24090   31937
24100   31937
24110   31937
24120   31937
24130   31937
24140   31937
24150   31937
24160   31937
24170   31937
24180   31937
24190   31937
24200   31937
24210   31937
24220   31937
24230   31937
24240   31937
24250   31937
24260   31937
24270   31937
24280   31937
24290   31937
24300   31937
24310   31937
24320   31937
24330   31937
24340   31937
24350   31937
24360   31937
24370   31937
24380   31937
24390   31937
24400   31937
24410   31937
24420   31937
24430   31937
24440   31937
24450   31937
24460   31937
24470   31937
24480   31937
24490   31937
24500   31937
24510   31937
24520   31937
24530   31937
24540   31937
24550   31937
24560   31937
24570   31937
24580   31937
24590   31937
24600   31937
24610   31937
24620   31937
24630   31937
24640   31937
24650   31937
24660   31937
24670   31937
24680   31937
24690   31937
24700   31937
24710   31937
24720   31937
24730   31937
24740   31937
24750   31937
24760   31937
24770   31937
24780   31937
24790   31937
24800   31937
24810   31937
24820   31937
24830   31937
24840   31937
24850   31937
24860   31937
24870   31937
24880   31937
24890   31937
24900   31937
24910   31937
24920   31937
24930   31937
24940   31937
24950   31937
24960   31937
24970   31937
24980   31937
24990   31937
25000   31937
25010   31937
25020   31937
25030   31937
25040   31937
25050   31937
25060   31937
25070   31937
25080   31937
25090   31937
25100   31937
25110   31937
25120   31937
25130   31937
25140   31937
25150   31937
25160   31937
25170   31937
25180   31937
25190   31937
25200   31937
25210   31937
25220   31937
25230   31937
25240   31937
25250   31937
25260   31937
25270   31937
25280   31937
25290   31937
25300   31937
25310   31937
25320   31937
25330   31937
25340   31937
25350   31937
25360   31937
25370   31937
25380   31937
25390   31937
25400   31937
25410   31937
25420   31937
25430   31937
25440   31937
25450   31937
25460   31937
25470   31937
25480   31937
25490   31937
25500   31937
25510   31937
25520   31937
25530   31937
25540   31937
25550   31937
25560   31937
25570   31937
25580   31937
25590   31937
25600   31937
25610   31937
25620   31937
25630   31937
25640   31937
25650   31937
25660   31937
25670   31937
25680   31937
25690   31937
25700   31937
25710   31937
25720   31937
25730   31937
25740   31937
25750   31937
25760   31937
25770   31937
25780   31937
25790   31937
25800   31937
25810   31937
25820   31937
25830   31937
25840   31937
25850   31937
25860   31937
25870   31937
25880   31937
25890   31937
25900   31937
25910   31937
25920   31937
25930   31937
25940   31937
25950   31937
25960   31937
25970   31937
25980   31937
25990   31937
26000   31937
26010   31937
26020   31937
26030   31937
26040   31937
26050   31937
26060   31937
26070   31937
26080   31937
26090   31937
26100   31937
26110   31937
26120   31937
26130   31937
26140   31937
26150   31937
26160   31937
26170   31937
26180   31937
26190   31937
26200   31937
26210   31937
26220   31937
26230   31937
26240   31937
26250   31937
26260   31937
26270   31937
26280   31937
26290   31937
26300   31937
26310   31937
26320   31937
26330   31937
26340   31937
26350   31937
26360   31937
26370   31937
26380   31937
26390   31937
26400   31937
26410   31937
26420   31937
26430   31937
26440   31937
26450   31937
26460   31937
26470   31937
26480   31937
26490   31937
26500   31937
26510   31937
26520   31937
26530   31937
26540   31937
26550   31937
26560   31937
26570   31937
26580   31937
26590   31937
26600   31937
26610   31937
26620   31937
26630   31937
26640   31937
26650   31937
26660   31937
26670   31937
26680   31937
26690   31937
26700   31937
26710   31937
26720   31937
26730   31937
26740   31937
26750   31937
26760   31937
26770   31937
26780   31937
26790   31937
26800   31937
26810   31937
26820   31937
26830   31937
26840   31937
26850   31937
26860   31937
26870   31937
26880   31937
26890   31937
26900   31937
26910   31937
26920   31937
26930   31937
26940   31937
26950   31937
26960   31937
26970   31937
26980   31937
26990   31937
27000   31937
27010   31937
27020   31937
27030   31937
27040   31937
27050   31937
27060   31937
27070   31937
27080   31937
27090   31937
27100   31937
27110   31937
27120   31937
27130   31937
27140   31937
27150   31937
27160   31937
27170   31937
27180   31937
27190   31937
27200   31937
27210   31937
27220   31937
27230   31937
27240   31937
27250   31937
27260   31937
27270   31937
27280   31937
27290   31937
27300   31937
27310   31937
27320   31937
27330   31937
27340   31937
27350   31937
27360   31937
27370   31937
27380   31937
27390   31937
27400   31937
27410   31937
27420   31937
27430   31937
27440   31937
27450   31937
27460   31937
27470   31937
27480   31937
27490   31937
27500   31937
27510   31937
27520   31937
27530   31937
27540   31937
27550   31937
27560   31937
27570   31937
27580   31937
27590   31937
27600   31937
27610   31937
27620   31937
27630   31937
27640   31937
27650   31937
27660   31937
27670   31937
27680   31937
27690   31937
27700   31937
27710   31937
27720   31937
27730   31937
27740   31937
27750   31937
27760   31937
27770   31937
27780   31937
27790   31937
27800   31937
27810   31937
27820   31937
27830   31937
27840   31937
27850   31937
27860   31937
27870   31937
27880   31937
27890   31937
27900   31937
27910   31937
27920   31937
27930   31937
27940   31937
27950   31937
27960   31937
27970   31937
27980   31937
27990   31937
28000   31937
28010   31937
28020   31937
28030   31937
28040   31937
28050   31937
28060   31937
28070   31937
28080   31937
28090   31937
28100   31937
28110   31937
28120   31937
28130   31937
28140   31937
28150   31937
28160   31937
28170   31937
28180   31937
28190   31937
28200   31937
28210   31937
28220   31937
28230   31937
28240   31937
28250   31937
28260   31937
28270   31937
28280   31937
28290   31937
28300   31937
28310   31937
28320   31937
28330   31937
28340   31937
28350   31937
28360   31937
28370   31937
28380   31937
28390   31937
28400   31937
28410   31937
28420   31937
28430   31937
28440   31937
28450   31937
28460   31937
28470   31937
28480   31937
28490   31937
28500   31937
28510   31937
28520   31937
28530   31937
28540   31937
28550   31937
28560   31937
28570   31937
28580   31937
28590   31937
28600   31937
28610   31937
28620   31937
28630   31937
28640   31937
28650   31937
28660   31937
28670   31937
28680   31937
28690   31937
28700   31937
28710   31937
28720   31937
28730   31937
28740   31937
28750   31937
28760   31937
28770   31937
28780   31937
28790   31937
28800   31937
28810   31937
28820   31937
28830   31937
28840   31937
28850   31937
28860   31937
28870   31937
28880   31937
28890   31937
28900   31937
28910   31937
28920   31937
28930   31937
28940   31937
28950   31937
28960   31937
28970   31937
28980   31937
28990   31937
29000   31937
29010   31937
29020   31937
29030   31937
29040   31937
29050   31937
29060   31937
29070   31937
29080   31937
29090   31937
29100   31937
29110   31937
29120   31937
29130   31937
29140   31937
29150   31937
29160   31937
29170   31937
29180   31937
29190   31937
29200   31937
29210   31937
29220   31937
29230   31937
29240   31937
29250   31937
29260   31937
29270   31937
29280   31937
29290   31937
29300   31937
29310   31937
29320   31937
29330   31937
29340   31937
29350   31937
29360   31937
29370   31937
29380   31937
29390   31937
29400   31937
29410   31937
29420   31937
29430   31937
29440   31937
29450   31937
29460   31937
29470   31937
29480   31937
29490   31937
29500   31937
29510   31937
29520   31937
29530   31937
29540   31937
29550   31937
29560   31937
29570   31937
29580   31937
29590   31937
29600   31937
29610   31937
29620   31937
29630   31937
29640   31937
29650   31937
29660   31937
29670   31937
29680   31937
29690   31937
29700   31937
29710   31937
29720   31937
29730   31937
29740   31937
29750   31937
29760   31937
29770   31937
29780   31937
29790   31937
29800   31937
29810   31937
29820   31937
29830   31937
29840   31937
29850   31937
29860   31937
29870   31937
29880   31937
29890   31937
29900   31937
29910   31937
29920   31937
29930   31937
29940   31937
29950   31937
29960   31937
29970   31937
29980   31937
29990   31937
30000   31937
30010   31937
30020   31937
30030   31937
30040   31937
30050   31937
30060   31937
30070   31937
30080   31937
30090   31937
30100   31937
30110   31937
30120   31937
30130   31937
30140   31937
30150   31937
30160   31937
30170   31937
30180   31937
30190   31937
30200   31937
30210   31937
30220   31937
30230   31937
30240   31937
30250   31937
30260   31937
30270   31937
30280   31937
30290   31937
30300   31937
30310   31937
30320   31937
30330   31937
30340   31937
30350   31937
30360   31937
30370   31937
30380   31937
30390   31937
30400   31937
30410   31937
30420   31937
30430   31937
30440   31937
30450   31937
30460   31937
30470   31937
30480   31937
30490   31937
30500   31937
30510   31937
30520   31937
30530   31937
30540   31937
30550   31937
30560   31937
30570   31937
30580   31937
30590   31937
30600   31937
30610   31937
30620   31937
30630   31937
30640   31937
30650   31937
30660   31937
30670   31937
30680   31937
30690   31937
30700   31937
30710   31937
30720   31937
30730   31937
30740   31937
30750   31937
30760   31937
30770   31937
30780   31937
30790   31937
30800   31937
30810   31937
30820   31937
30830   31937
30840   31937
30850   31937
30860   31937
30870   31937
30880   31937
30890   31937
30900   31937
30910   31937
30920   31937
30930   31937
30940   31937
30950   31937
30960   31937
30970   31937
30980   31937
30990   31937
31000   31937
31010   31937
31020   31937
31030   31937
31040   31937
31050   31937
31060   31937
31070   31937
31080   31937
31090   31937
31100   31937
31110   31937
31120   31937
31130   31937
31140   31937
31150   31937
31160   31937
31170   31937
31180   31937
31190   31937
31200   31937
31210   31937
31220   31937
31230   31937
31240   31937
31250   31937
31260   31937
31270   31937
31280   31937
31290   31937
31300   31937
31310   31937
31320   31937
31330   31937
31340   31937
31350   31937
31360   31937
31370   31937
31380   31937
31390   31937
31400   31937
31410   31937
31420   31937
31430   31937
31440   31937
31450   31937
31460   31937
31470   31937
31480   31937
31490   31937
31500   31937
31510   31937
31520   31937
31530   31937
31540   31937
31550   31937
31560   31937
31570   31937
31580   31937
31590   31937
31600   31937
31610   31937
31620   31937
31630   31937
31640   31937
31650   31937
31660   31937
31670   31937
31680   31937
31690   31937
31700   31937
31710   31937
31720   31937
31730   31937
31740   31937
31750   31937
31760   31937
31770   31937
31780   31937
31790   31937
31800   31937
31810   31937
31820   31937
31830   31937
31840   31937
31850   31937
31860   31937
31870   31937
31880   31937
31890   31937
31900   31937
31910   31937
31920   31937
31930   31937
31940   31937
31950   31937
31960   31937
31970   31937
31980   31937
31990   31937
32000   31937
32010   31937
32020   31937
32030   31937
32040   31937
32050   31937
32060   31937
32070   31937
32080   31937
32090   31937
32100   31937
32110   31937
32120   31937
32130   31937
32140   31937
32150   31937
32160   31937
32170   31937
32180   31937
32190   31937
32200   31937
32210   31937
32220   31937
32230   31937
32240   31937
32250   31937
32260   31937
32270   31937
32280   31929
32290   31929
32300   31929
32310   31929
32320   31929
32330   31929
32340   31929
32350   31929
32360   31929
32370   31929
32380   31929
32390   31929
32400   31929
32410   31929
32420   31929
32430   31929
32440   31929
32450   31929
32460   31929
32470   31929
32480   31929
32490   31929
32500   31929
32510   31929
32520   31929
32530   31929
32540   31929
32550   31929
32560   31929
32570   31929
32580   31929
32590   31929
32600   31929
32610   31929
32620   31929
32630   31929
32640   31929
32650   31929
32660   31929
32670   31929
32680   31929
32690   31929
32700   31929
32710   31929
32720   31929
32730   31929
32740   31929
32750   31929
32760   31929
32770   31929
32780   31929
32790   31929
32800   31929
32810   31929
32820   31929
32830   31929
32840   31929
32850   31929
32860   31929
32870   31929
32880   31929
32890   31929
32900   31929
32910   31929
32920   31929
32930   31929
32940   31929
32950   31929
32960   31929
32970   31929
32980   31929
32990   31929
33000   31929
33010   31929
33020   31929
33030   31929
33040   31929
33050   31929
33060   31929
33070   31929
33080   31929
33090   31929
33100   31929
33110   31929
33120   31929
33130   31929
33140   31929
33150   31929
33160   31929
33170   31929
33180   31929
33190   31929
33200   31929
33210   31929
33220   31929
33230   31929
33240   31929
33250   31929
33260   31929
33270   31929
33280   31929
33290   31929
33300   31929
33310   31929
33320   31929
33330   31929
33340   31929
33350   31929
33360   31929
33370   31929
33380   31929
33390   31929
33400   31929
33410   31929
33420   31929
33430   31929
33440   31929
33450   31929
33460   31929
33470   31929
33480   31929
33490   31929
33500   31929
33510   31929
33520   31929
33530   31929
33540   31929
33550   31929
33560   31929
33570   31929
33580   31929
33590   31929
33600   31929
33610   31929
33620   31929
33630   31929
33640   31929
33650   31929
33660   31929
33670   31929
33680   31929
33690   31929
33700   31929
33710   31929
33720   31929
33730   31929
33740   31929
33750   31929
33760   31929
33770   31929
33780   31929
33790   31929
33800   31929
33810   31929
33820   31929
33830   31929
33840   31929
33850   31929
33860   31929
33870   31929
33880   31929
33890   31929
33900   31929
33910   31929
33920   31929
33930   31929
33940   31929
33950   31929
33960   31929
33970   31929
33980   31929
33990   31929
34000   31929
34010   31929
34020   31929
34030   31929
34040   31929
34050   31929
34060   31929
34070   31929
34080   31929
34090   31929
34100   31929
34110   31929
34120   31929
34130   31929
34140   31929
34150   31929
34160   31929
34170   31929
34180   31929
34190   31929
34200   31929
34210   31929
34220   31929
34230   31929
34240   31929
34250   31929
34260   31929
34270   31929
34280   31929
34290   31929
34300   31929
34310   31929
34320   31929
34330   31929
34340   31929
34350   31929
34360   31929
34370   31929
34380   31929
34390   31929
34400   31929
34410   31929
34420   31929
34430   31929
34440   31929
34450   31929
34460   31929
34470   31929
34480   31929
34490   31929
34500   31929
34510   31929
34520   31929
34530   31929
34540   31929
34550   31929
34560   31929
34570   31929
34580   31929
34590   31929
34600   31929
34610   31929
34620   31929
34630   31929
34640   31929
34650   31929
34660   31929
34670   31929
34680   31929
34690   31929
34700   31929
34710   31929
34720   31929
34730   31929
34740   31929
34750   31929
34760   31929
34770   31929
34780   31929
34790   31929
34800   31929
34810   31929
34820   31929
34830   31929
34840   31929
34850   31929
34860   31929
34870   31929
34880   31929
34890   31929
34900   31929
34910   31929
34920   31929
34930   31929
34940   31929
34950   31929
34960   31929
34970   31929
34980   31929
34990   31929
35000   31929
35010   31929
35020   31929
35030   31929
35040   31929
35050   31929
35060   31929
35070   31929
35080   31929
35090   31929
35100   31929
35110   31929
35120   31929
35130   31929
35140   31929
35150   31929
35160   31929
35170   31929
35180   31929
35190   31929
35200   31929
35210   31929
35220   31929
35230   31929
35240   31929
35250   31929
35260   31929
35270   31929
35280   31929
35290   31929
35300   31929
35310   31929
35320   31929
35330   31929
35340   31929
35350   31929
35360   31929
35370   31929
35380   31929
35390   31929
35400   31929
35410   31929
35420   31929
35430   31929
35440   31929
35450   31929
35460   31929
35470   31929
35480   31929
35490   31929
35500   31929
35510   31929
35520   31929
35530   31929
35540   31929
35550   31929
35560   31929
35570   31929
35580   31929
35590   31929
35600   31929
35610   31929
35620   31929
35630   31929
35640   31929
35650   31929
35660   31929
35670   31929
35680   31929
35690   31929
35700   31929
35710   31929
35720   31929
35730   31929
35740   31929
35750   31929
35760   31929
35770   31929
35780   31929
35790   31929
35800   31929
35810   31929
35820   31929
35830   31929
35840   31929
35850   31929
35860   31929
35870   31929
35880   31929
35890   31929
35900   31929
35910   31929
35920   31929
35930   31929
35940   31929
35950   31929
35960   31929
35970   31929
35980   31929
35990   31929
36000   31929
36010   31929
36020   31929
36030   31929
36040   31929
36050   31929
36060   31929
36070   31929
36080   31929
36090   31929
36100   31929
36110   31929
36120   31929
36130   31929
36140   31929
36150   31929
36160   31929
36170   31929
36180   31929
36190   31929
36200   31929
36210   31929
36220   31929
36230   31929
36240   31929
36250   31929
36260   31929
36270   31929
36280   31929
36290   31929
36300   31929
36310   31929
36320   31929
36330   31929
36340   31929
36350   31929
36360   31929
36370   31929
36380   31929
36390   31929
36400   31929
36410   31929
36420   31929
36430   31929
36440   31929
36450   31929
36460   31929
36470   31929
36480   31929
36490   31929
36500   31929
36510   31929
36520   31929
36530   31929
36540   31929
36550   31929
36560   31929
36570   31929
36580   31929
36590   31929
36600   31929
36610   31929
36620   31929
36630   31929
36640   31929
36650   31929
36660   31929
36670   31929
36680   31929
36690   31929
36700   31929
36710   31929
36720   31929
36730   31929
36740   31929
36750   31929
36760   31929
36770   31929
36780   31929
36790   31929
36800   31929
36810   31929
36820   31929
36830   31929
36840   31929
36850   31929
36860   31929
36870   31929
36880   31929
36890   31929
36900   31929
36910   31929
36920   31929
36930   31929
36940   31929
36950   31929
36960   31929
36970   31929
36980   31929
36990   31929
37000   31929
37010   31929
37020   31929
37030   31929
37040   31929
37050   31929
37060   31929
37070   31929
37080   31929
37090   31929
37100   31929
37110   31929
37120   31929
37130   31929
37140   31929
37150   31929
37160   31929
37170   31929
37180   31929
37190   31929
37200   31929
37210   31929
37220   31929
37230   31929
37240   31929
37250   31929
37260   31929
37270   31929
37280   31929
37290   31929
37300   31929
37310   31929
37320   31929
37330   31929
37340   31929
37350   31929
37360   31929
37370   31929
37380   31929
37390   31929
37400   31929
37410   31929
37420   31929
37430   31929
37440   31929
37450   31929
37460   31929
37470   31929
37480   31929
37490   31929
37500   31929
37510   31929
37520   31929
37530   31929
37540   31929
37550   31929
37560   31929
37570   31929
37580   31929
37590   31929
37600   31929
37610   31929
37620   31929
37630   31929
37640   31929
37650   31929
37660   31929
37670   31929
37680   31929
37690   31929
37700   31929
37710   31929
37720   31929
37730   31929
37740   31929
37750   31929
37760   31929
37770   31929
37780   31929
37790   31929
37800   31929
37810   31929
37820   31929
37830   31929
37840   31929
37850   31929
37860   31929
37870   31929
37880   31929
37890   31929
37900   31929
37910   31929
37920   31929
37930   31929
37940   31929
37950   31929
37960   31929
37970   31929
37980   31929
37990   31929
38000   31929
38010   31929
38020   31929
38030   31929
38040   31929
38050   31929
38060   31929
38070   31929
38080   31929
38090   31929
38100   31929
38110   31929
38120   31929
38130   31929
38140   31929
38150   31929
38160   31929
38170   31929
38180   31929
38190   31929
38200   31929
38210   31929
38220   31929
38230   31929
38240   31929
38250   31929
38260   31929
38270   31929
38280   31929
38290   31929
38300   31929
38310   31929
38320   31929
38330   31929
38340   31929
38350   31929
38360   31929
38370   31929
38380   31929
38390   31929
38400   31929
38410   31929
38420   31929
38430   31929
38440   31929
38450   31929
38460   31929
38470   31929
38480   31929
38490   31929
38500   31929
38510   31929
38520   31929
38530   31929
38540   31929
38550   31929
38560   31929
38570   31929
38580   31929
38590   31929
38600   31929
38610   31929
38620   31929
38630   31929
38640   31929
38650   31929
38660   31929
38670   31929
38680   31929
38690   31929
38700   31929
38710   31929
38720   31929
38730   31929
38740   31929
38750   31929
38760   31929
38770   31929
38780   31929
38790   31929
38800   31929
38810   31929
38820   31929
38830   31929
38840   31929
38850   31929
38860   31929
38870   31929
38880   31929
38890   31929
38900   31929
38910   31929
38920   31929
38930   31929
38940   31929
38950   31929
38960   31929
38970   31929
38980   31929
38990   31929
39000   31929
39010   31929
39020   31929
39030   31929
39040   31929
39050   31929
39060   31929
39070   31929
39080   31929
39090   31929
39100   31929
39110   31929
39120   31929
39130   31929
39140   31929
39150   31929
39160   31929
39170   31929
39180   31929
39190   31929
39200   31929
39210   31929
39220   31929
39230   31929
39240   31929
39250   31929
39260   31929
39270   31929
39280   31929
39290   31929
39300   31929
39310   31929
39320   31929
39330   31929
39340   31929
39350   31929
39360   31929
39370   31929
39380   31929
39390   31929
39400   31929
39410   31929
39420   31929
39430   31929
39440   31929
39450   31929
39460   31929
39470   31929
39480   31929
39490   31929
39500   31929
39510   31929
39520   31929
39530   31929
39540   31929
39550   31929
39560   31929
39570   31929
39580   31929
39590   31929
39600   31929
39610   31929
39620   31929
39630   31929
39640   31929
39650   31929
39660   31929
39670   31929
39680   31929
39690   31929
39700   31929
39710   31929
39720   31929
39730   31929
39740   31929
39750   31929
39760   31929
39770   31929
39780   31929
39790   31929
39800   31929
39810   31929
39820   31929
39830   31929
39840   31929
39850   31929
39860   31929
39870   31929
39880   31929
39890   31929
39900   31929
39910   31929
39920   31929
39930   31929
39940   31929
39950   31929
39960   31929
39970   31929
39980   31929
39990   31929
40000   31929
40010   31929
40020   31929
40030   31929
40040   31929
40050   31929
40060   31929
40070   31929
40080   31929
40090   31929
40100   31929
40110   31929
40120   31929
40130   31929
40140   31929
40150   31929
40160   31929
40170   31929
40180   31929
40190   31929
40200   31929
40210   31929
40220   31929
40230   31929
40240   31929
40250   31929
40260   31929
40270   31929
40280   31929
40290   31929
40300   31929
40310   31929
40320   31929
40330   31929
40340   31929
40350   31929
40360   31929
40370   31929
40380   31929
40390   31929
40400   31929
40410   31929
40420   31929
40430   31929
40440   31929
40450   31929
40460   31929
40470   31929
40480   31929
40490   31929
40500   31929
40510   31929
40520   31929
40530   31929
40540   31929
40550   31929
40560   31929
40570   31929
40580   31929
40590   31929
40600   31929
40610   31929
40620   31929
40630   31929
40640   31929
40650   31929
40660   31929
40670   31929
40680   31929
40690   31929
40700   31929
40710   31929
40720   31929
40730   31929
40740   31929
40750   31929
40760   31929
40770   31929
40780   31929
40790   31929
40800   31929
40810   31929
40820   31929
40830   31929
40840   31929
40850   31929
40860   31929
40870   31929
40880   31929
40890   31929
40900   31929
40910   31929
40920   31929
40930   31929
40940   31929
40950   31929
40960   31929
40970   31929
40980   31929
40990   31929
41000   31929
41010   31929
41020   31929
41030   31929
41040   31929
41050   31929
41060   31929
41070   31929
41080   31929
41090   31929
41100   31929
41110   31929
41120   31929
41130   31929
41140   31929
41150   31929
41160   31929
41170   31929
41180   31929
41190   31929
41200   31929
41210   31929
41220   31929
41230   31929
41240   31929
41250   31929
41260   31929
41270   31929
41280   31929
41290   31929
41300   31929
41310   31929
41320   31929
41330   31929
41340   31929
41350   31929
41360   31929
41370   31929
41380   31929
41390   31929
41400   31929
41410   31929
41420   31929
41430   31929
41440   31929
41450   31929
41460   31929
41470   31929
41480   31929
41490   31929
41500   31929
41510   31929
41520   31929
41530   31929
41540   31929
41550   31929
41560   31929
41570   31929
41580   31929
41590   31929
41600   31929
41610   31929
41620   31929
41630   31929
41640   31929
41650   31929
41660   31929
41670   31929
41680   31929
41690   31929
41700   31929
41710   31929
41720   31929
41730   31929
41740   31929
41750   31929
41760   31873
41770   31873
41780   31873
41790   31873
41800   31873
41810   31873
41820   31873
41830   31873
41840   31873
41850   31873
41860   31873
41870   31873
41880   31873
41890   31873
41900   31873
41910   31873
41920   31873
41930   31873
41940   31873
41950   31873
41960   31873
41970   31873
41980   31873
41990   31873
42000   31873
42010   31873
42020   31873
42030   31873
42040   31873
42050   31873
42060   31873
42070   31873
42080   31873
42090   31873
42100   31873
42110   31873
42120   31873
42130   31873
42140   31873
42150   31873
42160   31873
42170   31873
42180   31873
42190   31873
42200   31873
42210   31873
42220   31873
42230   31873
42240   31873
42250   31873
42260   31873
42270   31873
42280   31873
42290   31873
42300   31873
42310   31873
42320   31873
42330   31873
42340   31873
42350   31873
42360   31873
42370   31873
42380   31873
42390   31873
42400   31873
42410   31873
42420   31873
42430   31873
42440   31873
42450   31873
42460   31873
42470   31873
42480   31873
42490   31873
42500   31873
42510   31873
42520   31873
42530   31873
42540   31873
42550   31873
42560   31873
42570   31873
42580   31873
42590   31873
42600   31873
42610   31873
42620   31873
42630   31873
42640   31873
42650   31873
42660   31873
42670   31873
42680   31873
42690   31873
42700   31873
42710   31873
42720   31873
42730   31873
42740   31873
42750   31873
42760   31873
42770   31873
42780   31873
42790   31873
42800   31873
42810   31873
42820   31873
42830   31873
42840   31873
42850   31873
42860   31873
42870   31873
42880   31873
42890   31873
42900   31873
42910   31873
42920   31873
42930   31873
42940   31873
42950   31873
42960   31873
42970   31873
42980   31873
42990   31873
43000   31873
43010   31873
43020   31873
43030   31873
43040   31873
43050   31873
43060   31873
43070   31873
43080   31873
43090   31873
43100   31873
43110   31873
43120   31873
43130   31873
43140   31873
43150   31873
43160   31873
43170   31873
43180   31873
43190   31873
43200   31873
43210   31873
43220   31873
43230   31873
43240   31873
43250   31873
43260   31873
43270   31873
43280   31873
43290   31873
43300   31873
43310   31873
43320   31873
43330   31873
43340   31873
43350   31873
43360   31873
43370   31873
43380   31873
43390   31873
43400   31873
43410   31873
43420   31873
43430   31873
43440   31873
43450   31873
43460   31873
43470   31873
43480   31873
43490   31873
43500   31873
43510   31873
43520   31873
43530   31873
43540   31873
43550   31873
43560   31873
43570   31873
43580   31873
43590   31873
43600   31873
43610   31873
43620   31873
43630   31873
43640   31873
43650   31873
43660   31873
43670   31873
43680   31873
43690   31873
43700   31873
43710   31873
43720   31873
43730   31873
43740   31873
43750   31873
43760   31873
43770   31873
43780   31873
43790   31873
43800   31873
43810   31873
43820   31873
43830   31873
43840   31873
43850   31873
43860   31873
43870   31873
43880   31873
43890   31873
43900   31873
43910   31873
43920   31873
43930   31873
43940   31873
43950   31873
43960   31873
43970   31873
43980   31873
43990   31873
44000   31873
44010   31873
44020   31873
44030   31873
44040   31873
44050   31873
44060   31873
44070   31873
44080   31873
44090   31873
44100   31873
44110   31873
44120   31873
44130   31873
44140   31873
44150   31873
44160   31873
44170   31873
44180   31873
44190   31873
44200   31873
44210   31873
44220   31873
44230   31873
44240   31873
44250   31873
44260   31873
44270   31873
44280   31873
44290   31873
44300   31873
44310   31873
44320   31873
44330   31873
44340   31873
44350   31873
44360   31873
44370   31873
44380   31873
44390   31873
44400   31873
44410   31873
44420   31873
44430   31873
44440   31873
44450   31873
44460   31873
44470   31873
44480   31873
44490   31873
44500   31873
44510   31873
44520   31873
44530   31873
44540   31873
44550   31873
44560   31873
44570   31873
44580   31873
44590   31873
44600   31873
44610   31873
44620   31873
44630   31873
44640   31873
44650   31873
44660   31873
44670   31873
44680   31873
44690   31873
44700   31873
44710   31873
44720   31873
44730   31873
44740   31873
44750   31873
44760   31873
44770   31873
44780   31873
44790   31873
44800   31873
44810   31873
44820   31873
44830   31873
44840   31873
44850   31873
44860   31873
44870   31873
44880   31873
44890   31873
44900   31873
44910   31873
44920   31873
44930   31873
44940   31873
44950   31873
44960   31873
44970   31873
44980   31873
44990   31873
45000   31873
45010   31873
45020   31873
45030   31873
45040   31873
45050   31873
45060   31873
45070   31873
45080   31873
45090   31873
45100   31873
45110   31873
45120   31873
45130   31873
45140   31873
45150   31873
45160   31873
45170   31873
45180   31873
45190   31873
45200   31873
45210   31873
45220   31873
45230   31873
45240   31873
45250   31873
45260   31873
45270   31873
45280   31873
45290   31873
45300   31873
45310   31873
45320   31873
45330   31873
45340   31873
45350   31873
45360   31873
45370   31873
45380   31873
45390   31873
45400   31873
45410   31873
45420   31873
45430   31873
45440   31873
45450   31873
45460   31873
45470   31873
45480   31873
45490   31873
45500   31873
45510   31873
45520   31873
45530   31873
45540   31873
45550   31873
45560   31873
45570   31873
45580   31873
45590   31873
45600   31873
45610   31873
45620   31873
45630   31873
45640   31873
45650   31873
45660   31873
45670   31873
45680   31873
45690   31873
45700   31873
45710   31873
45720   31873
45730   31873
45740   31873
45750   31873
45760   31873
45770   31873
45780   31873
45790   31873
45800   31873
45810   31873
45820   31873
45830   31873
45840   31873
45850   31873
45860   31873
45870   31873
45880   31873
45890   31873
45900   31873
45910   31873
45920   31873
45930   31873
45940   31873
45950   31873
45960   31873
45970   31873
45980   31873
45990   31873
46000   31873
46010   31873
46020   31873
46030   31873
46040   31873
46050   31873
46060   31873
46070   31873
46080   31873
46090   31873
46100   31873
46110   31873
46120   31873
46130   31873
46140   31873
46150   31873
46160   31873
46170   31873
46180   31873
46190   31873
46200   31873
46210   31873
46220   31873
46230   31873
46240   31873
46250   31873
46260   31873
46270   31873
46280   31873
46290   31873
46300   31873
46310   31873
46320   31873
46330   31873
46340   31873
46350   31873
46360   31873
46370   31873
46380   31873
46390   31873
46400   31873
46410   31873
46420   31873
46430   31873
46440   31873
46450   31873
46460   31873
46470   31873
46480   31873
46490   31873
46500   31873
46510   31873
46520   31873
46530   31873
46540   31873
46550   31873
46560   31873
46570   31873
46580   31873
46590   31873
46600   31873
46610   31873
46620   31873
46630   31873
46640   31873
46650   31873
46660   31873
46670   31873
46680   31873
46690   31873
46700   31873
46710   31873
46720   31873
46730   31873
46740   31873
46750   31873
46760   31873
46770   31873
46780   31873
46790   31873
46800   31873
46810   31873
46820   31873
46830   31873
46840   31873
46850   31873
46860   31873
46870   31873
46880   31873
46890   31873
46900   31873
46910   31873
46920   31873
46930   31873
46940   31873
46950   31873
46960   31873
46970   31873
46980   31873
46990   31873
47000   31873
47010   31873
47020   31873
47030   31873
47040   31873
47050   31873
47060   31873
47070   31873
47080   31873
47090   31873
47100   31873
47110   31873
47120   31873
47130   31873
47140   31873
47150   31873
47160   31873
47170   31873
47180   31873
47190   31873
47200   31873
47210   31873
47220   31873
47230   31873
47240   31873
47250   31873
47260   31873
47270   31873
47280   31873
47290   31873
47300   31873
47310   31873
47320   31873
47330   31873
47340   31873
47350   31873
47360   31873
47370   31873
47380   31873
47390   31873
47400   31873
47410   31873
47420   31873
47430   31873
47440   31873
47450   31873
47460   31873
47470   31873
47480   31873
47490   31873
47500   31873
47510   31873
47520   31873
47530   31873
47540   31873
47550   31873
47560   31873
47570   31873
47580   31873
47590   31873
47600   31873
47610   31873
47620   31873
47630   31873
47640   31873
47650   31873
47660   31873
47670   31873
47680   31873
47690   31873
47700   31873
47710   31873
47720   31873
47730   31873
47740   31873
47750   31873
47760   31873
47770   31873
47780   31873
47790   31873
47800   31873
47810   31873
47820   31873
47830   31873
47840   31873
47850   31873
47860   31873
47870   31873
47880   31873
47890   31873
47900   31873
47910   31873
47920   31873
47930   31873
47940   31873
47950   31873
47960   31873
47970   31873
47980   31873
47990   31873
48000   31873
48010   31873
48020   31873
48030   31873
48040   31873
48050   31873
48060   31873
48070   31873
48080   31873
48090   31873
48100   31873
48110   31873
48120   31873
48130   31873
48140   31873
48150   31873
48160   31873
48170   31873
48180   31873
48190   31873
48200   31873
48210   31873
48220   31873
48230   31873
48240   31873
48250   31873
48260   31873
48270   31873
48280   31873
48290   31873
48300   31873
48310   31873
48320   31873
48330   31873
48340   31873
48350   31873
48360   31873
48370   31873
48380   31873
48390   31873
48400   31873
48410   31873
48420   31873
48430   31873
48440   31873
48450   31873
48460   31873
48470   31873
48480   31873
48490   31873
48500   31873
48510   31873
48520   31873
48530   31873
48540   31873
48550   31873
48560   31873
48570   31873
48580   31873
48590   31873
48600   31873
48610   31873
48620   31873
48630   31873
48640   31873
48650   31873
48660   31873
48670   31873
48680   31873
48690   31873
48700   31873
48710   31873
48720   31873
48730   31873
48740   31873
48750   31873
48760   31873
48770   31873
48780   31873
48790   31873
48800   31873
48810   31873
48820   31873
48830   31873
48840   31873
48850   31873
48860   31873
48870   31873
48880   31873
48890   31873
48900   31873
48910   31873
48920   31873
48930   31873
48940   31873
48950   31873
48960   31873
48970   31873
48980   31873
48990   31873
49000   31873
49010   31873
49020   31873
49030   31873
49040   31873
49050   31873
49060   31873
49070   31873
49080   31873
49090   31873
49100   31873
49110   31873
49120   31873
49130   31873
49140   31873
49150   31873
49160   31873
49170   31873
49180   31873
49190   31873
49200   31873
49210   31873
49220   31873
49230   31873
49240   31873
49250   31873
49260   31873
49270   31873
49280   31873
49290   31873
49300   31873
49310   31873
49320   31873
49330   31873
49340   31873
49350   31873
49360   31873
49370   31873
49380   31873
49390   31873
49400   31873
49410   31873
49420   31873
49430   31873
49440   31873
49450   31873
49460   31873
49470   31873
49480   31873
49490   31873
49500   31873
49510   31873
49520   31873
49530   31873
49540   31873
49550   31873
49560   31873
49570   31873
49580   31873
49590   31873
49600   31873
49610   31873
49620   31873
49630   31873
49640   31873
49650   31873
49660   31873
49670   31873
49680   31873
49690   31873
49700   31873
49710   31873
49720   31873
49730   31873
49740   31873
49750   31873
49760   31873
49770   31873
49780   31873
49790   31873
49800   31873
49810   31873
49820   31873
49830   31873
49840   31873
49850   31873
49860   31873
49870   31873
49880   31873
49890   31873
49900   31873
49910   31873
49920   31873
49930   31873
49940   31873
49950   31873
49960   31873
49970   31873
49980   31873
49990   31873
50000   31873
50010   31873
50020   31873
50030   31873
50040   31873
50050   31873
50060   31873
50070   31873
50080   31873
50090   31873
50100   31873
50110   31873
50120   31873
50130   31873
50140   31873
50150   31873
50160   31873
50170   31873
50180   31873
50190   31873
50200   31873
50210   31873
50220   31873
50230   31873
50240   31873
50250   31873
50260   31873
50270   31873
50280   31873
50290   31873
50300   31873
50310   31873
50320   31873
50330   31873
50340   31873
50350   31873
50360   31873
50370   31873
50380   31873
50390   31873
50400   31873
50410   31873
50420   31873
50430   31873
50440   31873
50450   31873
50460   31873
50470   31873
50480   31873
50490   31873
50500   31873
50510   31873
50520   31873
50530   31873
50540   31873
50550   31873
50560   31873
50570   31873
50580   31873
50590   31873
50600   31873
50610   31873
50620   31873
50630   31873
50640   31873
50650   31873
50660   31873
50670   31873
50680   31873
50690   31873
50700   31873
50710   31873
50720   31873
50730   31873
50740   31873
50750   31873
50760   31873
50770   31873
50780   31873
