10   32905
20   32697
30   32393
40   32393
50   32393
60   32393
70   32393
80   32393
90   32393
100   32393
110   32393
120   32393
130   32385
140   32385
150   32385
160   32385
170   32385
180   32385
190   32201
200   32201
210   32201
220   32201
230   32201
240   32201
250   32201
260   32201
270   32201
280   32201
290   32201
300   32201
310   32201
320   32201
330   32201
340   32201
350   32201
360   32201
370   32201
380   32201
390   32201
400   32201
410   32201
420   32201
430   32201
440   32201
450   32201
460   32201
470   32201
480   32201
490   32201
500   32201
510   32201
520   32201
530   32201
540   32201
550   32081
560   32081
570   32081
580   32081
590   32081
600   32081
610   32081
620   32081
630   32081
640   32081
650   32081
660   32081
670   32081
680   32081
690   32081
700   32081
710   32081
720   32081
730   32073
740   32073
750   32073
760   32073
770   32073
780   32073
790   32073
800   32073
810   32073
820   32073
830   32073
840   32073
850   32073
860   32073
870   32073
880   32073
890   32073
900   32073
910   32073
920   32073
930   32073
940   32073
950   32073
960   32073
970   32073
980   32073
990   32073
1000   32073
1010   32073
1020   32073
1030   32073
1040   32073
1050   32073
1060   32073
1070   32073
1080   32073
1090   32073
1100   32073
1110   32073
1120   32073
1130   32073
1140   32073
1150   32073
1160   32073
1170   32073
1180   32073
1190   32073
1200   32073
1210   32073
1220   32073
1230   32073
1240   32073
1250   32073
1260   32073
1270   32073
1280   32073
1290   32073
1300   32073
1310   32073
1320   32073
1330   32073
1340   32073
1350   32073
1360   32073
1370   32073
1380   32073
1390   32073
1400   32073
1410   32073
1420   32073
1430   32073
1440   32073
1450   32073
1460   32073
1470   32073
1480   32073
1490   32073
1500   32073
1510   32073
1520   32073
1530   32073
1540   32073
1550   32073
1560   32073
1570   32073
1580   32073
1590   32073
1600   32073
1610   32073
1620   32073
1630   32073
1640   32073
1650   32073
1660   32073
1670   32073
1680   32073
1690   32073
1700   32073
1710   32073
1720   32073
1730   32073
1740   32073
1750   32073
1760   32073
1770   32073
1780   32073
1790   32073
1800   32073
1810   32073
1820   32073
1830   32073
1840   32073
1850   32073
1860   32073
1870   32073
1880   32073
1890   32073
1900   32073
1910   32073
1920   32073
1930   32073
1940   32073
1950   32073
1960   32073
1970   32073
1980   32073
1990   32073
2000   32073
2010   32073
2020   32073
2030   32073
2040   32073
2050   32073
2060   32073
2070   32073
2080   32073
2090   32073
2100   32073
2110   32073
2120   32073
2130   32073
2140   32073
2150   32073
2160   32073
2170   32073
2180   32073
2190   32073
2200   32073
2210   32073
2220   32073
2230   32073
2240   32073
2250   32073
2260   32073
2270   32073
2280   32073
2290   32073
2300   32073
2310   32073
2320   32073
2330   32073
2340   32073
2350   32073
2360   32073
2370   32073
2380   32073
2390   32073
2400   32073
2410   32073
2420   32073
2430   32073
2440   32073
2450   32073
2460   32073
2470   32073
2480   32073
2490   32073
2500   32073
2510   32073
2520   32073
2530   32073
2540   32073
2550   32073
2560   32073
2570   32073
2580   32073
2590   32073
2600   32073
2610   32073
2620   32073
2630   32073
2640   32073
2650   32073
2660   32073
2670   32073
2680   32073
2690   32073
2700   32073
2710   32073
2720   32073
2730   32073
2740   32073
2750   32073
2760   32073
2770   32073
2780   32073
2790   32073
2800   32073
2810   32073
2820   32073
2830   32073
2840   32073
2850   32073
2860   32073
2870   32073
2880   32073
2890   32073
2900   32073
2910   32073
2920   32073
2930   32073
2940   32073
2950   32073
2960   32073
2970   32073
2980   32073
2990   32073
3000   32073
3010   32073
3020   32073
3030   32073
3040   32073
3050   32073
3060   32073
3070   32073
3080   32073
3090   32073
3100   32073
3110   32073
3120   32073
3130   32073
3140   32073
3150   32073
3160   32073
3170   32073
3180   32073
3190   32073
3200   32073
3210   32073
3220   32073
3230   32073
3240   32073
3250   32073
3260   32073
3270   32073
3280   32073
3290   32073
3300   32073
3310   32073
3320   32073
3330   32073
3340   32073
3350   32073
3360   32073
3370   32073
3380   32073
3390   32073
3400   32073
3410   32073
3420   32073
3430   32073
3440   32073
3450   32073
3460   32073
3470   32073
3480   32073
3490   32073
3500   32073
3510   32073
3520   32073
3530   32073
3540   32073
3550   32073
3560   32073
3570   32073
3580   32073
3590   32073
3600   32073
3610   32073
3620   32073
3630   32073
3640   32073
3650   32073
3660   32073
3670   32073
3680   32073
3690   32073
3700   32073
3710   32073
3720   32073
3730   32073
3740   32073
3750   32073
3760   32073
3770   32073
3780   32073
3790   32073
3800   32073
3810   32073
3820   32073
3830   32073
3840   32073
3850   32073
3860   32073
3870   32073
3880   32073
3890   32073
3900   32073
3910   32073
3920   32073
3930   32073
3940   32073
3950   32073
3960   32073
3970   32073
3980   32073
3990   32073
4000   32073
4010   32073
4020   32073
4030   32073
4040   32073
4050   32073
4060   32073
4070   32073
4080   32073
4090   32073
4100   32073
4110   32073
4120   32073
4130   32073
4140   32073
4150   32073
4160   32073
4170   32073
4180   32073
4190   32073
4200   32073
4210   32073
4220   32073
4230   32073
4240   32073
4250   32073
4260   32073
4270   32073
4280   32073
4290   32073
4300   32073
4310   32073
4320   32073
4330   32073
4340   32073
4350   32073
4360   32073
4370   32073
4380   32073
4390   32073
4400   32073
4410   32073
4420   32073
4430   32073
4440   32073
4450   32073
4460   32073
4470   32073
4480   32073
4490   32073
4500   32073
4510   32073
4520   32073
4530   32073
4540   32073
4550   32073
4560   32073
4570   32073
4580   32073
4590   32073
4600   32073
4610   32073
4620   32073
4630   32073
4640   32073
4650   32073
4660   32073
4670   32073
4680   32073
4690   32073
4700   32073
4710   32073
4720   32073
4730   32073
4740   32073
4750   32073
4760   32073
4770   32073
4780   32073
4790   32073
4800   32073
4810   32073
4820   32073
4830   32073
4840   32073
4850   32073
4860   32073
4870   32073
4880   32073
4890   32073
4900   32073
4910   32073
4920   32073
4930   32073
4940   32073
4950   32073
4960   32073
4970   32073
4980   32073
4990   32073
5000   32073
5010   32073
5020   32073
5030   32073
5040   32073
5050   32073
5060   32073
5070   32073
5080   32073
5090   32073
5100   32073
5110   32073
5120   32073
5130   32073
5140   32073
5150   32073
5160   32073
5170   32073
5180   32057
5190   32057
5200   32057
5210   32057
5220   32057
5230   32057
5240   32057
5250   32057
5260   32057
5270   32057
5280   32057
5290   32057
5300   32057
5310   32057
5320   32057
5330   32057
5340   32057
5350   32057
5360   32057
5370   32057
5380   32057
5390   32057
5400   32057
5410   32057
5420   32057
5430   32057
5440   32057
5450   32057
5460   32057
5470   32057
5480   32057
5490   32057
5500   32057
5510   32057
5520   32057
5530   32057
5540   32057
5550   32057
5560   32057
5570   32057
5580   32057
5590   32057
5600   32057
5610   32057
5620   32057
5630   32057
5640   32057
5650   32057
5660   32057
5670   32057
5680   32057
5690   32057
5700   32057
5710   32057
5720   32057
5730   32057
5740   32057
5750   32057
5760   32057
5770   32057
5780   32057
5790   31993
5800   31993
5810   31993
5820   31993
5830   31993
5840   31993
5850   31993
5860   31993
5870   31993
5880   31993
5890   31993
5900   31993
5910   31993
5920   31993
5930   31993
5940   31993
5950   31993
5960   31993
5970   31993
5980   31993
5990   31993
6000   31993
6010   31993
6020   31993
6030   31993
6040   31993
6050   31993
6060   31993
6070   31993
6080   31993
6090   31993
6100   31993
6110   31993
6120   31993
6130   31993
6140   31993
6150   31993
6160   31993
6170   31993
6180   31993
6190   31993
6200   31993
6210   31993
6220   31993
6230   31993
6240   31993
6250   31993
6260   31993
6270   31993
6280   31993
6290   31993
6300   31993
6310   31993
6320   31993
6330   31993
6340   31993
6350   31993
6360   31993
6370   31993
6380   31993
6390   31993
6400   31993
6410   31993
6420   31993
6430   31993
6440   31993
6450   31993
6460   31993
6470   31993
6480   31993
6490   31993
6500   31993
6510   31993
6520   31993
6530   31993
6540   31993
6550   31993
6560   31993
6570   31993
6580   31993
6590   31993
6600   31993
6610   31993
6620   31993
6630   31993
6640   31993
6650   31993
6660   31993
6670   31993
6680   31993
6690   31993
6700   31993
6710   31993
6720   31993
6730   31993
6740   31993
6750   31993
6760   31993
6770   31993
6780   31993
6790   31993
6800   31993
6810   31993
6820   31993
6830   31993
6840   31993
6850   31993
6860   31993
6870   31993
6880   31993
6890   31993
6900   31993
6910   31993
6920   31993
6930   31993
6940   31993
6950   31993
6960   31993
6970   31993
6980   31993
6990   31993
7000   31993
7010   31993
7020   31993
7030   31993
7040   31993
7050   31993
7060   31993
7070   31993
7080   31993
7090   31993
7100   31993
7110   31993
7120   31993
7130   31993
7140   31993
7150   31993
7160   31993
7170   31993
7180   31993
7190   31993
7200   31993
7210   31993
7220   31993
7230   31993
7240   31993
7250   31993
7260   31993
7270   31993
7280   31993
7290   31993
7300   31993
7310   31993
7320   31993
7330   31993
7340   31993
7350   31993
7360   31993
7370   31993
7380   31993
7390   31993
7400   31993
7410   31993
7420   31993
7430   31993
7440   31993
7450   31993
7460   31993
7470   31993
7480   31993
7490   31993
7500   31993
7510   31993
7520   31993
7530   31993
7540   31993
7550   31993
7560   31993
7570   31993
7580   31993
7590   31993
7600   31993
7610   31993
7620   31993
7630   31993
7640   31993
7650   31993
7660   31993
7670   31993
7680   31993
7690   31993
7700   31993
7710   31993
7720   31993
7730   31993
7740   31993
7750   31993
7760   31993
7770   31993
7780   31993
7790   31993
7800   31993
7810   31993
7820   31993
7830   31993
7840   31993
7850   31993
7860   31993
7870   31993
7880   31993
7890   31993
7900   31993
7910   31993
7920   31993
7930   31993
7940   31993
7950   31993
7960   31993
7970   31993
7980   31993
7990   31993
8000   31993
8010   31993
8020   31993
8030   31993
8040   31993
8050   31993
8060   31993
8070   31993
8080   31993
8090   31993
8100   31993
8110   31993
8120   31993
8130   31993
8140   31993
8150   31993
8160   31993
8170   31993
8180   31993
8190   31993
8200   31993
8210   31993
8220   31993
8230   31993
8240   31993
8250   31993
8260   31993
8270   31993
8280   31993
8290   31993
8300   31993
8310   31993
8320   31993
8330   31993
8340   31993
8350   31993
8360   31993
8370   31993
8380   31993
8390   31993
8400   31993
8410   31993
8420   31993
8430   31993
8440   31993
8450   31993
8460   31993
8470   31993
8480   31993
8490   31993
8500   31993
8510   31993
8520   31993
8530   31993
8540   31993
8550   31993
8560   31993
8570   31993
8580   31993
8590   31993
8600   31993
8610   31993
8620   31993
8630   31993
8640   31993
8650   31993
8660   31993
8670   31993
8680   31993
8690   31993
8700   31993
8710   31993
8720   31993
8730   31993
8740   31993
8750   31993
8760   31993
8770   31993
8780   31993
8790   31993
8800   31993
8810   31993
8820   31993
8830   31993
8840   31993
8850   31993
8860   31993
8870   31993
8880   31993
8890   31993
8900   31993
8910   31993
8920   31993
8930   31993
8940   31993
8950   31993
8960   31993
8970   31993
8980   31993
8990   31993
9000   31993
9010   31993
9020   31993
9030   31993
9040   31993
9050   31993
9060   31993
9070   31993
9080   31993
9090   31993
9100   31993
9110   31993
9120   31993
9130   31993
9140   31993
9150   31993
9160   31993
9170   31993
9180   31993
9190   31993
9200   31993
9210   31993
9220   31993
9230   31993
9240   31993
9250   31993
9260   31993
9270   31993
9280   31993
9290   31993
9300   31993
9310   31993
9320   31993
9330   31993
9340   31993
9350   31993
9360   31993
9370   31993
9380   31993
9390   31993
9400   31993
9410   31993
9420   31993
9430   31993
9440   31993
9450   31993
9460   31993
9470   31993
9480   31993
9490   31993
9500   31993
9510   31993
9520   31993
9530   31993
9540   31993
9550   31993
9560   31993
9570   31993
9580   31993
9590   31993
9600   31993
9610   31993
9620   31993
9630   31993
9640   31993
9650   31993
9660   31993
9670   31993
9680   31993
9690   31993
9700   31993
9710   31993
9720   31993
9730   31993
9740   31993
9750   31993
9760   31993
9770   31993
9780   31993
9790   31993
9800   31993
9810   31993
9820   31993
9830   31993
9840   31993
9850   31993
9860   31993
9870   31993
9880   31993
9890   31993
9900   31993
9910   31993
9920   31993
9930   31993
9940   31993
9950   31993
9960   31993
9970   31993
9980   31993
9990   31993
10000   31993
10010   31993
10020   31993
10030   31993
10040   31993
10050   31993
10060   31993
10070   31993
10080   31993
10090   31993
10100   31993
10110   31993
10120   31993
10130   31993
10140   31993
10150   31993
10160   31993
10170   31993
10180   31993
10190   31993
10200   31993
10210   31993
10220   31993
10230   31993
10240   31993
10250   31993
10260   31993
10270   31993
10280   31993
10290   31993
10300   31993
10310   31993
10320   31993
10330   31993
10340   31993
10350   31993
10360   31993
10370   31993
10380   31993
10390   31993
10400   31993
10410   31993
10420   31993
10430   31993
10440   31993
10450   31993
10460   31993
10470   31993
10480   31993
10490   31993
10500   31993
10510   31993
10520   31993
10530   31993
10540   31993
10550   31993
10560   31993
10570   31993
10580   31993
10590   31993
10600   31993
10610   31993
10620   31993
10630   31993
10640   31993
10650   31993
10660   31993
10670   31993
10680   31993
10690   31993
10700   31993
10710   31993
10720   31993
10730   31993
10740   31993
10750   31993
10760   31993
10770   31993
10780   31993
10790   31993
10800   31993
10810   31993
10820   31993
10830   31993
10840   31993
10850   31993
10860   31993
10870   31993
10880   31993
10890   31993
10900   31993
10910   31993
10920   31993
10930   31993
10940   31993
10950   31993
10960   31993
10970   31993
10980   31993
10990   31993
11000   31993
11010   31993
11020   31993
11030   31993
11040   31993
11050   31993
11060   31993
11070   31993
11080   31993
11090   31993
11100   31993
11110   31993
11120   31993
11130   31993
11140   31993
11150   31993
11160   31993
11170   31993
11180   31993
11190   31993
11200   31993
11210   31993
11220   31993
11230   31993
11240   31993
11250   31993
11260   31993
11270   31993
11280   31993
11290   31993
11300   31993
11310   31993
11320   31993
11330   31993
11340   31993
11350   31993
11360   31993
11370   31993
11380   31993
11390   31993
11400   31993
11410   31993
11420   31993
11430   31993
11440   31993
11450   31993
11460   31993
11470   31993
11480   31993
11490   31993
11500   31993
11510   31993
11520   31993
11530   31993
11540   31993
11550   31993
11560   31993
11570   31993
11580   31993
11590   31993
11600   31993
11610   31993
11620   31993
11630   31993
11640   31993
11650   31993
11660   31993
11670   31993
11680   31993
11690   31993
11700   31993
11710   31993
11720   31993
11730   31993
11740   31993
11750   31993
11760   31993
11770   31993
11780   31993
11790   31993
11800   31993
11810   31993
11820   31993
11830   31993
11840   31993
11850   31993
11860   31993
11870   31993
11880   31993
11890   31993
11900   31993
11910   31993
11920   31993
11930   31993
11940   31993
11950   31993
11960   31993
11970   31993
11980   31993
11990   31993
12000   31993
12010   31993
12020   31993
12030   31993
12040   31993
12050   31993
12060   31993
12070   31993
12080   31993
12090   31993
12100   31993
12110   31993
12120   31993
12130   31993
12140   31993
12150   31993
12160   31993
12170   31993
12180   31993
12190   31993
12200   31993
12210   31993
12220   31993
12230   31993
12240   31993
12250   31993
12260   31993
12270   31993
12280   31993
12290   31993
12300   31993
12310   31993
12320   31993
12330   31993
12340   31993
12350   31993
12360   31993
12370   31993
12380   31993
12390   31993
12400   31993
12410   31993
12420   31993
12430   31993
12440   31993
12450   31993
12460   31993
12470   31993
12480   31993
12490   31993
12500   31993
12510   31993
12520   31993
12530   31993
12540   31993
12550   31993
12560   31993
12570   31993
12580   31993
12590   31993
12600   31993
12610   31993
12620   31993
12630   31993
12640   31993
12650   31993
12660   31993
12670   31993
12680   31993
12690   31993
12700   31993
12710   31993
12720   31993
12730   31993
12740   31993
12750   31993
12760   31993
12770   31993
12780   31993
12790   31993
12800   31993
12810   31993
12820   31993
12830   31993
12840   31993
12850   31993
12860   31993
12870   31993
12880   31993
12890   31993
12900   31993
12910   31993
12920   31993
12930   31993
12940   31993
12950   31993
12960   31993
12970   31993
12980   31993
12990   31993
13000   31993
13010   31993
13020   31993
13030   31993
13040   31993
13050   31993
13060   31993
13070   31993
13080   31993
13090   31993
13100   31993
13110   31993
13120   31993
13130   31993
13140   31993
13150   31993
13160   31993
13170   31993
13180   31993
13190   31993
13200   31993
13210   31993
13220   31993
13230   31993
13240   31993
13250   31993
13260   31993
13270   31993
13280   31993
13290   31993
13300   31993
13310   31993
13320   31993
13330   31993
13340   31993
13350   31993
13360   31993
13370   31993
13380   31993
13390   31993
13400   31993
13410   31993
13420   31993
13430   31993
13440   31993
13450   31993
13460   31993
13470   31993
13480   31993
13490   31993
13500   31993
13510   31993
13520   31993
13530   31993
13540   31993
13550   31993
13560   31993
13570   31993
13580   31993
13590   31993
13600   31993
13610   31993
13620   31993
13630   31993
13640   31993
13650   31993
13660   31993
13670   31993
13680   31993
13690   31993
13700   31993
13710   31993
13720   31993
13730   31993
13740   31993
13750   31993
13760   31993
13770   31993
13780   31993
13790   31993
13800   31993
13810   31993
13820   31993
13830   31993
13840   31993
13850   31993
13860   31993
13870   31993
13880   31993
13890   31993
13900   31993
13910   31993
13920   31993
13930   31993
13940   31993
13950   31993
13960   31993
13970   31993
13980   31993
13990   31993
14000   31993
14010   31993
14020   31993
14030   31993
14040   31993
14050   31993
14060   31993
14070   31993
14080   31993
14090   31993
14100   31993
14110   31993
14120   31993
14130   31993
14140   31993
14150   31993
14160   31993
14170   31993
14180   31993
14190   31993
14200   31993
14210   31993
14220   31993
14230   31993
14240   31993
14250   31993
14260   31993
14270   31993
14280   31993
14290   31993
14300   31993
14310   31993
14320   31993
14330   31993
14340   31993
14350   31993
14360   31993
14370   31993
14380   31993
14390   31993
14400   31993
14410   31993
14420   31993
14430   31993
14440   31993
14450   31993
14460   31993
14470   31993
14480   31993
14490   31993
14500   31993
14510   31993
14520   31993
14530   31993
14540   31993
14550   31993
14560   31993
14570   31993
14580   31993
14590   31993
14600   31993
14610   31993
14620   31993
14630   31993
14640   31993
14650   31993
14660   31993
14670   31993
14680   31993
14690   31993
14700   31993
14710   31993
14720   31993
14730   31993
14740   31993
14750   31993
14760   31993
14770   31993
14780   31993
14790   31993
14800   31993
14810   31993
14820   31993
14830   31993
14840   31993
14850   31993
14860   31993
14870   31993
14880   31993
14890   31993
14900   31993
14910   31993
14920   31993
14930   31993
14940   31993
14950   31993
14960   31993
14970   31993
14980   31993
14990   31993
15000   31993
15010   31993
15020   31993
15030   31993
15040   31993
15050   31993
15060   31993
15070   31993
15080   31993
15090   31993
15100   31993
15110   31993
15120   31993
15130   31993
15140   31993
15150   31993
15160   31993
15170   31993
15180   31993
15190   31993
15200   31993
15210   31993
15220   31993
15230   31993
15240   31993
15250   31993
15260   31993
15270   31993
15280   31993
15290   31993
15300   31993
15310   31993
15320   31993
15330   31993
15340   31993
15350   31993
15360   31993
15370   31993
15380   31993
15390   31993
15400   31993
15410   31993
15420   31993
15430   31993
15440   31993
15450   31993
15460   31993
15470   31993
15480   31993
15490   31993
15500   31993
15510   31993
15520   31993
15530   31993
15540   31993
15550   31993
15560   31993
15570   31993
15580   31993
15590   31993
15600   31993
15610   31993
15620   31993
15630   31993
15640   31993
15650   31993
15660   31993
15670   31993
15680   31993
15690   31993
15700   31993
15710   31993
15720   31993
15730   31993
15740   31993
15750   31993
15760   31993
15770   31993
15780   31993
15790   31993
15800   31993
15810   31993
15820   31993
15830   31993
15840   31993
15850   31993
15860   31993
15870   31993
15880   31993
15890   31993
15900   31993
15910   31993
15920   31993
15930   31993
15940   31993
15950   31993
15960   31993
15970   31993
15980   31993
15990   31993
16000   31993
16010   31993
16020   31993
16030   31993
16040   31993
16050   31993
16060   31993
16070   31993
16080   31993
16090   31993
16100   31825
16110   31825
16120   31825
16130   31825
16140   31825
16150   31825
16160   31825
16170   31825
16180   31825
16190   31825
16200   31825
16210   31825
16220   31825
16230   31825
16240   31825
16250   31825
16260   31825
16270   31825
16280   31825
16290   31825
16300   31825
16310   31825
16320   31825
16330   31825
16340   31825
16350   31825
16360   31825
16370   31825
16380   31825
16390   31825
16400   31825
16410   31825
16420   31825
16430   31825
16440   31825
16450   31825
16460   31825
16470   31825
16480   31825
16490   31825
16500   31825
16510   31825
16520   31825
16530   31825
16540   31825
16550   31825
16560   31825
16570   31825
16580   31825
16590   31825
16600   31825
16610   31825
16620   31825
16630   31825
16640   31825
16650   31825
16660   31825
16670   31825
16680   31825
16690   31825
16700   31825
16710   31825
16720   31825
16730   31825
16740   31825
16750   31825
16760   31825
16770   31825
16780   31825
16790   31825
16800   31825
16810   31825
16820   31825
16830   31825
16840   31825
16850   31825
16860   31825
16870   31825
16880   31825
16890   31825
16900   31825
16910   31825
16920   31825
16930   31825
16940   31825
16950   31825
16960   31825
16970   31825
16980   31825
16990   31825
17000   31825
17010   31825
17020   31825
17030   31825
17040   31825
17050   31825
17060   31825
17070   31825
17080   31825
17090   31825
17100   31825
17110   31825
17120   31825
17130   31825
17140   31825
17150   31825
17160   31825
17170   31825
17180   31825
17190   31825
17200   31825
17210   31825
17220   31825
17230   31825
17240   31825
17250   31825
17260   31825
17270   31825
17280   31825
17290   31825
17300   31825
17310   31825
17320   31825
17330   31825
17340   31825
17350   31825
17360   31825
17370   31825
17380   31825
17390   31825
17400   31825
17410   31825
17420   31825
17430   31825
17440   31825
17450   31825
17460   31825
17470   31825
17480   31825
17490   31825
17500   31825
17510   31825
17520   31825
17530   31825
17540   31825
17550   31825
17560   31825
17570   31825
17580   31825
17590   31825
17600   31825
17610   31825
17620   31825
17630   31825
17640   31825
17650   31825
17660   31825
17670   31825
17680   31825
17690   31825
17700   31825
17710   31825
17720   31825
17730   31825
17740   31825
17750   31825
17760   31825
17770   31825
17780   31825
17790   31825
17800   31825
17810   31825
17820   31825
17830   31825
17840   31825
17850   31825
17860   31825
17870   31825
17880   31825
17890   31825
17900   31825
17910   31825
17920   31825
17930   31825
17940   31825
17950   31825
17960   31825
17970   31825
17980   31825
17990   31825
18000   31825
18010   31825
18020   31825
18030   31825
18040   31825
18050   31825
18060   31825
18070   31825
18080   31825
18090   31825
18100   31825
18110   31825
18120   31825
18130   31825
18140   31825
18150   31825
18160   31825
18170   31825
18180   31825
18190   31825
18200   31825
18210   31825
18220   31825
18230   31825
18240   31825
18250   31825
18260   31825
18270   31825
18280   31825
18290   31825
18300   31825
18310   31825
18320   31825
18330   31825
18340   31825
18350   31825
18360   31825
18370   31825
18380   31825
18390   31825
18400   31825
18410   31825
18420   31825
18430   31825
18440   31825
18450   31825
18460   31825
18470   31825
18480   31825
18490   31825
18500   31825
18510   31825
18520   31825
18530   31825
18540   31825
18550   31825
18560   31825
18570   31825
18580   31825
18590   31825
18600   31825
18610   31825
18620   31825
18630   31825
18640   31825
18650   31825
18660   31825
18670   31825
18680   31825
18690   31825
18700   31825
18710   31825
18720   31825
18730   31825
18740   31825
18750   31825
18760   31825
18770   31825
18780   31825
18790   31825
18800   31825
18810   31825
18820   31825
18830   31825
18840   31825
18850   31825
18860   31825
18870   31825
18880   31825
18890   31825
18900   31825
18910   31825
18920   31825
18930   31825
18940   31825
18950   31825
18960   31825
18970   31825
18980   31825
18990   31825
19000   31825
19010   31825
19020   31825
19030   31825
19040   31825
19050   31825
19060   31825
19070   31825
19080   31825
19090   31825
19100   31825
19110   31825
19120   31825
19130   31825
19140   31825
19150   31825
19160   31825
19170   31825
19180   31825
19190   31825
19200   31825
19210   31825
19220   31825
19230   31825
19240   31825
19250   31825
19260   31825
19270   31825
19280   31825
19290   31825
19300   31825
19310   31825
19320   31825
19330   31825
19340   31825
19350   31825
19360   31825
19370   31825
19380   31825
19390   31825
19400   31825
19410   31825
19420   31825
19430   31825
19440   31825
19450   31825
19460   31825
19470   31825
19480   31825
19490   31825
19500   31825
19510   31825
19520   31825
19530   31825
19540   31825
19550   31825
19560   31825
19570   31825
19580   31825
19590   31825
19600   31825
19610   31825
19620   31825
19630   31825
19640   31825
19650   31825
19660   31825
19670   31825
19680   31825
19690   31825
19700   31825
19710   31825
19720   31825
19730   31825
19740   31825
19750   31825
19760   31825
19770   31825
19780   31825
19790   31825
19800   31825
19810   31825
19820   31825
19830   31825
19840   31825
19850   31825
19860   31825
19870   31825
19880   31825
19890   31825
19900   31825
19910   31825
19920   31825
19930   31825
19940   31825
19950   31825
19960   31825
19970   31825
19980   31825
19990   31825
20000   31825
20010   31825
20020   31825
20030   31825
20040   31825
20050   31825
20060   31825
20070   31825
20080   31825
20090   31825
20100   31825
20110   31825
20120   31825
20130   31825
20140   31825
20150   31825
20160   31825
20170   31825
20180   31825
20190   31825
20200   31825
20210   31825
20220   31825
20230   31825
20240   31825
20250   31825
20260   31825
20270   31825
20280   31825
20290   31825
20300   31825
20310   31825
20320   31825
20330   31825
20340   31825
20350   31825
20360   31825
20370   31825
20380   31825
20390   31825
20400   31825
20410   31825
20420   31825
20430   31825
20440   31825
20450   31825
20460   31825
20470   31825
20480   31825
20490   31825
20500   31825
20510   31825
20520   31825
20530   31825
20540   31825
20550   31825
20560   31825
20570   31825
20580   31825
20590   31825
20600   31825
20610   31825
20620   31825
20630   31825
20640   31825
20650   31825
20660   31825
20670   31825
20680   31825
20690   31825
20700   31825
20710   31825
20720   31825
20730   31825
20740   31825
20750   31825
20760   31825
20770   31825
20780   31825
20790   31825
20800   31825
20810   31825
20820   31825
20830   31825
20840   31825
20850   31825
20860   31825
20870   31825
20880   31825
20890   31825
20900   31825
20910   31825
20920   31825
20930   31825
20940   31825
20950   31825
20960   31825
20970   31825
20980   31825
20990   31825
21000   31825
21010   31825
21020   31825
21030   31825
21040   31825
21050   31825
21060   31825
21070   31825
21080   31825
21090   31825
21100   31825
21110   31825
21120   31825
21130   31825
21140   31825
21150   31825
21160   31825
21170   31825
21180   31825
21190   31825
21200   31825
21210   31825
21220   31825
21230   31825
21240   31825
21250   31825
21260   31825
21270   31825
21280   31825
21290   31825
21300   31825
21310   31825
21320   31825
21330   31825
21340   31825
21350   31825
21360   31825
21370   31825
21380   31825
21390   31825
21400   31825
21410   31825
21420   31825
21430   31825
21440   31825
21450   31825
21460   31825
21470   31825
21480   31825
21490   31825
21500   31825
21510   31825
21520   31825
21530   31825
21540   31825
21550   31825
21560   31825
21570   31825
21580   31825
21590   31825
21600   31825
21610   31825
21620   31825
21630   31825
21640   31825
21650   31825
21660   31825
21670   31825
21680   31825
21690   31825
21700   31825
21710   31825
21720   31825
21730   31825
21740   31825
21750   31825
21760   31825
21770   31825
21780   31825
21790   31825
21800   31825
21810   31825
21820   31825
21830   31825
21840   31825
21850   31825
21860   31825
21870   31825
21880   31825
21890   31825
21900   31825
21910   31825
21920   31825
21930   31825
21940   31825
21950   31825
21960   31825
21970   31825
21980   31825
21990   31825
22000   31825
22010   31825
22020   31825
22030   31825
22040   31825
22050   31825
22060   31825
22070   31825
22080   31825
22090   31825
22100   31825
22110   31825
22120   31825
22130   31825
22140   31825
22150   31825
22160   31825
22170   31825
22180   31825
22190   31825
22200   31825
22210   31825
22220   31825
22230   31825
22240   31825
22250   31825
22260   31825
22270   31825
22280   31825
22290   31825
22300   31825
22310   31825
22320   31825
22330   31825
22340   31825
22350   31825
22360   31825
22370   31825
22380   31825
22390   31825
22400   31825
22410   31825
22420   31825
22430   31825
22440   31825
22450   31825
22460   31825
22470   31825
22480   31825
22490   31825
22500   31825
22510   31825
22520   31825
22530   31825
22540   31825
22550   31825
22560   31825
22570   31825
22580   31825
22590   31825
22600   31825
22610   31825
22620   31825
22630   31825
22640   31825
22650   31825
22660   31825
22670   31825
22680   31825
22690   31825
22700   31825
22710   31825
22720   31825
22730   31825
22740   31825
22750   31825
22760   31825
22770   31825
22780   31825
22790   31825
22800   31825
22810   31825
22820   31825
22830   31825
22840   31825
22850   31825
22860   31825
22870   31825
22880   31825
22890   31825
22900   31825
22910   31825
22920   31825
22930   31825
22940   31825
22950   31825
22960   31825
22970   31825
22980   31825
22990   31825
23000   31825
23010   31825
23020   31825
23030   31825
23040   31825
23050   31825
23060   31825
23070   31825
23080   31825
23090   31825
23100   31825
23110   31825
23120   31825
23130   31825
23140   31825
23150   31825
23160   31825
23170   31825
23180   31825
23190   31825
23200   31825
23210   31825
23220   31825
23230   31825
23240   31825
23250   31825
23260   31825
23270   31825
23280   31825
23290   31825
23300   31825
23310   31825
23320   31825
23330   31825
23340   31825
23350   31825
23360   31825
23370   31825
23380   31825
23390   31825
23400   31825
23410   31825
23420   31825
23430   31825
23440   31825
23450   31825
23460   31825
23470   31825
23480   31825
23490   31825
23500   31825
23510   31825
23520   31825
23530   31825
23540   31825
23550   31825
23560   31825
23570   31825
23580   31825
23590   31825
23600   31825
23610   31825
23620   31825
23630   31825
23640   31825
23650   31825
23660   31825
23670   31825
23680   31825
23690   31825
23700   31825
23710   31825
23720   31825
23730   31825
23740   31825
23750   31825
23760   31825
23770   31825
23780   31825
23790   31825
23800   31825
23810   31825
23820   31825
23830   31825
23840   31825
23850   31825
23860   31825
23870   31825
23880   31825
23890   31825
23900   31825
23910   31825
23920   31825
23930   31825
23940   31825
23950   31825
23960   31825
23970   31825
23980   31825
23990   31825
24000   31825
24010   31825
24020   31825
24030   31825
24040   31825
24050   31825
24060   31825
24070   31825
24080   31825
24090   31825
24100   31825
24110   31825
24120   31825
24130   31825
24140   31825
24150   31825
24160   31825
24170   31825
24180   31825
24190   31825
24200   31825
24210   31825
24220   31825
24230   31825
24240   31825
24250   31825
24260   31825
24270   31825
24280   31825
24290   31825
24300   31825
24310   31825
24320   31825
24330   31825
24340   31825
24350   31825
24360   31825
24370   31825
24380   31825
24390   31825
24400   31825
24410   31825
24420   31825
24430   31825
24440   31825
24450   31825
24460   31825
24470   31825
24480   31825
24490   31825
24500   31825
24510   31825
24520   31825
24530   31825
24540   31825
24550   31825
24560   31825
24570   31825
24580   31825
24590   31825
24600   31825
24610   31825
24620   31825
24630   31825
24640   31825
24650   31825
24660   31825
24670   31825
24680   31825
24690   31825
24700   31825
24710   31825
24720   31825
24730   31825
24740   31825
24750   31825
24760   31825
24770   31825
24780   31825
24790   31825
24800   31825
24810   31825
24820   31825
24830   31825
24840   31825
24850   31825
24860   31825
24870   31825
24880   31825
24890   31825
24900   31825
24910   31825
24920   31825
24930   31825
24940   31825
24950   31825
24960   31825
24970   31825
24980   31825
24990   31825
25000   31825
25010   31825
25020   31825
25030   31825
25040   31825
25050   31825
25060   31825
25070   31825
25080   31825
25090   31825
25100   31825
25110   31825
25120   31825
25130   31825
25140   31825
25150   31825
25160   31825
25170   31825
25180   31825
25190   31825
25200   31825
25210   31825
25220   31825
25230   31825
25240   31825
25250   31825
25260   31825
25270   31825
25280   31825
25290   31825
25300   31825
25310   31825
25320   31825
25330   31825
25340   31825
25350   31825
25360   31825
25370   31825
25380   31825
25390   31825
25400   31825
25410   31825
25420   31825
25430   31825
25440   31825
25450   31825
25460   31825
25470   31825
25480   31825
25490   31825
25500   31825
25510   31825
25520   31825
25530   31825
25540   31825
25550   31825
25560   31825
25570   31825
25580   31825
25590   31825
25600   31825
25610   31825
25620   31825
25630   31825
25640   31825
25650   31825
25660   31825
25670   31825
25680   31825
25690   31825
25700   31825
25710   31825
25720   31825
25730   31825
25740   31825
25750   31825
25760   31825
25770   31825
25780   31825
25790   31825
25800   31825
25810   31825
25820   31825
25830   31825
25840   31825
25850   31825
25860   31825
25870   31825
25880   31825
25890   31825
25900   31825
25910   31825
25920   31825
25930   31825
25940   31825
25950   31825
25960   31825
25970   31825
25980   31825
25990   31825
26000   31825
26010   31825
26020   31825
26030   31825
26040   31825
26050   31825
26060   31825
26070   31825
26080   31825
26090   31825
26100   31825
26110   31825
26120   31825
26130   31825
26140   31825
26150   31825
26160   31825
26170   31825
26180   31825
26190   31825
26200   31825
26210   31825
26220   31825
26230   31825
26240   31825
26250   31825
26260   31825
26270   31825
26280   31825
26290   31825
26300   31825
26310   31825
26320   31825
26330   31825
26340   31825
26350   31825
26360   31825
26370   31825
26380   31825
26390   31825
26400   31825
26410   31825
26420   31825
26430   31825
26440   31825
26450   31825
26460   31825
26470   31825
26480   31825
26490   31825
26500   31825
26510   31825
26520   31825
26530   31825
26540   31825
26550   31825
26560   31825
26570   31825
26580   31825
26590   31825
26600   31825
26610   31825
26620   31825
26630   31825
26640   31825
26650   31825
26660   31825
26670   31825
26680   31825
26690   31825
26700   31825
26710   31825
26720   31825
26730   31825
26740   31825
26750   31825
26760   31825
26770   31825
26780   31825
26790   31825
26800   31825
26810   31825
26820   31825
26830   31825
26840   31825
26850   31825
26860   31825
26870   31825
26880   31825
26890   31825
26900   31825
26910   31825
26920   31825
26930   31825
26940   31825
26950   31825
26960   31825
26970   31825
26980   31825
26990   31825
27000   31825
27010   31825
27020   31825
27030   31825
27040   31825
27050   31825
27060   31825
27070   31825
27080   31825
27090   31825
27100   31825
27110   31825
27120   31825
27130   31825
27140   31825
27150   31825
27160   31825
27170   31825
27180   31825
27190   31825
27200   31825
27210   31825
27220   31825
27230   31825
27240   31825
27250   31825
27260   31825
27270   31825
27280   31825
27290   31825
27300   31825
27310   31825
27320   31825
27330   31825
27340   31825
27350   31825
27360   31825
27370   31825
27380   31825
27390   31825
27400   31825
27410   31825
27420   31825
27430   31825
27440   31825
27450   31825
27460   31825
27470   31825
27480   31825
27490   31825
27500   31825
27510   31825
27520   31825
27530   31825
27540   31825
27550   31825
27560   31825
27570   31825
27580   31825
27590   31825
27600   31825
27610   31825
27620   31825
27630   31825
27640   31825
27650   31825
27660   31825
27670   31825
27680   31825
27690   31825
27700   31825
27710   31825
27720   31825
27730   31825
27740   31825
27750   31825
27760   31825
27770   31825
27780   31825
27790   31825
27800   31825
27810   31825
27820   31825
27830   31825
27840   31825
27850   31825
27860   31825
27870   31825
27880   31825
27890   31825
27900   31825
27910   31825
27920   31825
27930   31825
27940   31825
27950   31825
27960   31825
27970   31825
27980   31825
27990   31825
28000   31825
28010   31825
28020   31825
28030   31825
28040   31825
28050   31825
28060   31825
28070   31825
28080   31825
28090   31825
28100   31825
28110   31825
28120   31825
28130   31825
28140   31825
28150   31825
28160   31825
28170   31825
28180   31825
28190   31825
28200   31825
28210   31825
28220   31825
28230   31825
28240   31825
28250   31825
28260   31825
28270   31825
28280   31825
28290   31825
28300   31825
28310   31825
28320   31825
28330   31825
28340   31825
28350   31825
28360   31825
28370   31825
28380   31825
28390   31825
28400   31825
28410   31825
28420   31825
28430   31825
28440   31825
28450   31825
28460   31825
28470   31825
28480   31825
28490   31825
28500   31825
28510   31825
28520   31825
28530   31825
28540   31825
28550   31825
28560   31825
28570   31825
28580   31825
28590   31825
28600   31825
28610   31825
28620   31825
28630   31825
28640   31825
28650   31825
28660   31825
28670   31825
28680   31825
28690   31825
28700   31825
28710   31825
28720   31825
28730   31825
28740   31825
28750   31825
28760   31825
28770   31825
28780   31825
28790   31825
28800   31825
28810   31825
28820   31825
28830   31825
28840   31825
28850   31825
28860   31825
28870   31825
28880   31825
28890   31825
28900   31825
28910   31825
28920   31825
28930   31825
28940   31825
28950   31825
28960   31825
28970   31825
28980   31825
28990   31825
29000   31825
29010   31825
29020   31825
29030   31825
29040   31825
29050   31825
29060   31825
29070   31825
29080   31825
29090   31825
29100   31825
29110   31825
29120   31825
29130   31825
29140   31825
29150   31825
29160   31825
29170   31825
29180   31825
29190   31825
29200   31825
29210   31825
29220   31825
29230   31825
29240   31825
29250   31825
29260   31825
29270   31825
29280   31825
29290   31825
29300   31825
29310   31825
29320   31825
29330   31825
29340   31825
29350   31825
29360   31825
29370   31825
29380   31825
29390   31825
29400   31825
29410   31825
29420   31825
29430   31825
29440   31825
29450   31825
29460   31825
29470   31825
29480   31825
29490   31825
29500   31825
29510   31825
29520   31825
29530   31825
29540   31825
29550   31825
29560   31825
29570   31825
29580   31825
29590   31825
29600   31825
29610   31825
29620   31825
29630   31825
29640   31825
29650   31825
29660   31825
29670   31825
29680   31825
29690   31825
29700   31825
29710   31825
29720   31825
29730   31825
29740   31825
29750   31825
29760   31825
29770   31825
29780   31825
29790   31825
29800   31825
29810   31825
29820   31825
29830   31825
29840   31825
29850   31825
29860   31825
29870   31825
29880   31825
29890   31825
29900   31825
29910   31825
29920   31825
29930   31825
29940   31825
29950   31825
29960   31825
29970   31825
29980   31825
29990   31825
30000   31825
30010   31825
30020   31825
30030   31825
30040   31825
30050   31825
30060   31825
30070   31825
30080   31825
30090   31825
30100   31825
30110   31825
30120   31825
30130   31825
30140   31825
30150   31825
30160   31825
30170   31825
30180   31825
30190   31825
30200   31825
30210   31825
30220   31825
30230   31825
30240   31825
30250   31825
30260   31825
30270   31825
30280   31825
30290   31825
30300   31825
30310   31825
30320   31825
30330   31825
30340   31825
30350   31825
30360   31825
30370   31825
30380   31825
30390   31825
30400   31825
30410   31825
30420   31825
30430   31825
30440   31825
30450   31825
30460   31825
30470   31825
30480   31825
30490   31825
30500   31825
30510   31825
30520   31825
30530   31825
30540   31825
30550   31825
30560   31825
30570   31825
30580   31825
30590   31825
30600   31825
30610   31825
30620   31825
30630   31825
30640   31825
30650   31825
30660   31825
30670   31825
30680   31825
30690   31825
30700   31825
30710   31825
30720   31825
30730   31825
30740   31825
30750   31825
30760   31825
30770   31825
30780   31825
30790   31825
30800   31825
30810   31825
30820   31825
30830   31825
30840   31825
30850   31825
30860   31825
30870   31825
30880   31825
30890   31825
30900   31825
30910   31825
30920   31825
30930   31825
30940   31825
30950   31825
30960   31825
30970   31825
30980   31825
30990   31825
31000   31825
31010   31825
31020   31825
31030   31825
31040   31825
31050   31825
31060   31825
31070   31825
31080   31825
31090   31825
31100   31825
31110   31825
31120   31825
31130   31825
31140   31825
31150   31825
31160   31825
31170   31825
31180   31825
31190   31825
31200   31825
31210   31825
31220   31825
31230   31825
31240   31825
31250   31825
31260   31825
31270   31825
31280   31825
31290   31825
31300   31825
31310   31825
31320   31825
31330   31825
31340   31825
31350   31825
31360   31825
31370   31825
31380   31825
31390   31825
31400   31825
31410   31825
31420   31825
31430   31825
31440   31825
31450   31825
31460   31825
31470   31825
31480   31825
31490   31825
31500   31825
31510   31825
31520   31825
31530   31825
31540   31825
31550   31825
31560   31825
31570   31825
31580   31825
31590   31825
31600   31825
31610   31825
31620   31825
31630   31825
31640   31825
31650   31825
31660   31825
31670   31825
31680   31825
31690   31825
31700   31825
31710   31825
31720   31825
31730   31825
31740   31825
31750   31825
31760   31825
31770   31825
31780   31825
31790   31825
31800   31825
31810   31825
31820   31825
31830   31825
31840   31825
31850   31825
31860   31825
31870   31825
31880   31825
31890   31825
31900   31825
31910   31825
31920   31825
31930   31825
31940   31825
31950   31825
31960   31825
31970   31825
31980   31825
31990   31825
32000   31825
32010   31825
32020   31825
32030   31825
32040   31825
32050   31825
32060   31825
32070   31825
32080   31825
32090   31825
32100   31825
32110   31825
32120   31825
32130   31825
32140   31825
32150   31825
32160   31825
32170   31825
32180   31825
32190   31825
32200   31825
32210   31825
32220   31825
32230   31825
32240   31825
32250   31825
32260   31825
32270   31825
32280   31825
32290   31825
32300   31825
32310   31825
32320   31825
32330   31825
32340   31825
32350   31825
32360   31825
32370   31825
32380   31825
32390   31825
32400   31825
32410   31825
32420   31825
32430   31825
32440   31825
32450   31825
32460   31825
32470   31825
32480   31825
32490   31825
32500   31825
32510   31825
32520   31825
32530   31825
32540   31825
32550   31825
32560   31825
32570   31825
32580   31825
32590   31825
32600   31825
32610   31825
32620   31825
32630   31825
32640   31825
32650   31825
32660   31825
32670   31825
32680   31825
32690   31825
32700   31825
32710   31825
32720   31825
32730   31825
32740   31825
32750   31825
32760   31825
32770   31825
32780   31825
32790   31825
32800   31825
32810   31825
32820   31825
32830   31825
32840   31825
32850   31825
32860   31825
32870   31825
32880   31825
32890   31825
32900   31825
32910   31825
32920   31825
32930   31825
32940   31825
32950   31825
32960   31825
32970   31825
32980   31825
32990   31825
33000   31825
33010   31825
33020   31825
33030   31825
33040   31825
33050   31825
33060   31825
33070   31825
33080   31825
33090   31825
33100   31825
33110   31825
33120   31825
33130   31825
33140   31825
33150   31825
33160   31825
33170   31825
33180   31825
33190   31825
33200   31825
33210   31825
33220   31825
33230   31825
33240   31825
33250   31825
33260   31825
33270   31825
33280   31825
33290   31825
33300   31825
33310   31825
33320   31825
33330   31825
33340   31825
33350   31825
33360   31825
33370   31825
33380   31825
33390   31825
33400   31825
33410   31825
33420   31825
33430   31825
33440   31825
33450   31825
33460   31825
33470   31825
33480   31825
33490   31825
33500   31825
33510   31825
33520   31825
33530   31825
33540   31825
33550   31825
33560   31825
33570   31825
33580   31825
33590   31825
33600   31825
33610   31825
33620   31825
33630   31825
33640   31825
33650   31825
33660   31825
33670   31825
33680   31825
33690   31825
33700   31825
33710   31825
33720   31825
33730   31825
33740   31825
33750   31825
33760   31825
33770   31825
33780   31825
33790   31825
33800   31825
33810   31825
33820   31825
33830   31825
33840   31825
33850   31825
33860   31825
33870   31825
33880   31825
33890   31825
33900   31825
33910   31825
33920   31825
33930   31825
33940   31825
33950   31825
33960   31825
33970   31825
33980   31825
33990   31825
34000   31825
34010   31825
34020   31825
34030   31825
34040   31825
34050   31825
34060   31825
34070   31825
34080   31825
34090   31825
34100   31825
34110   31825
34120   31825
34130   31825
34140   31825
34150   31825
34160   31825
34170   31825
34180   31825
34190   31825
34200   31825
34210   31825
34220   31825
34230   31825
34240   31825
34250   31825
34260   31825
34270   31825
34280   31825
34290   31825
34300   31825
34310   31825
34320   31825
34330   31825
34340   31825
34350   31825
34360   31825
34370   31825
34380   31825
34390   31825
34400   31825
34410   31825
34420   31825
34430   31825
34440   31825
34450   31825
34460   31825
34470   31825
34480   31825
34490   31825
34500   31825
34510   31825
34520   31825
34530   31825
34540   31825
34550   31825
34560   31825
34570   31825
34580   31825
34590   31825
34600   31825
34610   31825
34620   31825
34630   31825
34640   31825
34650   31825
34660   31825
34670   31825
34680   31825
34690   31825
34700   31825
34710   31825
34720   31825
34730   31825
34740   31825
34750   31825
34760   31825
34770   31825
34780   31825
34790   31825
34800   31825
34810   31825
34820   31825
34830   31825
34840   31825
34850   31825
34860   31825
34870   31825
34880   31825
34890   31825
34900   31825
34910   31825
34920   31825
34930   31825
34940   31825
34950   31825
34960   31825
34970   31825
34980   31825
34990   31825
35000   31825
35010   31825
35020   31825
35030   31825
35040   31825
35050   31825
35060   31825
35070   31825
35080   31825
35090   31825
35100   31825
35110   31825
35120   31825
35130   31825
35140   31825
35150   31825
35160   31825
35170   31825
35180   31825
35190   31825
35200   31825
35210   31825
35220   31825
35230   31825
35240   31825
35250   31825
35260   31825
35270   31825
35280   31825
35290   31825
35300   31825
35310   31825
35320   31825
35330   31825
35340   31825
35350   31825
35360   31825
35370   31825
35380   31825
35390   31825
35400   31825
35410   31825
35420   31825
35430   31825
35440   31825
35450   31825
35460   31825
35470   31825
35480   31825
35490   31825
35500   31825
35510   31825
35520   31825
35530   31825
35540   31825
35550   31825
35560   31825
35570   31825
35580   31825
35590   31825
35600   31825
35610   31825
35620   31825
35630   31825
35640   31825
35650   31825
35660   31825
35670   31825
35680   31825
35690   31825
35700   31825
35710   31825
35720   31825
35730   31825
35740   31825
35750   31825
35760   31825
35770   31825
35780   31825
35790   31825
35800   31825
35810   31825
35820   31825
35830   31825
35840   31825
35850   31825
35860   31825
35870   31825
35880   31825
35890   31825
35900   31825
35910   31825
35920   31825
35930   31825
35940   31825
35950   31825
35960   31825
35970   31825
35980   31825
35990   31825
36000   31825
36010   31825
36020   31825
36030   31825
36040   31825
36050   31825
36060   31825
36070   31825
36080   31825
36090   31825
36100   31825
36110   31825
36120   31825
36130   31825
36140   31825
36150   31825
36160   31825
36170   31825
36180   31825
36190   31825
36200   31825
36210   31825
36220   31825
36230   31825
36240   31825
36250   31825
36260   31825
36270   31825
36280   31825
36290   31825
36300   31825
36310   31825
36320   31825
36330   31825
36340   31825
36350   31825
36360   31825
36370   31825
36380   31825
36390   31825
36400   31825
36410   31825
36420   31825
36430   31825
36440   31825
36450   31825
36460   31825
36470   31825
36480   31825
36490   31825
36500   31825
36510   31825
36520   31825
36530   31825
36540   31825
36550   31825
36560   31825
36570   31825
36580   31825
36590   31825
36600   31825
36610   31825
36620   31825
36630   31825
36640   31825
36650   31825
36660   31825
36670   31825
36680   31825
36690   31825
36700   31825
36710   31825
36720   31825
36730   31825
36740   31825
36750   31825
36760   31825
36770   31825
36780   31825
36790   31825
36800   31825
36810   31825
36820   31825
36830   31825
36840   31825
36850   31825
36860   31825
36870   31825
36880   31825
36890   31825
36900   31825
36910   31825
36920   31825
36930   31825
36940   31825
36950   31825
36960   31825
36970   31825
36980   31825
36990   31825
37000   31825
37010   31825
37020   31825
37030   31825
37040   31825
37050   31825
37060   31825
37070   31825
37080   31825
37090   31825
37100   31825
37110   31825
37120   31825
37130   31825
37140   31825
37150   31825
37160   31825
37170   31825
37180   31825
37190   31825
37200   31825
37210   31825
37220   31825
37230   31825
37240   31825
37250   31825
37260   31825
37270   31825
37280   31825
37290   31825
37300   31825
37310   31825
37320   31825
37330   31825
37340   31825
37350   31825
37360   31825
37370   31825
37380   31825
37390   31825
37400   31825
37410   31825
37420   31825
37430   31825
37440   31825
37450   31825
37460   31825
37470   31825
37480   31825
37490   31825
37500   31825
37510   31825
37520   31825
37530   31825
37540   31825
37550   31825
37560   31825
37570   31825
37580   31825
37590   31825
37600   31825
37610   31825
37620   31825
37630   31825
37640   31825
37650   31825
37660   31825
37670   31825
37680   31825
37690   31825
37700   31825
37710   31825
37720   31825
37730   31825
37740   31825
37750   31825
37760   31825
37770   31825
37780   31825
37790   31825
37800   31825
37810   31825
37820   31825
37830   31825
37840   31825
37850   31825
37860   31825
37870   31825
37880   31825
37890   31825
37900   31825
37910   31825
37920   31825
37930   31825
37940   31825
37950   31825
37960   31825
37970   31825
37980   31825
37990   31825
38000   31825
38010   31825
38020   31825
38030   31825
38040   31825
38050   31825
38060   31825
38070   31825
38080   31825
38090   31825
38100   31825
38110   31825
38120   31825
38130   31825
38140   31825
38150   31825
38160   31825
38170   31825
38180   31825
38190   31825
38200   31825
38210   31825
38220   31825
38230   31825
38240   31825
38250   31825
38260   31825
38270   31825
38280   31825
38290   31825
38300   31825
38310   31825
38320   31825
38330   31825
38340   31825
38350   31825
38360   31825
38370   31825
38380   31825
38390   31825
38400   31825
38410   31825
38420   31825
38430   31825
38440   31825
38450   31825
38460   31825
38470   31825
38480   31825
38490   31825
38500   31825
38510   31825
38520   31825
38530   31825
38540   31825
38550   31825
38560   31825
38570   31825
38580   31825
38590   31825
38600   31825
38610   31825
38620   31825
38630   31825
38640   31825
38650   31825
38660   31825
38670   31825
38680   31825
38690   31825
38700   31825
38710   31825
38720   31825
38730   31825
38740   31825
38750   31825
38760   31825
38770   31825
38780   31825
38790   31825
38800   31825
38810   31825
38820   31825
38830   31825
38840   31825
38850   31825
38860   31825
38870   31825
38880   31825
38890   31825
38900   31825
38910   31825
38920   31825
38930   31825
38940   31825
38950   31825
38960   31825
38970   31825
38980   31825
38990   31825
39000   31825
39010   31825
39020   31825
39030   31825
39040   31825
39050   31825
39060   31825
39070   31825
39080   31825
39090   31825
39100   31825
39110   31825
39120   31825
39130   31825
39140   31825
39150   31825
39160   31825
39170   31825
39180   31825
39190   31825
39200   31825
39210   31825
39220   31825
39230   31825
39240   31825
39250   31825
39260   31825
39270   31825
39280   31825
39290   31825
39300   31825
39310   31825
39320   31825
39330   31825
39340   31825
39350   31825
39360   31825
39370   31825
39380   31825
39390   31825
39400   31825
39410   31825
39420   31825
39430   31825
39440   31825
39450   31825
39460   31825
39470   31825
39480   31825
39490   31825
39500   31825
39510   31825
39520   31825
39530   31825
39540   31825
39550   31825
39560   31825
39570   31825
39580   31825
39590   31825
39600   31825
39610   31825
39620   31825
39630   31825
39640   31825
39650   31825
39660   31825
39670   31825
39680   31825
39690   31825
39700   31825
39710   31825
39720   31825
39730   31825
39740   31825
39750   31825
39760   31825
39770   31825
39780   31825
39790   31825
39800   31825
39810   31825
39820   31825
39830   31825
39840   31825
39850   31825
39860   31825
39870   31825
39880   31825
39890   31825
39900   31825
39910   31825
39920   31825
39930   31825
39940   31825
39950   31825
39960   31825
39970   31825
39980   31825
39990   31825
40000   31825
40010   31825
40020   31825
40030   31825
40040   31825
40050   31825
40060   31825
40070   31825
40080   31825
40090   31825
40100   31825
40110   31825
40120   31825
40130   31825
40140   31825
40150   31825
40160   31825
40170   31825
40180   31825
40190   31825
40200   31825
40210   31825
40220   31825
40230   31825
40240   31825
40250   31825
40260   31825
40270   31825
40280   31825
40290   31825
40300   31825
40310   31825
40320   31825
40330   31825
40340   31825
40350   31825
40360   31825
40370   31825
40380   31825
40390   31825
40400   31825
40410   31825
40420   31825
40430   31825
40440   31825
40450   31825
40460   31825
40470   31825
40480   31825
40490   31825
40500   31825
40510   31825
40520   31825
40530   31825
40540   31825
40550   31825
40560   31825
40570   31825
40580   31825
40590   31825
40600   31825
40610   31825
40620   31825
40630   31825
40640   31825
40650   31825
40660   31825
40670   31825
40680   31825
40690   31825
40700   31825
40710   31825
40720   31825
40730   31825
40740   31825
40750   31825
40760   31825
40770   31825
40780   31825
40790   31825
40800   31825
40810   31825
40820   31825
40830   31825
40840   31825
40850   31825
40860   31825
40870   31825
40880   31825
40890   31825
40900   31825
40910   31825
40920   31825
40930   31825
40940   31825
40950   31825
40960   31825
40970   31825
40980   31825
40990   31825
41000   31825
41010   31825
41020   31825
41030   31825
41040   31825
41050   31825
41060   31825
41070   31825
41080   31825
41090   31825
41100   31825
41110   31825
41120   31825
41130   31825
41140   31825
41150   31825
41160   31825
41170   31825
41180   31825
41190   31825
41200   31825
41210   31825
41220   31825
41230   31825
41240   31825
41250   31825
41260   31825
41270   31825
41280   31825
41290   31825
41300   31825
41310   31825
41320   31825
41330   31825
41340   31825
41350   31825
41360   31825
41370   31825
41380   31825
41390   31825
41400   31825
41410   31825
41420   31825
41430   31825
41440   31825
41450   31825
41460   31825
41470   31825
41480   31825
41490   31825
41500   31825
41510   31825
41520   31825
41530   31825
41540   31825
41550   31825
41560   31825
41570   31825
41580   31825
41590   31825
41600   31825
41610   31825
41620   31825
41630   31825
41640   31825
41650   31825
41660   31825
41670   31825
41680   31825
41690   31825
41700   31825
41710   31825
41720   31825
41730   31825
41740   31825
41750   31825
41760   31825
41770   31825
41780   31825
41790   31825
41800   31825
41810   31825
41820   31825
41830   31825
41840   31825
41850   31825
41860   31825
41870   31825
41880   31825
41890   31825
41900   31825
41910   31825
41920   31825
41930   31825
41940   31825
41950   31825
41960   31825
41970   31825
41980   31825
41990   31825
42000   31825
42010   31825
42020   31825
42030   31825
42040   31825
42050   31825
42060   31825
42070   31825
42080   31825
42090   31825
42100   31825
42110   31825
42120   31825
42130   31825
42140   31825
42150   31825
42160   31825
42170   31825
42180   31825
42190   31825
42200   31825
42210   31825
42220   31825
42230   31825
42240   31825
42250   31825
42260   31825
42270   31825
42280   31825
42290   31825
42300   31825
42310   31825
42320   31825
42330   31825
42340   31825
42350   31825
42360   31825
42370   31825
42380   31825
42390   31825
42400   31825
42410   31825
42420   31825
42430   31825
42440   31825
42450   31825
42460   31825
42470   31825
42480   31825
42490   31825
42500   31825
42510   31825
42520   31825
42530   31825
42540   31825
42550   31825
42560   31825
42570   31825
42580   31825
42590   31825
42600   31825
42610   31825
42620   31825
42630   31825
42640   31825
42650   31825
42660   31825
42670   31825
42680   31825
42690   31825
42700   31825
42710   31825
42720   31825
42730   31825
42740   31825
42750   31825
42760   31825
42770   31825
42780   31825
42790   31825
42800   31825
42810   31825
42820   31825
42830   31825
42840   31825
42850   31825
42860   31825
42870   31825
42880   31825
42890   31825
42900   31825
42910   31825
42920   31825
42930   31825
42940   31825
42950   31825
42960   31825
42970   31825
42980   31825
42990   31825
43000   31825
43010   31825
43020   31825
43030   31825
43040   31825
43050   31825
43060   31825
43070   31825
43080   31825
43090   31825
43100   31825
43110   31825
43120   31825
43130   31825
43140   31825
43150   31825
43160   31825
43170   31825
43180   31825
43190   31825
43200   31825
43210   31825
43220   31825
43230   31825
43240   31825
43250   31825
43260   31825
43270   31825
43280   31825
43290   31825
43300   31825
43310   31825
43320   31825
43330   31825
43340   31825
43350   31825
43360   31825
43370   31825
43380   31825
43390   31825
43400   31825
43410   31825
43420   31825
43430   31825
43440   31825
43450   31825
43460   31825
43470   31825
43480   31825
43490   31825
43500   31825
43510   31825
43520   31825
43530   31825
43540   31825
43550   31825
43560   31825
43570   31825
43580   31825
43590   31825
43600   31825
43610   31825
43620   31825
43630   31825
43640   31825
43650   31825
43660   31825
43670   31825
43680   31825
43690   31825
43700   31825
43710   31825
43720   31825
43730   31825
43740   31825
43750   31825
43760   31825
43770   31825
43780   31825
43790   31825
43800   31825
43810   31825
43820   31825
43830   31825
43840   31825
43850   31825
43860   31825
43870   31825
43880   31825
43890   31825
43900   31825
43910   31825
43920   31825
43930   31825
43940   31825
43950   31825
43960   31825
43970   31825
43980   31825
43990   31825
44000   31825
44010   31825
44020   31825
44030   31825
44040   31825
44050   31825
44060   31825
44070   31825
44080   31825
44090   31825
44100   31825
44110   31825
44120   31825
44130   31825
44140   31825
44150   31825
44160   31825
44170   31825
44180   31825
44190   31825
44200   31825
44210   31825
44220   31825
44230   31825
44240   31825
44250   31825
44260   31825
44270   31825
44280   31825
44290   31825
44300   31825
44310   31825
44320   31825
44330   31825
44340   31825
44350   31825
44360   31825
44370   31825
44380   31825
44390   31825
44400   31825
44410   31825
44420   31825
44430   31825
44440   31825
44450   31825
44460   31825
44470   31825
44480   31825
44490   31825
44500   31825
44510   31825
44520   31825
44530   31825
44540   31825
44550   31825
44560   31825
44570   31825
44580   31825
44590   31825
44600   31825
44610   31825
44620   31825
44630   31825
44640   31825
44650   31825
44660   31825
44670   31825
44680   31825
44690   31825
44700   31825
44710   31825
44720   31825
44730   31825
44740   31825
44750   31825
44760   31825
44770   31825
44780   31825
44790   31825
44800   31825
44810   31825
44820   31825
44830   31825
44840   31825
44850   31825
44860   31825
44870   31825
44880   31825
44890   31825
44900   31825
44910   31825
44920   31825
44930   31825
44940   31825
44950   31825
44960   31825
44970   31825
44980   31825
44990   31825
45000   31825
45010   31825
45020   31825
45030   31825
45040   31825
45050   31825
45060   31825
45070   31825
45080   31825
45090   31825
45100   31825
45110   31825
45120   31825
45130   31825
45140   31825
45150   31825
45160   31825
45170   31825
45180   31825
45190   31825
45200   31825
45210   31825
45220   31825
45230   31825
45240   31825
45250   31825
45260   31825
45270   31825
45280   31825
45290   31825
45300   31825
45310   31825
45320   31825
45330   31825
45340   31825
45350   31825
45360   31825
45370   31825
45380   31825
45390   31825
45400   31825
45410   31825
45420   31825
45430   31825
45440   31825
45450   31825
45460   31825
45470   31825
45480   31825
45490   31825
45500   31825
45510   31825
45520   31825
45530   31825
45540   31825
45550   31825
45560   31825
45570   31825
45580   31825
45590   31825
45600   31825
45610   31825
45620   31825
45630   31825
45640   31825
45650   31825
45660   31825
45670   31825
45680   31825
45690   31825
45700   31825
45710   31825
45720   31825
45730   31825
45740   31825
45750   31825
45760   31825
45770   31825
45780   31825
45790   31825
45800   31825
45810   31825
45820   31825
45830   31825
45840   31825
45850   31825
45860   31825
45870   31825
45880   31825
45890   31825
45900   31825
45910   31825
45920   31825
45930   31825
45940   31825
45950   31825
45960   31825
45970   31825
45980   31825
45990   31825
46000   31825
46010   31825
46020   31825
46030   31825
46040   31825
46050   31825
46060   31825
46070   31825
46080   31825
46090   31825
46100   31825
46110   31825
46120   31825
46130   31825
46140   31825
46150   31825
46160   31825
46170   31825
46180   31825
46190   31825
46200   31825
46210   31825
46220   31825
46230   31825
46240   31825
46250   31825
46260   31825
46270   31825
46280   31825
46290   31825
46300   31825
46310   31825
46320   31825
46330   31825
46340   31825
46350   31825
46360   31825
46370   31825
46380   31825
46390   31825
46400   31825
46410   31825
46420   31825
46430   31825
46440   31825
46450   31825
46460   31825
46470   31825
46480   31825
46490   31825
46500   31825
46510   31825
46520   31825
46530   31825
46540   31825
46550   31825
46560   31825
46570   31825
46580   31825
46590   31825
46600   31825
46610   31825
46620   31825
46630   31825
46640   31825
46650   31825
46660   31825
46670   31825
46680   31825
46690   31825
46700   31825
46710   31825
46720   31825
46730   31825
46740   31825
46750   31825
46760   31825
46770   31825
46780   31825
46790   31825
46800   31825
46810   31825
46820   31825
46830   31825
46840   31825
46850   31825
46860   31825
46870   31825
46880   31825
46890   31825
46900   31825
46910   31825
46920   31825
46930   31825
46940   31825
46950   31825
46960   31825
46970   31825
46980   31825
46990   31825
47000   31825
47010   31825
47020   31825
47030   31825
47040   31825
47050   31825
47060   31825
47070   31825
47080   31825
47090   31825
47100   31825
47110   31825
47120   31825
47130   31825
47140   31825
47150   31825
47160   31825
47170   31825
47180   31825
47190   31825
47200   31825
47210   31825
47220   31825
47230   31825
47240   31825
47250   31825
47260   31825
47270   31825
47280   31825
47290   31825
47300   31825
47310   31825
47320   31825
47330   31825
47340   31825
47350   31825
47360   31825
47370   31825
47380   31825
47390   31825
47400   31825
47410   31825
47420   31825
47430   31825
47440   31825
47450   31825
47460   31825
47470   31825
47480   31825
47490   31825
47500   31825
47510   31825
47520   31825
47530   31825
47540   31825
47550   31825
47560   31825
47570   31825
47580   31825
47590   31825
47600   31825
47610   31825
47620   31825
47630   31825
47640   31825
47650   31825
47660   31825
47670   31825
47680   31825
47690   31825
47700   31825
47710   31825
47720   31825
47730   31825
47740   31825
47750   31825
47760   31825
47770   31825
47780   31825
47790   31825
47800   31825
47810   31825
47820   31825
47830   31825
47840   31825
47850   31825
47860   31825
47870   31825
47880   31825
47890   31825
47900   31825
47910   31825
47920   31825
47930   31825
47940   31825
47950   31825
47960   31825
47970   31825
47980   31825
47990   31825
48000   31825
48010   31825
48020   31825
48030   31825
48040   31825
48050   31825
48060   31825
48070   31825
48080   31825
48090   31825
48100   31825
48110   31825
48120   31825
48130   31825
48140   31825
48150   31825
48160   31825
48170   31825
48180   31825
48190   31825
48200   31825
48210   31825
48220   31825
48230   31825
48240   31825
48250   31825
48260   31825
48270   31825
48280   31825
48290   31825
48300   31825
48310   31825
48320   31825
48330   31825
48340   31825
48350   31825
48360   31825
48370   31825
48380   31825
48390   31825
48400   31825
48410   31825
48420   31825
48430   31825
48440   31825
48450   31825
48460   31825
48470   31825
48480   31825
48490   31825
48500   31825
48510   31825
48520   31825
48530   31825
48540   31825
48550   31825
48560   31825
48570   31825
48580   31825
48590   31825
48600   31825
48610   31825
48620   31825
48630   31825
48640   31825
48650   31825
48660   31825
48670   31825
48680   31825
48690   31825
48700   31825
48710   31825
48720   31825
48730   31825
48740   31825
48750   31825
48760   31825
48770   31825
48780   31825
48790   31825
48800   31825
48810   31825
48820   31825
48830   31825
48840   31825
48850   31825
48860   31825
48870   31825
48880   31825
48890   31825
48900   31825
48910   31825
48920   31825
48930   31825
48940   31825
48950   31825
48960   31825
48970   31825
48980   31825
48990   31825
49000   31825
49010   31825
49020   31825
49030   31825
49040   31825
49050   31825
49060   31825
49070   31825
49080   31825
49090   31825
49100   31825
49110   31825
49120   31825
49130   31825
49140   31825
49150   31825
49160   31825
49170   31825
49180   31825
49190   31825
49200   31825
49210   31825
49220   31825
49230   31825
49240   31825
49250   31825
49260   31825
49270   31825
49280   31825
49290   31825
49300   31825
49310   31825
49320   31825
49330   31825
49340   31825
49350   31825
49360   31825
49370   31825
49380   31825
49390   31825
49400   31825
49410   31825
49420   31825
49430   31825
49440   31825
49450   31825
49460   31825
49470   31825
49480   31825
49490   31825
49500   31825
49510   31825
49520   31825
49530   31825
49540   31825
49550   31825
49560   31825
49570   31825
49580   31825
49590   31825
49600   31825
49610   31825
49620   31825
49630   31825
49640   31825
49650   31825
49660   31825
49670   31825
49680   31825
49690   31825
49700   31825
49710   31825
49720   31825
49730   31825
49740   31825
49750   31825
49760   31825
49770   31825
49780   31825
49790   31825
49800   31825
49810   31825
49820   31825
49830   31825
49840   31825
49850   31825
49860   31825
49870   31825
49880   31825
49890   31825
49900   31825
49910   31825
49920   31825
49930   31825
49940   31825
49950   31825
49960   31825
49970   31825
49980   31825
49990   31825
50000   31825
50010   31825
50020   31825
50030   31825
50040   31825
50050   31825
50060   31825
50070   31825
50080   31825
50090   31825
50100   31825
50110   31825
50120   31825
50130   31825
50140   31825
50150   31825
50160   31825
50170   31825
50180   31825
50190   31825
50200   31825
50210   31825
50220   31825
50230   31825
50240   31825
50250   31825
50260   31825
50270   31825
50280   31825
50290   31825
50300   31825
50310   31825
50320   31825
50330   31825
50340   31825
50350   31825
50360   31825
