10   32633
20   32545
30   32369
40   32121
50   32121
60   32121
70   32121
80   32121
90   32121
100   32121
110   32121
120   32121
130   32121
140   32121
150   32121
160   32121
170   32121
180   32121
190   32121
200   32121
210   32121
220   32121
230   32121
240   32121
250   32121
260   32121
270   32121
280   32121
290   32121
300   32121
310   32121
320   32121
330   32121
340   32121
350   32121
360   32121
370   32121
380   32121
390   32121
400   32121
410   32121
420   32121
430   32121
440   32121
450   32121
460   32121
470   32121
480   32121
490   32121
500   32121
510   32121
520   32121
530   32121
540   32121
550   32121
560   32121
570   32121
580   32121
590   32121
600   32121
610   32121
620   32121
630   32121
640   32121
650   32121
660   32121
670   32121
680   32121
690   32121
700   32121
710   32121
720   32121
730   32121
740   32121
750   32121
760   32121
770   32121
780   32121
790   32121
800   32121
810   32121
820   32121
830   32121
840   32121
850   32121
860   32121
870   32121
880   32121
890   32121
900   32121
910   32121
920   32121
930   32041
940   32041
950   32041
960   32041
970   32041
980   32041
990   32041
1000   32041
1010   32041
1020   32041
1030   32041
1040   32041
1050   32041
1060   32041
1070   32041
1080   32041
1090   32041
1100   32041
1110   32041
1120   32041
1130   32041
1140   32041
1150   32041
1160   32041
1170   32041
1180   32041
1190   32041
1200   32041
1210   32041
1220   32041
1230   32041
1240   32041
1250   32041
1260   32041
1270   32041
1280   32041
1290   32041
1300   32041
1310   32041
1320   32041
1330   32041
1340   32041
1350   32041
1360   32041
1370   32041
1380   32041
1390   32041
1400   32041
1410   32041
1420   32041
1430   32041
1440   32041
1450   32041
1460   32041
1470   32041
1480   32041
1490   32041
1500   32041
1510   32041
1520   32041
1530   32041
1540   32041
1550   32041
1560   32041
1570   32041
1580   32041
1590   32041
1600   32041
1610   32041
1620   32041
1630   32041
1640   32041
1650   32041
1660   32041
1670   32041
1680   32041
1690   32041
1700   32041
1710   32041
1720   32041
1730   32041
1740   32041
1750   32041
1760   32041
1770   32041
1780   32041
1790   32041
1800   32041
1810   32041
1820   32041
1830   32041
1840   32041
1850   32041
1860   32041
1870   32041
1880   32041
1890   32041
1900   32041
1910   32041
1920   32041
1930   32041
1940   32041
1950   32041
1960   32041
1970   32041
1980   32041
1990   32041
2000   32041
2010   32041
2020   32041
2030   32041
2040   32041
2050   32041
2060   32041
2070   32041
2080   32041
2090   32041
2100   32017
2110   32017
2120   32017
2130   32017
2140   32017
2150   32017
2160   32017
2170   32017
2180   32017
2190   32017
2200   32017
2210   32017
2220   32017
2230   32017
2240   32017
2250   32017
2260   32017
2270   32017
2280   32017
2290   32017
2300   32017
2310   32017
2320   32017
2330   32017
2340   32017
2350   32017
2360   32017
2370   32017
2380   32017
2390   32017
2400   32017
2410   32017
2420   32017
2430   32017
2440   32017
2450   32017
2460   32017
2470   32017
2480   32017
2490   32017
2500   32017
2510   32017
2520   32017
2530   32017
2540   32017
2550   32017
2560   32017
2570   32017
2580   32017
2590   32017
2600   32017
2610   32017
2620   32017
2630   32017
2640   32017
2650   32017
2660   32017
2670   32017
2680   32017
2690   32017
2700   32017
2710   32017
2720   32017
2730   32017
2740   32017
2750   32017
2760   32017
2770   32017
2780   32017
2790   32017
2800   32017
2810   32017
2820   32017
2830   32017
2840   32017
2850   32017
2860   32017
2870   32017
2880   32017
2890   32017
2900   32017
2910   32017
2920   32017
2930   32017
2940   32017
2950   32017
2960   32017
2970   31993
2980   31993
2990   31993
3000   31993
3010   31993
3020   31993
3030   31993
3040   31993
3050   31993
3060   31993
3070   31993
3080   31993
3090   31993
3100   31993
3110   31993
3120   31993
3130   31993
3140   31993
3150   31993
3160   31993
3170   31993
3180   31993
3190   31993
3200   31993
3210   31993
3220   31993
3230   31921
3240   31921
3250   31921
3260   31921
3270   31921
3280   31921
3290   31921
3300   31921
3310   31921
3320   31921
3330   31921
3340   31921
3350   31921
3360   31921
3370   31921
3380   31921
3390   31921
3400   31921
3410   31921
3420   31921
3430   31921
3440   31921
3450   31921
3460   31921
3470   31921
3480   31921
3490   31921
3500   31921
3510   31921
3520   31921
3530   31921
3540   31921
3550   31921
3560   31921
3570   31921
3580   31921
3590   31921
3600   31921
3610   31921
3620   31921
3630   31921
3640   31921
3650   31921
3660   31921
3670   31921
3680   31921
3690   31921
3700   31921
3710   31921
3720   31921
3730   31921
3740   31921
3750   31921
3760   31921
3770   31921
3780   31921
3790   31921
3800   31921
3810   31921
3820   31921
3830   31921
3840   31921
3850   31921
3860   31921
3870   31921
3880   31921
3890   31921
3900   31921
3910   31921
3920   31921
3930   31921
3940   31921
3950   31921
3960   31921
3970   31921
3980   31921
3990   31921
4000   31921
4010   31921
4020   31921
4030   31921
4040   31921
4050   31921
4060   31921
4070   31921
4080   31921
4090   31921
4100   31921
4110   31921
4120   31921
4130   31921
4140   31921
4150   31921
4160   31921
4170   31921
4180   31921
4190   31921
4200   31921
4210   31921
4220   31921
4230   31921
4240   31921
4250   31921
4260   31921
4270   31921
4280   31921
4290   31921
4300   31921
4310   31921
4320   31921
4330   31921
4340   31921
4350   31921
4360   31921
4370   31921
4380   31921
4390   31921
4400   31921
4410   31921
4420   31921
4430   31921
4440   31921
4450   31921
4460   31921
4470   31921
4480   31921
4490   31921
4500   31921
4510   31921
4520   31921
4530   31921
4540   31921
4550   31921
4560   31921
4570   31921
4580   31921
4590   31921
4600   31921
4610   31921
4620   31921
4630   31921
4640   31921
4650   31921
4660   31921
4670   31921
4680   31921
4690   31921
4700   31921
4710   31921
4720   31921
4730   31921
4740   31921
4750   31921
4760   31921
4770   31921
4780   31921
4790   31921
4800   31921
4810   31921
4820   31921
4830   31921
4840   31921
4850   31921
4860   31921
4870   31921
4880   31921
4890   31921
4900   31921
4910   31921
4920   31921
4930   31921
4940   31921
4950   31921
4960   31921
4970   31921
4980   31921
4990   31921
5000   31921
5010   31921
5020   31921
5030   31921
5040   31921
5050   31921
5060   31921
5070   31921
5080   31921
5090   31921
5100   31921
5110   31921
5120   31921
5130   31921
5140   31921
5150   31921
5160   31921
5170   31921
5180   31921
5190   31921
5200   31921
5210   31921
5220   31921
5230   31921
5240   31921
5250   31921
5260   31921
5270   31921
5280   31921
5290   31921
5300   31921
5310   31921
5320   31921
5330   31921
5340   31921
5350   31921
5360   31921
5370   31921
5380   31921
5390   31921
5400   31921
5410   31921
5420   31921
5430   31921
5440   31921
5450   31921
5460   31921
5470   31921
5480   31921
5490   31921
5500   31921
5510   31921
5520   31921
5530   31921
5540   31921
5550   31921
5560   31921
5570   31921
5580   31921
5590   31921
5600   31921
5610   31921
5620   31921
5630   31921
5640   31921
5650   31921
5660   31921
5670   31921
5680   31921
5690   31921
5700   31921
5710   31921
5720   31921
5730   31921
5740   31921
5750   31921
5760   31921
5770   31921
5780   31921
5790   31921
5800   31921
5810   31921
5820   31921
5830   31921
5840   31921
5850   31921
5860   31921
5870   31921
5880   31921
5890   31921
5900   31921
5910   31921
5920   31921
5930   31921
5940   31921
5950   31921
5960   31921
5970   31921
5980   31921
5990   31921
6000   31921
6010   31921
6020   31921
6030   31921
6040   31921
6050   31921
6060   31921
6070   31921
6080   31921
6090   31921
6100   31921
6110   31921
6120   31921
6130   31921
6140   31921
6150   31921
6160   31921
6170   31921
6180   31921
6190   31921
6200   31921
6210   31921
6220   31921
6230   31921
6240   31921
6250   31921
6260   31921
6270   31921
6280   31921
6290   31921
6300   31921
6310   31921
6320   31921
6330   31921
6340   31921
6350   31921
6360   31921
6370   31921
6380   31921
6390   31921
6400   31921
6410   31921
6420   31921
6430   31921
6440   31921
6450   31921
6460   31921
6470   31921
6480   31921
6490   31921
6500   31921
6510   31921
6520   31921
6530   31921
6540   31921
6550   31921
6560   31921
6570   31921
6580   31921
6590   31921
6600   31921
6610   31921
6620   31921
6630   31921
6640   31921
6650   31921
6660   31921
6670   31921
6680   31921
6690   31921
6700   31921
6710   31921
6720   31921
6730   31921
6740   31921
6750   31921
6760   31921
6770   31921
6780   31921
6790   31921
6800   31921
6810   31921
6820   31921
6830   31921
6840   31921
6850   31921
6860   31921
6870   31921
6880   31921
6890   31921
6900   31921
6910   31921
6920   31921
6930   31921
6940   31921
6950   31921
6960   31921
6970   31921
6980   31921
6990   31921
7000   31921
7010   31921
7020   31921
7030   31921
7040   31921
7050   31921
7060   31921
7070   31921
7080   31921
7090   31921
7100   31921
7110   31921
7120   31921
7130   31921
7140   31921
7150   31921
7160   31921
7170   31921
7180   31921
7190   31921
7200   31921
7210   31921
7220   31921
7230   31921
7240   31921
7250   31921
7260   31921
7270   31921
7280   31921
7290   31921
7300   31921
7310   31921
7320   31921
7330   31921
7340   31921
7350   31921
7360   31921
7370   31921
7380   31921
7390   31921
7400   31921
7410   31921
7420   31921
7430   31921
7440   31921
7450   31921
7460   31921
7470   31921
7480   31921
7490   31921
7500   31921
7510   31921
7520   31921
7530   31921
7540   31921
7550   31921
7560   31921
7570   31921
7580   31921
7590   31921
7600   31921
7610   31921
7620   31921
7630   31921
7640   31921
7650   31921
7660   31921
7670   31921
7680   31921
7690   31921
7700   31921
7710   31921
7720   31921
7730   31921
7740   31921
7750   31921
7760   31921
7770   31921
7780   31921
7790   31921
7800   31921
7810   31921
7820   31921
7830   31921
7840   31921
7850   31921
7860   31921
7870   31921
7880   31921
7890   31921
7900   31921
7910   31921
7920   31921
7930   31921
7940   31921
7950   31921
7960   31921
7970   31921
7980   31921
7990   31921
8000   31921
8010   31921
8020   31921
8030   31921
8040   31921
8050   31921
8060   31921
8070   31921
8080   31921
8090   31921
8100   31921
8110   31921
8120   31921
8130   31921
8140   31921
8150   31921
8160   31921
8170   31921
8180   31921
8190   31921
8200   31921
8210   31921
8220   31921
8230   31921
8240   31921
8250   31921
8260   31921
8270   31921
8280   31921
8290   31921
8300   31921
8310   31921
8320   31921
8330   31921
8340   31921
8350   31921
8360   31921
8370   31921
8380   31921
8390   31921
8400   31921
8410   31921
8420   31921
8430   31921
8440   31921
8450   31921
8460   31921
8470   31921
8480   31921
8490   31921
8500   31921
8510   31921
8520   31921
8530   31921
8540   31921
8550   31921
8560   31921
8570   31921
8580   31921
8590   31921
8600   31921
8610   31921
8620   31921
8630   31921
8640   31921
8650   31921
8660   31921
8670   31921
8680   31921
8690   31921
8700   31921
8710   31921
8720   31921
8730   31921
8740   31921
8750   31921
8760   31921
8770   31921
8780   31921
8790   31921
8800   31921
8810   31921
8820   31921
8830   31921
8840   31921
8850   31921
8860   31921
8870   31921
8880   31921
8890   31921
8900   31921
8910   31921
8920   31921
8930   31921
8940   31921
8950   31921
8960   31921
8970   31921
8980   31921
8990   31921
9000   31921
9010   31921
9020   31921
9030   31921
9040   31921
9050   31921
9060   31921
9070   31921
9080   31921
9090   31921
9100   31921
9110   31921
9120   31921
9130   31921
9140   31921
9150   31921
9160   31921
9170   31921
9180   31921
9190   31921
9200   31921
9210   31921
9220   31921
9230   31921
9240   31921
9250   31921
9260   31921
9270   31921
9280   31921
9290   31921
9300   31921
9310   31921
9320   31921
9330   31921
9340   31921
9350   31921
9360   31921
9370   31921
9380   31921
9390   31921
9400   31921
9410   31921
9420   31921
9430   31921
9440   31921
9450   31921
9460   31921
9470   31921
9480   31921
9490   31921
9500   31921
9510   31921
9520   31921
9530   31921
9540   31921
9550   31921
9560   31921
9570   31921
9580   31921
9590   31921
9600   31921
9610   31921
9620   31921
9630   31921
9640   31921
9650   31921
9660   31921
9670   31921
9680   31921
9690   31921
9700   31921
9710   31921
9720   31921
9730   31921
9740   31921
9750   31921
9760   31921
9770   31921
9780   31921
9790   31921
9800   31921
9810   31921
9820   31921
9830   31921
9840   31921
9850   31921
9860   31921
9870   31921
9880   31921
9890   31921
9900   31921
9910   31921
9920   31921
9930   31921
9940   31921
9950   31921
9960   31921
9970   31921
9980   31921
9990   31921
10000   31921
10010   31921
10020   31921
10030   31921
10040   31921
10050   31921
10060   31921
10070   31921
10080   31921
10090   31921
10100   31921
10110   31921
10120   31921
10130   31921
10140   31921
10150   31921
10160   31921
10170   31921
10180   31921
10190   31921
10200   31921
10210   31921
10220   31921
10230   31849
10240   31849
10250   31849
10260   31849
10270   31849
10280   31849
10290   31849
10300   31849
10310   31849
10320   31849
10330   31849
10340   31849
10350   31849
10360   31849
10370   31849
10380   31849
10390   31849
10400   31849
10410   31849
10420   31849
10430   31849
10440   31849
10450   31849
10460   31849
10470   31849
10480   31849
10490   31849
10500   31849
10510   31849
10520   31849
10530   31849
10540   31849
10550   31849
10560   31849
10570   31849
10580   31849
10590   31849
10600   31849
10610   31849
10620   31849
10630   31849
10640   31849
10650   31849
10660   31849
10670   31849
10680   31849
10690   31849
10700   31849
10710   31849
10720   31849
10730   31849
10740   31849
10750   31849
10760   31849
10770   31849
10780   31849
10790   31849
10800   31849
10810   31849
10820   31849
10830   31849
10840   31849
10850   31849
10860   31849
10870   31849
10880   31849
10890   31849
10900   31849
10910   31849
10920   31849
10930   31849
10940   31849
10950   31849
10960   31849
10970   31849
10980   31849
10990   31849
11000   31849
11010   31849
11020   31849
11030   31849
11040   31849
11050   31849
11060   31849
11070   31849
11080   31849
11090   31849
11100   31849
11110   31849
11120   31849
11130   31849
11140   31849
11150   31849
11160   31849
11170   31849
11180   31849
11190   31849
11200   31849
11210   31849
11220   31849
11230   31849
11240   31849
11250   31849
11260   31849
11270   31849
11280   31849
11290   31849
11300   31849
11310   31849
11320   31849
11330   31849
11340   31849
11350   31849
11360   31849
11370   31849
11380   31849
11390   31849
11400   31849
11410   31849
11420   31849
11430   31849
11440   31849
11450   31849
11460   31849
11470   31849
11480   31849
11490   31849
11500   31849
11510   31849
11520   31849
11530   31849
11540   31849
11550   31849
11560   31849
11570   31849
11580   31849
11590   31849
11600   31849
11610   31849
11620   31849
11630   31849
11640   31849
11650   31849
11660   31849
11670   31849
11680   31849
11690   31849
11700   31849
11710   31849
11720   31849
11730   31849
11740   31849
11750   31849
11760   31849
11770   31849
11780   31849
11790   31849
11800   31849
11810   31849
11820   31849
11830   31849
11840   31849
11850   31849
11860   31849
11870   31849
11880   31849
11890   31849
11900   31849
11910   31849
11920   31849
11930   31849
11940   31849
11950   31849
11960   31849
11970   31849
11980   31849
11990   31849
12000   31849
12010   31849
12020   31849
12030   31849
12040   31849
12050   31849
12060   31849
12070   31849
12080   31849
12090   31849
12100   31849
12110   31849
12120   31849
12130   31849
12140   31849
12150   31849
12160   31849
12170   31849
12180   31849
12190   31849
12200   31849
12210   31849
12220   31849
12230   31849
12240   31849
12250   31849
12260   31849
12270   31849
12280   31849
12290   31849
12300   31849
12310   31849
12320   31849
12330   31849
12340   31849
12350   31849
12360   31849
12370   31849
12380   31849
12390   31849
12400   31849
12410   31849
12420   31849
12430   31849
12440   31849
12450   31849
12460   31849
12470   31849
12480   31849
12490   31849
12500   31849
12510   31849
12520   31849
12530   31849
12540   31849
12550   31849
12560   31849
12570   31849
12580   31849
12590   31849
12600   31849
12610   31849
12620   31849
12630   31849
12640   31849
12650   31849
12660   31849
12670   31849
12680   31849
12690   31849
12700   31849
12710   31849
12720   31849
12730   31849
12740   31849
12750   31849
12760   31849
12770   31849
12780   31849
12790   31849
12800   31849
12810   31849
12820   31849
12830   31849
12840   31849
12850   31849
12860   31849
12870   31849
12880   31849
12890   31849
12900   31849
12910   31849
12920   31849
12930   31849
12940   31849
12950   31849
12960   31849
12970   31849
12980   31849
12990   31849
13000   31849
13010   31849
13020   31849
13030   31849
13040   31849
13050   31849
13060   31849
13070   31849
13080   31849
13090   31849
13100   31849
13110   31849
13120   31849
13130   31849
13140   31849
13150   31849
13160   31849
13170   31849
13180   31849
13190   31849
13200   31849
13210   31849
13220   31849
13230   31849
13240   31849
13250   31849
13260   31849
13270   31849
13280   31849
13290   31849
13300   31849
13310   31849
13320   31849
13330   31849
13340   31849
13350   31849
13360   31849
13370   31849
13380   31849
13390   31849
13400   31849
13410   31849
13420   31849
13430   31849
13440   31849
13450   31849
13460   31849
13470   31849
13480   31849
13490   31849
13500   31849
13510   31849
13520   31849
13530   31849
13540   31849
13550   31849
13560   31849
13570   31849
13580   31849
13590   31849
13600   31849
13610   31849
13620   31849
13630   31849
13640   31849
13650   31849
13660   31849
13670   31849
13680   31849
13690   31849
13700   31849
13710   31849
13720   31849
13730   31849
13740   31849
13750   31849
13760   31849
13770   31849
13780   31849
13790   31849
13800   31849
13810   31849
13820   31849
13830   31849
13840   31849
13850   31849
13860   31849
13870   31849
13880   31849
13890   31849
13900   31849
13910   31849
13920   31849
13930   31849
13940   31849
13950   31849
13960   31849
13970   31849
13980   31849
13990   31849
14000   31849
14010   31849
14020   31849
14030   31849
14040   31849
14050   31849
14060   31849
14070   31849
14080   31849
14090   31849
14100   31849
14110   31849
14120   31849
14130   31849
14140   31849
14150   31849
14160   31849
14170   31849
14180   31849
14190   31849
14200   31849
14210   31849
14220   31849
14230   31849
14240   31849
14250   31849
14260   31849
14270   31849
14280   31849
14290   31849
14300   31849
14310   31849
14320   31849
14330   31849
14340   31849
14350   31849
14360   31849
14370   31849
14380   31849
14390   31849
14400   31849
14410   31849
14420   31849
14430   31849
14440   31849
14450   31849
14460   31849
14470   31849
14480   31849
14490   31849
14500   31849
14510   31849
14520   31849
14530   31849
14540   31849
14550   31849
14560   31849
14570   31849
14580   31849
14590   31849
14600   31849
14610   31849
14620   31849
14630   31849
14640   31849
14650   31849
14660   31849
14670   31849
14680   31849
14690   31849
14700   31849
14710   31849
14720   31849
14730   31849
14740   31849
14750   31849
14760   31849
14770   31849
14780   31849
14790   31849
14800   31849
14810   31849
14820   31849
14830   31849
14840   31849
14850   31849
14860   31849
14870   31849
14880   31849
14890   31849
14900   31849
14910   31849
14920   31849
14930   31849
14940   31849
14950   31849
14960   31849
14970   31849
14980   31849
14990   31849
15000   31849
15010   31849
15020   31849
15030   31849
15040   31849
15050   31849
15060   31849
15070   31849
15080   31849
15090   31849
15100   31849
15110   31849
15120   31849
15130   31849
15140   31849
15150   31849
15160   31849
15170   31849
15180   31849
15190   31849
15200   31849
15210   31849
15220   31849
15230   31849
15240   31849
15250   31849
15260   31849
15270   31849
15280   31849
15290   31849
15300   31849
15310   31849
15320   31849
15330   31849
15340   31849
15350   31849
15360   31849
15370   31849
15380   31849
15390   31849
15400   31849
15410   31849
15420   31849
15430   31849
15440   31849
15450   31849
15460   31849
15470   31849
15480   31849
15490   31849
15500   31849
15510   31849
15520   31849
15530   31849
15540   31849
15550   31849
15560   31849
15570   31849
15580   31849
15590   31849
15600   31849
15610   31849
15620   31849
15630   31849
15640   31849
15650   31849
15660   31849
15670   31849
15680   31849
15690   31849
15700   31849
15710   31849
15720   31849
15730   31849
15740   31849
15750   31849
15760   31849
15770   31849
15780   31849
15790   31849
15800   31849
15810   31849
15820   31849
15830   31849
15840   31849
15850   31849
15860   31849
15870   31849
15880   31849
15890   31849
15900   31849
15910   31849
15920   31849
15930   31849
15940   31849
15950   31849
15960   31849
15970   31849
15980   31849
15990   31849
16000   31849
16010   31849
16020   31849
16030   31849
16040   31849
16050   31849
16060   31849
16070   31849
16080   31849
16090   31849
16100   31849
16110   31849
16120   31849
16130   31849
16140   31849
16150   31849
16160   31849
16170   31849
16180   31849
16190   31849
16200   31849
16210   31849
16220   31849
16230   31849
16240   31849
16250   31849
16260   31849
16270   31849
16280   31849
16290   31849
16300   31849
16310   31849
16320   31849
16330   31849
16340   31849
16350   31849
16360   31849
16370   31849
16380   31849
16390   31849
16400   31849
16410   31849
16420   31849
16430   31849
16440   31849
16450   31849
16460   31849
16470   31849
16480   31849
16490   31849
16500   31849
16510   31849
16520   31849
16530   31849
16540   31849
16550   31849
16560   31849
16570   31849
16580   31849
16590   31849
16600   31849
16610   31849
16620   31849
16630   31849
16640   31849
16650   31849
16660   31849
16670   31849
16680   31849
16690   31849
16700   31849
16710   31849
16720   31849
16730   31849
16740   31849
16750   31849
16760   31849
16770   31849
16780   31849
16790   31849
16800   31849
16810   31849
16820   31849
16830   31849
16840   31849
16850   31849
16860   31849
16870   31849
16880   31849
16890   31849
16900   31849
16910   31849
16920   31849
16930   31849
16940   31849
16950   31849
16960   31849
16970   31849
16980   31849
16990   31849
17000   31849
17010   31849
17020   31849
17030   31849
17040   31849
17050   31849
17060   31849
17070   31849
17080   31849
17090   31849
17100   31849
17110   31849
17120   31849
17130   31849
17140   31849
17150   31849
17160   31849
17170   31849
17180   31849
17190   31849
17200   31849
17210   31849
17220   31849
17230   31849
17240   31849
17250   31849
17260   31849
17270   31849
17280   31849
17290   31849
17300   31849
17310   31849
17320   31849
17330   31849
17340   31849
17350   31849
17360   31849
17370   31849
17380   31849
17390   31849
17400   31849
17410   31849
17420   31849
17430   31849
17440   31849
17450   31849
17460   31849
17470   31849
17480   31849
17490   31849
17500   31849
17510   31849
17520   31849
17530   31849
17540   31849
17550   31849
17560   31849
17570   31849
17580   31849
17590   31849
17600   31849
17610   31849
17620   31849
17630   31849
17640   31849
17650   31849
17660   31849
17670   31849
17680   31849
17690   31849
17700   31849
17710   31849
17720   31849
17730   31849
17740   31849
17750   31849
17760   31849
17770   31849
17780   31849
17790   31849
17800   31849
17810   31849
17820   31849
17830   31849
17840   31849
17850   31849
17860   31849
17870   31849
17880   31849
17890   31849
17900   31849
17910   31849
17920   31849
17930   31849
17940   31849
17950   31849
17960   31849
17970   31849
17980   31849
17990   31849
18000   31849
18010   31849
18020   31849
18030   31849
18040   31849
18050   31849
18060   31849
18070   31849
18080   31849
18090   31849
18100   31849
18110   31849
18120   31849
18130   31849
18140   31849
18150   31849
18160   31849
18170   31849
18180   31849
18190   31849
18200   31849
18210   31849
18220   31849
18230   31849
18240   31849
18250   31849
18260   31849
18270   31849
18280   31849
18290   31849
18300   31849
18310   31849
18320   31849
18330   31849
18340   31849
18350   31849
18360   31849
18370   31849
18380   31849
18390   31849
18400   31849
18410   31849
18420   31849
18430   31849
18440   31849
18450   31849
18460   31849
18470   31849
18480   31849
18490   31849
18500   31849
18510   31849
18520   31849
18530   31849
18540   31849
18550   31849
18560   31849
18570   31849
18580   31849
18590   31849
18600   31849
18610   31849
18620   31849
18630   31849
18640   31849
18650   31849
18660   31849
18670   31849
18680   31849
18690   31849
18700   31849
18710   31849
18720   31849
18730   31849
18740   31849
18750   31849
18760   31849
18770   31849
18780   31849
18790   31849
18800   31849
18810   31849
18820   31849
18830   31849
18840   31849
18850   31849
18860   31849
18870   31849
18880   31849
18890   31849
18900   31849
18910   31849
18920   31849
18930   31849
18940   31849
18950   31849
18960   31849
18970   31849
18980   31849
18990   31849
19000   31849
19010   31849
19020   31849
19030   31849
19040   31849
19050   31849
19060   31849
19070   31849
19080   31849
19090   31849
19100   31849
19110   31849
19120   31849
19130   31849
19140   31849
19150   31849
19160   31849
19170   31849
19180   31849
19190   31849
19200   31849
19210   31849
19220   31849
19230   31849
19240   31849
19250   31849
19260   31849
19270   31849
19280   31849
19290   31849
19300   31849
19310   31849
19320   31849
19330   31849
19340   31849
19350   31849
19360   31849
19370   31849
19380   31849
19390   31849
19400   31849
19410   31849
19420   31849
19430   31849
19440   31849
19450   31849
19460   31849
19470   31849
19480   31849
19490   31849
19500   31849
19510   31849
19520   31849
19530   31849
19540   31849
19550   31849
19560   31849
19570   31849
19580   31849
19590   31849
19600   31849
19610   31849
19620   31849
19630   31849
19640   31849
19650   31849
19660   31849
19670   31849
19680   31849
19690   31849
19700   31849
19710   31849
19720   31849
19730   31849
19740   31849
19750   31849
19760   31849
19770   31849
19780   31849
19790   31849
19800   31849
19810   31849
19820   31849
19830   31849
19840   31849
19850   31849
19860   31849
19870   31849
19880   31849
19890   31849
19900   31849
19910   31849
19920   31849
19930   31849
19940   31849
19950   31849
19960   31849
19970   31849
19980   31849
19990   31849
20000   31849
20010   31849
20020   31849
20030   31849
20040   31849
20050   31849
20060   31849
20070   31849
20080   31849
20090   31849
20100   31849
20110   31849
20120   31849
20130   31849
20140   31849
20150   31849
20160   31849
20170   31849
20180   31849
20190   31849
20200   31849
20210   31849
20220   31849
20230   31849
20240   31849
20250   31849
20260   31849
20270   31849
20280   31849
20290   31849
20300   31849
20310   31849
20320   31849
20330   31849
20340   31849
20350   31849
20360   31849
20370   31849
20380   31849
20390   31849
20400   31849
20410   31849
20420   31849
20430   31849
20440   31849
20450   31849
20460   31849
20470   31849
20480   31849
20490   31849
20500   31849
20510   31849
20520   31849
20530   31849
20540   31849
20550   31849
20560   31849
20570   31849
20580   31849
20590   31849
20600   31849
20610   31849
20620   31849
20630   31849
20640   31849
20650   31849
20660   31849
20670   31849
20680   31849
20690   31849
20700   31849
20710   31849
20720   31849
20730   31849
20740   31849
20750   31849
20760   31849
20770   31849
20780   31849
20790   31849
20800   31849
20810   31849
20820   31849
20830   31849
20840   31849
20850   31849
20860   31849
20870   31849
20880   31849
20890   31849
20900   31849
20910   31849
20920   31849
20930   31849
20940   31849
20950   31849
20960   31849
20970   31849
20980   31849
20990   31849
21000   31849
21010   31849
21020   31849
21030   31849
21040   31849
21050   31849
21060   31849
21070   31849
21080   31849
21090   31849
21100   31849
21110   31849
21120   31849
21130   31849
21140   31849
21150   31849
21160   31849
21170   31849
21180   31849
21190   31849
21200   31849
21210   31849
21220   31849
21230   31849
21240   31849
21250   31849
21260   31849
21270   31849
21280   31849
21290   31849
21300   31849
21310   31849
21320   31849
21330   31849
21340   31849
21350   31849
21360   31849
21370   31849
21380   31849
21390   31849
21400   31849
21410   31849
21420   31849
21430   31849
21440   31849
21450   31849
21460   31849
21470   31849
21480   31849
21490   31849
21500   31849
21510   31849
21520   31849
21530   31849
21540   31849
21550   31849
21560   31849
21570   31849
21580   31849
21590   31849
21600   31849
21610   31849
21620   31849
21630   31849
21640   31849
21650   31849
21660   31849
21670   31849
21680   31849
21690   31849
21700   31849
21710   31849
21720   31849
21730   31849
21740   31849
21750   31849
21760   31849
21770   31849
21780   31849
21790   31849
21800   31849
21810   31849
21820   31849
21830   31849
21840   31849
21850   31849
21860   31849
21870   31849
21880   31849
21890   31849
21900   31849
21910   31849
21920   31849
21930   31849
21940   31849
21950   31849
21960   31849
21970   31849
21980   31849
21990   31849
22000   31849
22010   31849
22020   31849
22030   31849
22040   31849
22050   31849
22060   31849
22070   31849
22080   31849
22090   31849
22100   31849
22110   31849
22120   31849
22130   31849
22140   31849
22150   31849
22160   31849
22170   31849
22180   31849
22190   31849
22200   31849
22210   31849
22220   31849
22230   31849
22240   31849
22250   31849
22260   31849
22270   31849
22280   31849
22290   31849
22300   31849
22310   31849
22320   31849
22330   31849
22340   31849
22350   31849
22360   31849
22370   31849
22380   31849
22390   31849
22400   31849
22410   31849
22420   31849
22430   31849
22440   31849
22450   31849
22460   31849
22470   31849
22480   31849
22490   31849
22500   31849
22510   31849
22520   31849
22530   31849
22540   31849
22550   31849
22560   31849
22570   31849
22580   31849
22590   31849
22600   31849
22610   31849
22620   31849
22630   31849
22640   31849
22650   31849
22660   31849
22670   31849
22680   31849
22690   31849
22700   31849
22710   31849
22720   31849
22730   31849
22740   31849
22750   31849
22760   31849
22770   31849
22780   31849
22790   31849
22800   31849
22810   31849
22820   31849
22830   31849
22840   31849
22850   31849
22860   31849
22870   31849
22880   31849
22890   31849
22900   31849
22910   31849
22920   31849
22930   31849
22940   31849
22950   31849
22960   31849
22970   31849
22980   31849
22990   31849
23000   31849
23010   31849
23020   31849
23030   31849
23040   31849
23050   31849
23060   31849
23070   31849
23080   31849
23090   31849
23100   31849
23110   31849
23120   31849
23130   31849
23140   31849
23150   31849
23160   31849
23170   31849
23180   31849
23190   31849
23200   31849
23210   31849
23220   31849
23230   31849
23240   31849
23250   31849
23260   31849
23270   31849
23280   31849
23290   31849
23300   31849
23310   31849
23320   31849
23330   31849
23340   31849
23350   31849
23360   31849
23370   31849
23380   31849
23390   31849
23400   31849
23410   31849
23420   31849
23430   31849
23440   31849
23450   31849
23460   31849
23470   31849
23480   31849
23490   31849
23500   31849
23510   31849
23520   31849
23530   31849
23540   31849
23550   31849
23560   31849
23570   31849
23580   31849
23590   31849
23600   31849
23610   31849
23620   31849
23630   31849
23640   31849
23650   31849
23660   31849
23670   31849
23680   31849
23690   31849
23700   31849
23710   31849
23720   31849
23730   31849
23740   31849
23750   31849
23760   31849
23770   31849
23780   31849
23790   31849
23800   31849
23810   31849
23820   31849
23830   31849
23840   31849
23850   31849
23860   31849
23870   31849
23880   31849
23890   31849
23900   31849
23910   31849
23920   31849
23930   31849
23940   31849
23950   31849
23960   31849
23970   31849
23980   31849
23990   31849
24000   31849
24010   31849
24020   31849
24030   31849
24040   31849
24050   31849
24060   31849
24070   31849
24080   31849
24090   31849
24100   31849
24110   31849
24120   31849
24130   31849
24140   31849
24150   31849
24160   31849
24170   31849
24180   31849
24190   31849
24200   31849
24210   31849
24220   31849
24230   31849
24240   31849
24250   31849
24260   31849
24270   31849
24280   31849
24290   31849
24300   31849
24310   31849
24320   31849
24330   31849
24340   31849
24350   31849
24360   31849
24370   31849
24380   31849
24390   31849
24400   31849
24410   31849
24420   31849
24430   31849
24440   31849
24450   31849
24460   31849
24470   31849
24480   31849
24490   31849
24500   31849
24510   31849
24520   31849
24530   31849
24540   31849
24550   31849
24560   31849
24570   31849
24580   31849
24590   31849
24600   31849
24610   31849
24620   31849
24630   31849
24640   31849
24650   31849
24660   31849
24670   31849
24680   31849
24690   31849
24700   31849
24710   31849
24720   31849
24730   31849
24740   31849
24750   31849
24760   31849
24770   31849
24780   31849
24790   31849
24800   31849
24810   31849
24820   31849
24830   31849
24840   31849
24850   31849
24860   31849
24870   31849
24880   31849
24890   31849
24900   31849
24910   31849
24920   31849
24930   31849
24940   31849
24950   31849
24960   31849
24970   31849
24980   31849
24990   31849
25000   31849
25010   31849
25020   31849
25030   31849
25040   31849
25050   31849
25060   31849
25070   31849
25080   31849
25090   31849
25100   31849
25110   31849
25120   31849
25130   31849
25140   31849
25150   31849
25160   31849
25170   31849
25180   31849
25190   31849
25200   31849
25210   31849
25220   31849
25230   31849
25240   31849
25250   31849
25260   31849
25270   31849
25280   31849
25290   31849
25300   31849
25310   31849
25320   31849
25330   31849
25340   31849
25350   31849
25360   31849
25370   31849
25380   31849
25390   31849
25400   31849
25410   31849
25420   31849
25430   31849
25440   31849
25450   31849
25460   31849
25470   31849
25480   31849
25490   31849
25500   31849
25510   31849
25520   31849
25530   31849
25540   31849
25550   31849
25560   31849
25570   31849
25580   31849
25590   31849
25600   31849
25610   31849
25620   31849
25630   31849
25640   31849
25650   31849
25660   31849
25670   31849
25680   31849
25690   31849
25700   31849
25710   31849
25720   31849
25730   31849
25740   31849
25750   31849
25760   31849
25770   31849
25780   31849
25790   31849
25800   31849
25810   31849
25820   31849
25830   31849
25840   31849
25850   31849
25860   31849
25870   31849
25880   31849
25890   31849
25900   31849
25910   31849
25920   31849
25930   31849
25940   31849
25950   31849
25960   31849
25970   31849
25980   31849
25990   31849
26000   31849
26010   31849
26020   31849
26030   31849
26040   31849
26050   31849
26060   31849
26070   31849
26080   31849
26090   31849
26100   31849
26110   31849
26120   31849
26130   31849
26140   31849
26150   31849
26160   31849
26170   31849
26180   31849
26190   31849
26200   31849
26210   31849
26220   31849
26230   31849
26240   31849
26250   31849
26260   31849
26270   31849
26280   31849
26290   31849
26300   31849
26310   31849
26320   31849
26330   31849
26340   31849
26350   31849
26360   31849
26370   31849
26380   31849
26390   31849
26400   31849
26410   31849
26420   31849
26430   31849
26440   31849
26450   31849
26460   31849
26470   31849
26480   31849
26490   31849
26500   31849
26510   31849
26520   31849
26530   31849
26540   31849
26550   31849
26560   31849
26570   31849
26580   31849
26590   31849
26600   31849
26610   31849
26620   31849
26630   31849
26640   31849
26650   31849
26660   31849
26670   31849
26680   31849
26690   31849
26700   31849
26710   31849
26720   31849
26730   31849
26740   31849
26750   31849
26760   31849
26770   31849
26780   31849
26790   31849
26800   31849
26810   31849
26820   31849
26830   31849
26840   31849
26850   31849
26860   31849
26870   31849
26880   31849
26890   31849
26900   31849
26910   31849
26920   31849
26930   31849
26940   31849
26950   31849
26960   31849
26970   31849
26980   31849
26990   31849
27000   31849
27010   31849
27020   31849
27030   31849
27040   31849
27050   31849
27060   31849
27070   31849
27080   31849
27090   31849
27100   31849
27110   31849
27120   31849
27130   31849
27140   31849
27150   31849
27160   31849
27170   31849
27180   31849
27190   31849
27200   31849
27210   31849
27220   31849
27230   31849
27240   31849
27250   31849
27260   31849
27270   31849
27280   31849
27290   31849
27300   31849
27310   31849
27320   31849
27330   31849
27340   31849
27350   31849
27360   31849
27370   31849
27380   31849
27390   31849
27400   31849
27410   31849
27420   31849
27430   31849
27440   31849
27450   31849
27460   31849
27470   31849
27480   31849
27490   31849
27500   31849
27510   31849
27520   31849
27530   31849
27540   31849
27550   31849
27560   31849
27570   31849
27580   31849
27590   31849
27600   31849
27610   31849
27620   31849
27630   31849
27640   31849
27650   31849
27660   31849
27670   31849
27680   31849
27690   31849
27700   31849
27710   31849
27720   31849
27730   31849
27740   31849
27750   31849
27760   31849
27770   31849
27780   31849
27790   31849
27800   31849
27810   31849
27820   31849
27830   31849
27840   31849
27850   31849
27860   31849
27870   31849
27880   31849
27890   31849
27900   31849
27910   31849
27920   31849
27930   31849
27940   31849
27950   31849
27960   31849
27970   31849
27980   31849
27990   31849
28000   31849
28010   31849
28020   31849
28030   31849
28040   31849
28050   31849
28060   31849
28070   31849
28080   31849
28090   31849
28100   31849
28110   31849
28120   31849
28130   31849
28140   31849
28150   31849
28160   31849
28170   31849
28180   31849
28190   31849
28200   31849
28210   31849
28220   31849
28230   31849
28240   31849
28250   31849
28260   31849
28270   31849
28280   31849
28290   31849
28300   31849
28310   31849
28320   31849
28330   31849
28340   31849
28350   31849
28360   31849
28370   31849
28380   31849
28390   31849
28400   31849
28410   31849
28420   31849
28430   31849
28440   31849
28450   31849
28460   31849
28470   31849
28480   31849
28490   31849
28500   31849
28510   31849
28520   31849
28530   31849
28540   31849
28550   31849
28560   31849
28570   31849
28580   31849
28590   31849
28600   31849
28610   31849
28620   31849
28630   31849
28640   31849
28650   31849
28660   31849
28670   31849
28680   31849
28690   31849
28700   31849
28710   31849
28720   31849
28730   31849
28740   31849
28750   31849
28760   31849
28770   31849
28780   31849
28790   31849
28800   31849
28810   31849
28820   31849
28830   31849
28840   31849
28850   31849
28860   31849
28870   31849
28880   31849
28890   31849
28900   31849
28910   31849
28920   31849
28930   31849
28940   31849
28950   31849
28960   31849
28970   31849
28980   31849
28990   31849
29000   31849
29010   31849
29020   31849
29030   31849
29040   31849
29050   31849
29060   31849
29070   31849
29080   31849
29090   31849
29100   31849
29110   31849
29120   31849
29130   31849
29140   31849
29150   31849
29160   31849
29170   31849
29180   31849
29190   31849
29200   31849
29210   31849
29220   31849
29230   31849
29240   31849
29250   31849
29260   31849
29270   31849
29280   31849
29290   31849
29300   31849
29310   31849
29320   31849
29330   31849
29340   31849
29350   31849
29360   31849
29370   31849
29380   31849
29390   31849
29400   31849
29410   31849
29420   31849
29430   31849
29440   31849
29450   31849
29460   31849
29470   31849
29480   31849
29490   31849
29500   31849
29510   31849
29520   31849
29530   31849
29540   31849
29550   31849
29560   31849
29570   31849
29580   31849
29590   31849
29600   31849
29610   31849
29620   31849
29630   31849
29640   31849
29650   31849
29660   31849
29670   31849
29680   31849
29690   31849
29700   31849
29710   31849
29720   31849
29730   31849
29740   31849
29750   31849
29760   31849
29770   31849
29780   31849
29790   31849
29800   31849
29810   31849
29820   31849
29830   31849
29840   31849
29850   31849
29860   31849
29870   31849
29880   31849
29890   31849
29900   31849
29910   31849
29920   31849
29930   31849
29940   31849
29950   31849
29960   31849
29970   31849
29980   31849
29990   31849
30000   31849
30010   31849
30020   31849
30030   31849
30040   31849
30050   31849
30060   31849
30070   31849
30080   31849
30090   31849
30100   31849
30110   31849
30120   31849
30130   31849
30140   31849
30150   31849
30160   31849
30170   31849
30180   31849
30190   31849
30200   31849
30210   31849
30220   31849
30230   31849
30240   31849
30250   31849
30260   31849
30270   31849
30280   31849
30290   31849
30300   31849
30310   31849
30320   31849
30330   31849
30340   31849
30350   31849
30360   31849
30370   31849
30380   31849
30390   31849
30400   31849
30410   31849
30420   31849
30430   31849
30440   31849
30450   31849
30460   31849
30470   31849
30480   31849
30490   31849
30500   31849
30510   31849
30520   31849
30530   31849
30540   31849
30550   31849
30560   31849
30570   31849
30580   31849
30590   31849
30600   31849
30610   31849
30620   31849
30630   31849
30640   31849
30650   31849
30660   31849
30670   31849
30680   31849
30690   31849
30700   31849
30710   31849
30720   31849
30730   31849
30740   31849
30750   31849
30760   31849
30770   31849
30780   31849
30790   31849
30800   31849
30810   31849
30820   31849
30830   31849
30840   31849
30850   31849
30860   31849
30870   31849
30880   31849
30890   31849
30900   31849
30910   31849
30920   31849
30930   31849
30940   31849
30950   31849
30960   31849
30970   31849
30980   31849
30990   31849
31000   31849
31010   31849
31020   31849
31030   31849
31040   31849
31050   31849
31060   31849
31070   31849
31080   31849
31090   31849
31100   31849
31110   31849
31120   31849
31130   31849
31140   31849
31150   31849
31160   31849
31170   31849
31180   31849
31190   31849
31200   31849
31210   31849
31220   31849
31230   31849
31240   31849
31250   31849
31260   31849
31270   31849
31280   31849
31290   31849
31300   31849
31310   31849
31320   31849
31330   31849
31340   31849
31350   31849
31360   31849
31370   31849
31380   31849
31390   31849
31400   31849
31410   31849
31420   31849
31430   31849
31440   31849
31450   31849
31460   31849
31470   31849
31480   31849
31490   31849
31500   31849
31510   31849
31520   31849
31530   31849
31540   31849
31550   31849
31560   31849
31570   31849
31580   31849
31590   31849
31600   31849
31610   31849
31620   31849
31630   31849
31640   31849
31650   31849
31660   31849
31670   31849
31680   31849
31690   31849
31700   31849
31710   31849
31720   31849
31730   31849
31740   31849
31750   31849
31760   31849
31770   31849
31780   31849
31790   31849
31800   31849
31810   31849
31820   31849
31830   31849
31840   31849
31850   31849
31860   31849
31870   31849
31880   31849
31890   31849
31900   31849
31910   31849
31920   31849
31930   31849
31940   31849
31950   31849
31960   31849
31970   31849
31980   31849
31990   31849
32000   31849
32010   31849
32020   31849
32030   31849
32040   31849
32050   31849
32060   31849
32070   31849
32080   31849
32090   31849
32100   31849
32110   31849
32120   31849
32130   31849
32140   31849
32150   31849
32160   31849
32170   31849
32180   31849
32190   31849
32200   31849
32210   31849
32220   31849
32230   31849
32240   31849
32250   31849
32260   31849
32270   31849
32280   31849
32290   31849
32300   31849
32310   31849
32320   31849
32330   31849
32340   31849
32350   31849
32360   31849
32370   31849
32380   31849
32390   31849
32400   31849
32410   31849
32420   31849
32430   31849
32440   31849
32450   31849
32460   31849
32470   31849
32480   31849
32490   31849
32500   31849
32510   31849
32520   31849
32530   31849
32540   31849
32550   31849
32560   31849
32570   31849
32580   31849
32590   31849
32600   31849
32610   31849
32620   31849
32630   31849
32640   31849
32650   31849
32660   31849
32670   31849
32680   31849
32690   31849
32700   31849
32710   31849
32720   31849
32730   31849
32740   31849
32750   31849
32760   31849
32770   31849
32780   31849
32790   31849
32800   31849
32810   31849
32820   31849
32830   31849
32840   31849
32850   31849
32860   31849
32870   31849
32880   31849
32890   31849
32900   31849
32910   31849
32920   31849
32930   31849
32940   31849
32950   31849
32960   31849
32970   31849
32980   31849
32990   31849
33000   31849
33010   31849
33020   31849
33030   31849
33040   31849
33050   31849
33060   31849
33070   31849
33080   31849
33090   31849
33100   31849
33110   31849
33120   31849
33130   31849
33140   31849
33150   31849
33160   31849
33170   31849
33180   31849
33190   31849
33200   31849
33210   31849
33220   31849
33230   31849
33240   31849
33250   31849
33260   31849
33270   31849
33280   31849
33290   31849
33300   31849
33310   31849
33320   31849
33330   31849
33340   31849
33350   31849
33360   31849
33370   31849
33380   31849
33390   31849
33400   31849
33410   31849
33420   31849
33430   31849
33440   31849
33450   31849
33460   31849
33470   31849
33480   31849
33490   31849
33500   31849
33510   31849
33520   31849
33530   31849
33540   31849
33550   31849
33560   31849
33570   31849
33580   31849
33590   31849
33600   31849
33610   31849
33620   31849
33630   31849
33640   31849
33650   31849
33660   31849
33670   31849
33680   31849
33690   31849
33700   31849
33710   31849
33720   31849
33730   31849
33740   31849
33750   31849
33760   31849
33770   31849
33780   31849
33790   31849
33800   31849
33810   31849
33820   31849
33830   31849
33840   31849
33850   31849
33860   31849
33870   31849
33880   31849
33890   31849
33900   31849
33910   31849
33920   31849
33930   31849
33940   31849
33950   31849
33960   31849
33970   31849
33980   31849
33990   31849
34000   31849
34010   31849
34020   31849
34030   31849
34040   31849
34050   31849
34060   31849
34070   31849
34080   31849
34090   31849
34100   31849
34110   31849
34120   31849
34130   31849
34140   31849
34150   31849
34160   31849
34170   31849
34180   31849
34190   31849
34200   31849
34210   31849
34220   31849
34230   31849
34240   31849
34250   31849
34260   31849
34270   31849
34280   31849
34290   31849
34300   31849
34310   31849
34320   31849
34330   31849
34340   31849
34350   31849
34360   31849
34370   31849
34380   31849
34390   31849
34400   31849
34410   31849
34420   31849
34430   31849
34440   31849
34450   31849
34460   31849
34470   31849
34480   31849
34490   31849
34500   31849
34510   31849
34520   31849
34530   31849
34540   31849
34550   31849
34560   31849
34570   31849
34580   31849
34590   31849
34600   31849
34610   31849
34620   31849
34630   31849
34640   31849
34650   31849
34660   31849
34670   31849
34680   31849
34690   31849
34700   31849
34710   31849
34720   31849
34730   31849
34740   31849
34750   31849
34760   31849
34770   31849
34780   31849
34790   31849
34800   31849
34810   31849
34820   31849
34830   31849
34840   31849
34850   31849
34860   31849
34870   31849
34880   31849
34890   31849
34900   31849
34910   31849
34920   31849
34930   31849
34940   31849
34950   31849
34960   31849
34970   31849
34980   31849
34990   31849
35000   31849
35010   31849
35020   31849
35030   31849
35040   31849
35050   31849
35060   31849
35070   31849
35080   31849
35090   31849
35100   31849
35110   31849
35120   31849
35130   31849
35140   31849
35150   31849
35160   31849
35170   31849
35180   31849
35190   31849
35200   31849
35210   31849
35220   31849
35230   31849
35240   31849
35250   31849
35260   31849
35270   31849
35280   31849
35290   31849
35300   31849
35310   31849
35320   31849
35330   31849
35340   31849
35350   31849
35360   31849
35370   31849
35380   31849
35390   31849
35400   31849
35410   31849
35420   31849
35430   31849
35440   31849
35450   31849
35460   31849
35470   31849
35480   31849
35490   31849
35500   31849
35510   31849
35520   31849
35530   31849
35540   31849
35550   31849
35560   31849
35570   31849
35580   31849
35590   31849
35600   31849
35610   31849
35620   31849
35630   31849
35640   31849
35650   31849
35660   31849
35670   31849
35680   31849
35690   31849
35700   31849
35710   31849
35720   31849
35730   31849
35740   31849
35750   31849
35760   31849
35770   31849
35780   31849
35790   31849
35800   31849
35810   31849
35820   31849
35830   31849
35840   31849
35850   31849
35860   31849
35870   31849
35880   31849
35890   31849
35900   31849
35910   31849
35920   31849
35930   31849
35940   31849
35950   31849
35960   31849
35970   31849
35980   31849
35990   31849
36000   31849
36010   31849
36020   31849
36030   31849
36040   31849
36050   31849
36060   31849
36070   31849
36080   31849
36090   31849
36100   31849
36110   31849
36120   31849
36130   31849
36140   31849
36150   31849
36160   31849
36170   31849
36180   31849
36190   31849
36200   31849
36210   31849
36220   31849
36230   31849
36240   31849
36250   31849
36260   31849
36270   31849
36280   31849
36290   31849
36300   31849
36310   31849
36320   31849
36330   31849
36340   31849
36350   31849
36360   31849
36370   31849
36380   31849
36390   31849
36400   31849
36410   31849
36420   31849
36430   31849
36440   31849
36450   31849
36460   31849
36470   31849
36480   31849
36490   31849
36500   31849
36510   31849
36520   31849
36530   31849
36540   31849
36550   31849
36560   31849
36570   31849
36580   31849
36590   31849
36600   31849
36610   31849
36620   31849
36630   31849
36640   31849
36650   31849
36660   31849
36670   31849
36680   31849
36690   31849
36700   31849
36710   31849
36720   31849
36730   31849
36740   31849
36750   31849
36760   31849
36770   31849
36780   31849
36790   31849
36800   31849
36810   31849
36820   31849
36830   31849
36840   31849
36850   31849
36860   31849
36870   31849
36880   31849
36890   31849
36900   31849
36910   31849
36920   31849
36930   31849
36940   31849
36950   31849
36960   31849
36970   31849
36980   31849
36990   31849
37000   31849
37010   31849
37020   31849
37030   31849
37040   31849
37050   31849
37060   31849
37070   31849
37080   31849
37090   31849
37100   31849
37110   31849
37120   31849
37130   31849
37140   31849
37150   31849
37160   31849
37170   31849
37180   31849
37190   31849
37200   31849
37210   31849
37220   31849
37230   31849
37240   31849
37250   31849
37260   31849
37270   31849
37280   31849
37290   31849
37300   31849
37310   31849
37320   31849
37330   31849
37340   31849
37350   31849
37360   31849
37370   31849
37380   31849
37390   31849
37400   31849
37410   31849
37420   31849
37430   31849
37440   31849
37450   31849
37460   31849
37470   31849
37480   31849
37490   31849
37500   31849
37510   31849
37520   31849
37530   31849
37540   31849
37550   31849
37560   31849
37570   31849
37580   31849
37590   31849
37600   31849
37610   31849
37620   31849
37630   31849
37640   31849
37650   31849
37660   31849
37670   31849
37680   31849
37690   31849
37700   31849
37710   31849
37720   31849
37730   31849
37740   31849
37750   31849
37760   31849
37770   31849
37780   31849
37790   31849
37800   31849
37810   31849
37820   31849
37830   31849
37840   31849
37850   31849
37860   31849
37870   31849
37880   31849
37890   31849
37900   31849
37910   31849
37920   31849
37930   31849
37940   31849
37950   31849
37960   31849
37970   31849
37980   31849
37990   31849
38000   31849
38010   31849
38020   31849
38030   31849
38040   31849
38050   31849
38060   31849
38070   31849
38080   31849
38090   31849
38100   31849
38110   31849
38120   31849
38130   31849
38140   31849
38150   31849
38160   31849
38170   31849
38180   31849
38190   31849
38200   31849
38210   31849
38220   31849
38230   31849
38240   31849
38250   31849
38260   31849
38270   31849
38280   31849
38290   31849
38300   31849
38310   31849
38320   31849
38330   31849
38340   31849
38350   31849
38360   31849
38370   31849
38380   31849
38390   31849
38400   31849
38410   31849
38420   31849
38430   31849
38440   31849
38450   31849
38460   31849
38470   31849
38480   31849
38490   31849
38500   31849
38510   31849
38520   31849
38530   31849
38540   31849
38550   31849
38560   31849
38570   31849
38580   31849
38590   31849
38600   31849
38610   31849
38620   31849
38630   31849
38640   31849
38650   31849
38660   31849
38670   31849
38680   31849
38690   31849
38700   31849
38710   31849
38720   31849
38730   31849
38740   31849
38750   31849
38760   31849
38770   31849
38780   31849
38790   31849
38800   31849
38810   31849
38820   31849
38830   31849
38840   31849
38850   31849
38860   31849
38870   31849
38880   31849
38890   31849
38900   31849
38910   31849
38920   31849
38930   31849
38940   31849
38950   31849
38960   31849
38970   31849
38980   31849
38990   31849
39000   31849
39010   31849
39020   31849
39030   31849
39040   31849
39050   31849
39060   31849
39070   31849
39080   31849
39090   31849
39100   31849
39110   31849
39120   31849
39130   31849
39140   31849
39150   31849
39160   31849
39170   31849
39180   31849
39190   31849
39200   31849
39210   31849
39220   31849
39230   31849
39240   31849
39250   31849
39260   31849
39270   31849
39280   31849
39290   31849
39300   31849
39310   31849
39320   31849
39330   31849
39340   31849
39350   31849
39360   31849
39370   31849
39380   31849
39390   31849
39400   31849
39410   31849
39420   31849
39430   31849
39440   31849
39450   31849
39460   31849
39470   31849
39480   31849
39490   31849
39500   31849
39510   31849
39520   31849
39530   31849
39540   31849
39550   31849
39560   31849
39570   31849
39580   31849
39590   31849
39600   31849
39610   31849
39620   31849
39630   31849
39640   31849
39650   31849
39660   31849
39670   31849
39680   31849
39690   31849
39700   31849
39710   31849
39720   31849
39730   31849
39740   31849
39750   31849
39760   31849
39770   31849
39780   31849
39790   31849
39800   31849
39810   31849
39820   31849
39830   31849
39840   31849
39850   31849
39860   31849
39870   31849
39880   31849
39890   31849
39900   31849
39910   31849
39920   31849
39930   31849
39940   31849
39950   31849
39960   31849
39970   31849
39980   31849
39990   31849
40000   31849
40010   31849
40020   31849
40030   31849
40040   31849
40050   31849
40060   31849
40070   31849
40080   31849
40090   31849
40100   31849
40110   31849
40120   31849
40130   31849
40140   31849
40150   31849
40160   31849
40170   31849
40180   31849
40190   31849
40200   31849
40210   31849
40220   31849
40230   31849
40240   31849
40250   31849
40260   31849
40270   31849
40280   31849
40290   31849
40300   31849
40310   31849
40320   31849
40330   31849
40340   31849
40350   31849
40360   31849
40370   31849
40380   31849
40390   31849
40400   31849
40410   31849
40420   31849
40430   31849
40440   31849
40450   31849
40460   31849
40470   31849
40480   31849
40490   31849
40500   31849
40510   31849
40520   31849
40530   31849
40540   31849
40550   31849
40560   31849
40570   31849
40580   31849
40590   31849
40600   31849
40610   31849
40620   31849
40630   31849
40640   31849
40650   31849
40660   31849
40670   31849
40680   31849
40690   31849
40700   31849
40710   31849
40720   31849
40730   31849
40740   31849
40750   31849
40760   31849
40770   31849
40780   31849
40790   31849
40800   31849
40810   31849
40820   31849
40830   31849
40840   31849
40850   31849
40860   31849
40870   31849
40880   31849
40890   31849
40900   31849
40910   31849
40920   31849
40930   31849
40940   31849
40950   31849
40960   31849
40970   31849
40980   31849
40990   31849
41000   31849
41010   31849
41020   31849
41030   31849
41040   31849
41050   31849
41060   31849
41070   31849
41080   31849
41090   31849
41100   31849
41110   31849
41120   31849
41130   31849
41140   31849
41150   31849
41160   31849
41170   31849
41180   31849
41190   31849
41200   31849
41210   31849
41220   31849
41230   31849
41240   31849
41250   31849
41260   31849
41270   31849
41280   31849
41290   31849
41300   31849
41310   31849
41320   31849
41330   31849
41340   31849
41350   31849
41360   31849
41370   31849
41380   31849
41390   31849
41400   31849
41410   31849
41420   31849
41430   31849
41440   31849
41450   31849
41460   31849
41470   31849
41480   31849
41490   31849
41500   31849
41510   31849
41520   31849
41530   31849
41540   31849
41550   31849
41560   31849
41570   31849
41580   31849
41590   31849
41600   31849
41610   31849
41620   31849
41630   31849
41640   31849
41650   31849
41660   31849
41670   31849
41680   31849
41690   31849
41700   31849
41710   31849
41720   31849
41730   31849
41740   31849
41750   31849
41760   31849
41770   31849
41780   31849
41790   31849
41800   31849
41810   31849
41820   31849
41830   31849
41840   31849
41850   31849
41860   31849
41870   31849
41880   31849
41890   31849
41900   31849
41910   31849
41920   31849
41930   31849
41940   31849
41950   31849
41960   31849
41970   31849
41980   31849
41990   31849
42000   31849
42010   31849
42020   31849
42030   31849
42040   31849
42050   31849
42060   31849
42070   31849
42080   31849
42090   31849
42100   31849
42110   31849
42120   31849
42130   31849
42140   31849
42150   31849
42160   31849
42170   31849
42180   31849
42190   31849
42200   31849
42210   31849
42220   31849
42230   31849
42240   31849
42250   31849
42260   31849
42270   31849
42280   31849
42290   31849
42300   31849
42310   31849
42320   31849
42330   31849
42340   31849
42350   31849
42360   31849
42370   31849
42380   31849
42390   31849
42400   31849
42410   31849
42420   31849
42430   31849
42440   31849
42450   31849
42460   31849
42470   31849
42480   31849
42490   31849
42500   31849
42510   31849
42520   31849
42530   31849
42540   31849
42550   31849
42560   31849
42570   31849
42580   31849
42590   31849
42600   31849
42610   31849
42620   31849
42630   31849
42640   31849
42650   31849
42660   31849
42670   31849
42680   31849
42690   31849
42700   31849
42710   31849
42720   31849
42730   31849
42740   31849
42750   31849
42760   31849
42770   31849
42780   31849
42790   31849
42800   31849
42810   31849
42820   31849
42830   31849
42840   31849
42850   31849
42860   31849
42870   31849
42880   31849
42890   31849
42900   31849
42910   31849
42920   31849
42930   31849
42940   31849
42950   31849
42960   31849
42970   31849
42980   31849
42990   31849
43000   31849
43010   31849
43020   31849
43030   31849
43040   31849
43050   31849
43060   31849
43070   31849
43080   31849
43090   31849
43100   31849
43110   31849
43120   31849
43130   31849
43140   31849
43150   31849
43160   31849
43170   31849
43180   31849
43190   31849
43200   31849
43210   31849
43220   31849
43230   31849
43240   31849
43250   31849
43260   31849
43270   31849
43280   31849
43290   31849
43300   31849
43310   31849
43320   31849
43330   31849
43340   31849
43350   31849
43360   31849
43370   31849
43380   31849
43390   31849
43400   31849
43410   31849
43420   31849
43430   31849
43440   31849
43450   31849
43460   31849
43470   31849
43480   31849
43490   31849
43500   31849
43510   31849
43520   31849
43530   31849
43540   31849
43550   31849
43560   31849
43570   31849
43580   31849
43590   31849
43600   31849
43610   31849
43620   31849
43630   31849
43640   31849
43650   31849
43660   31849
43670   31849
43680   31849
43690   31849
43700   31849
43710   31849
43720   31849
43730   31849
43740   31849
43750   31849
43760   31849
43770   31849
43780   31849
43790   31849
43800   31849
43810   31849
43820   31849
43830   31849
43840   31849
43850   31849
43860   31849
43870   31849
43880   31849
43890   31849
43900   31849
43910   31849
43920   31849
43930   31849
43940   31849
43950   31849
43960   31849
43970   31849
43980   31849
43990   31849
44000   31849
44010   31849
44020   31849
44030   31849
44040   31849
44050   31849
44060   31849
44070   31849
44080   31849
44090   31849
44100   31849
44110   31849
44120   31849
44130   31849
44140   31849
44150   31849
44160   31849
44170   31849
44180   31849
44190   31849
44200   31849
44210   31849
44220   31849
44230   31849
44240   31849
44250   31849
44260   31849
44270   31849
44280   31849
44290   31849
44300   31849
44310   31849
44320   31849
44330   31849
44340   31849
44350   31849
44360   31849
44370   31849
44380   31849
44390   31849
44400   31849
44410   31849
44420   31849
44430   31849
44440   31849
44450   31849
44460   31849
44470   31849
44480   31849
44490   31849
44500   31849
44510   31849
44520   31849
44530   31849
44540   31849
44550   31849
44560   31849
44570   31849
44580   31849
44590   31849
44600   31849
44610   31849
44620   31849
44630   31849
44640   31849
44650   31849
44660   31849
44670   31849
44680   31849
44690   31849
44700   31849
44710   31849
44720   31849
44730   31849
44740   31849
44750   31849
44760   31849
44770   31849
44780   31849
44790   31849
44800   31849
44810   31849
44820   31849
44830   31849
44840   31849
44850   31849
44860   31849
44870   31849
44880   31849
44890   31849
44900   31849
44910   31849
44920   31849
44930   31849
44940   31849
44950   31849
44960   31849
44970   31849
44980   31849
44990   31849
45000   31849
45010   31849
45020   31849
45030   31849
45040   31849
45050   31849
45060   31849
45070   31849
45080   31849
45090   31849
45100   31849
45110   31849
45120   31849
45130   31849
45140   31849
45150   31849
45160   31849
45170   31849
45180   31849
45190   31849
45200   31849
45210   31849
45220   31849
45230   31849
45240   31849
45250   31849
45260   31849
45270   31849
45280   31849
45290   31849
45300   31849
45310   31849
45320   31849
45330   31849
45340   31849
45350   31849
45360   31849
45370   31849
45380   31849
45390   31849
45400   31849
45410   31849
45420   31849
45430   31849
45440   31849
45450   31849
45460   31849
45470   31849
45480   31849
45490   31849
45500   31849
45510   31849
45520   31849
45530   31849
45540   31849
45550   31849
45560   31849
45570   31849
45580   31849
45590   31849
45600   31849
45610   31849
45620   31849
45630   31849
45640   31849
45650   31849
45660   31849
45670   31849
45680   31849
45690   31849
45700   31849
45710   31849
45720   31849
45730   31849
45740   31849
45750   31849
45760   31849
45770   31849
45780   31849
45790   31849
45800   31849
45810   31849
45820   31849
45830   31849
45840   31849
45850   31849
45860   31849
45870   31849
45880   31849
45890   31849
45900   31849
45910   31849
45920   31849
45930   31849
45940   31849
45950   31849
45960   31849
45970   31849
45980   31849
45990   31849
46000   31849
46010   31849
46020   31849
46030   31849
46040   31849
46050   31849
46060   31849
46070   31849
46080   31849
46090   31849
46100   31849
46110   31849
46120   31849
46130   31849
46140   31849
46150   31849
46160   31849
46170   31849
46180   31849
46190   31849
46200   31849
46210   31849
46220   31849
46230   31849
46240   31849
46250   31849
46260   31849
46270   31849
46280   31849
46290   31849
46300   31849
46310   31849
46320   31849
46330   31849
46340   31849
46350   31849
46360   31849
46370   31849
46380   31849
46390   31849
46400   31849
46410   31849
46420   31849
46430   31849
46440   31849
46450   31849
46460   31849
46470   31849
46480   31849
46490   31849
46500   31849
46510   31849
46520   31849
46530   31849
46540   31849
46550   31849
46560   31849
46570   31849
46580   31849
46590   31849
46600   31849
46610   31849
46620   31849
46630   31849
46640   31849
46650   31849
46660   31849
46670   31849
46680   31849
46690   31849
46700   31849
46710   31849
46720   31849
46730   31849
46740   31849
46750   31849
46760   31849
46770   31849
46780   31849
46790   31849
46800   31849
46810   31849
46820   31849
46830   31849
46840   31849
46850   31849
46860   31849
46870   31849
46880   31849
46890   31849
46900   31849
46910   31849
46920   31849
46930   31849
46940   31849
46950   31849
46960   31849
46970   31849
46980   31849
46990   31849
47000   31849
47010   31849
47020   31849
47030   31849
47040   31849
47050   31849
47060   31849
47070   31849
47080   31849
47090   31849
47100   31849
47110   31849
47120   31849
47130   31849
47140   31849
47150   31849
47160   31849
47170   31849
47180   31849
47190   31849
47200   31849
47210   31849
47220   31849
47230   31849
47240   31849
47250   31849
47260   31849
47270   31849
47280   31849
47290   31849
47300   31849
47310   31849
47320   31849
47330   31849
47340   31849
47350   31849
47360   31849
47370   31849
47380   31849
47390   31849
47400   31849
47410   31849
47420   31849
47430   31849
47440   31849
47450   31849
47460   31849
47470   31849
47480   31849
47490   31849
47500   31849
47510   31849
47520   31849
47530   31849
47540   31849
47550   31849
47560   31849
47570   31849
47580   31849
47590   31849
47600   31849
47610   31849
47620   31849
47630   31849
47640   31849
47650   31849
47660   31849
47670   31849
47680   31849
47690   31849
47700   31849
47710   31849
47720   31849
47730   31849
47740   31849
47750   31849
47760   31849
47770   31849
47780   31849
47790   31849
47800   31849
47810   31849
47820   31849
47830   31849
47840   31849
47850   31849
47860   31849
47870   31849
47880   31849
47890   31849
47900   31849
47910   31849
47920   31849
47930   31849
47940   31849
47950   31849
47960   31849
47970   31849
47980   31849
47990   31849
48000   31849
48010   31849
48020   31849
48030   31849
48040   31849
48050   31849
48060   31849
48070   31849
48080   31849
48090   31849
48100   31849
48110   31849
48120   31849
48130   31849
48140   31849
48150   31849
48160   31849
48170   31849
48180   31849
48190   31849
48200   31849
48210   31849
48220   31849
48230   31849
48240   31849
48250   31849
48260   31849
48270   31849
48280   31849
48290   31849
48300   31849
48310   31849
48320   31849
48330   31849
48340   31849
48350   31849
48360   31849
48370   31849
48380   31849
48390   31849
48400   31849
48410   31849
48420   31849
48430   31849
48440   31849
48450   31849
48460   31849
48470   31849
48480   31849
48490   31849
48500   31849
48510   31849
48520   31849
48530   31849
48540   31849
48550   31849
48560   31849
48570   31849
48580   31849
48590   31849
48600   31849
48610   31849
48620   31849
48630   31849
48640   31849
48650   31849
48660   31849
48670   31849
48680   31849
48690   31849
48700   31849
48710   31849
48720   31849
48730   31849
48740   31849
48750   31849
48760   31849
48770   31849
48780   31849
48790   31849
48800   31849
48810   31849
48820   31849
48830   31849
48840   31849
48850   31849
48860   31849
48870   31849
48880   31849
48890   31849
48900   31849
48910   31849
48920   31849
48930   31849
48940   31849
48950   31849
48960   31849
48970   31849
48980   31849
48990   31849
49000   31849
49010   31849
49020   31849
49030   31849
49040   31849
49050   31849
49060   31849
49070   31849
49080   31849
49090   31849
49100   31849
49110   31849
49120   31849
49130   31849
49140   31849
49150   31849
49160   31849
49170   31849
49180   31849
49190   31849
49200   31849
49210   31849
49220   31849
49230   31849
49240   31849
49250   31849
49260   31849
49270   31849
49280   31849
49290   31849
49300   31849
49310   31849
49320   31849
49330   31849
49340   31849
49350   31849
49360   31849
49370   31849
49380   31849
49390   31849
49400   31849
49410   31849
49420   31849
49430   31849
49440   31849
49450   31849
49460   31849
49470   31849
49480   31849
49490   31849
49500   31849
49510   31849
49520   31849
49530   31849
49540   31849
49550   31849
49560   31849
49570   31849
49580   31849
49590   31849
49600   31849
49610   31849
49620   31849
49630   31849
49640   31849
49650   31849
49660   31849
49670   31849
49680   31849
49690   31849
49700   31849
49710   31849
49720   31849
49730   31849
49740   31849
49750   31849
49760   31849
49770   31849
49780   31849
49790   31849
49800   31849
49810   31849
49820   31849
49830   31849
49840   31849
49850   31849
49860   31849
49870   31849
49880   31849
49890   31849
49900   31849
49910   31849
49920   31849
49930   31849
49940   31849
49950   31849
49960   31849
49970   31849
49980   31849
49990   31849
50000   31849
50010   31849
50020   31849
50030   31849
50040   31849
50050   31849
50060   31849
50070   31849
50080   31849
50090   31849
50100   31849
50110   31849
50120   31849
50130   31849
50140   31849
50150   31849
50160   31849
50170   31849
50180   31849
50190   31849
50200   31849
50210   31849
50220   31849
50230   31849
50240   31849
50250   31849
50260   31849
50270   31849
50280   31849
50290   31849
50300   31849
50310   31849
50320   31849
50330   31849
50340   31849
50350   31849
50360   31849
50370   31849
50380   31849
50390   31849
50400   31849
50410   31849
50420   31849
50430   31849
50440   31849
50450   31849
50460   31849
50470   31849
50480   31849
50490   31849
50500   31849
50510   31849
50520   31849
50530   31849
50540   31849
50550   31849
50560   31849
50570   31849
50580   31849
50590   31849
50600   31849
50610   31849
50620   31849
50630   31849
50640   31849
50650   31849
50660   31849
50670   31849
50680   31849
50690   31849
50700   31849
50710   31849
50720   31849
50730   31849
50740   31849
50750   31849
50760   31849
50770   31849
