10   32553
20   32545
30   32545
40   32545
50   32545
60   32545
70   32545
80   32545
90   32481
100   32473
110   32401
120   32401
130   32281
140   32281
150   32281
160   32281
170   32281
180   32281
190   32281
200   32281
210   32281
220   32281
230   32281
240   32281
250   32281
260   32281
270   32281
280   32281
290   32281
300   32281
310   32281
320   32281
330   32281
340   32281
350   32281
360   32281
370   32281
380   32281
390   32281
400   32281
410   32281
420   32281
430   32281
440   32281
450   32281
460   32281
470   32281
480   32177
490   32177
500   32177
510   32177
520   32177
530   32177
540   32177
550   32177
560   32177
570   32177
580   32177
590   32177
600   32177
610   32177
620   32177
630   32177
640   32177
650   32177
660   32177
670   32177
680   32177
690   32177
700   32177
710   32177
720   32177
730   32177
740   32177
750   32177
760   32177
770   32177
780   32177
790   32177
800   32177
810   32177
820   32177
830   32177
840   32177
850   32177
860   32177
870   32177
880   32177
890   32177
900   32177
910   32177
920   32177
930   32177
940   32177
950   32177
960   32177
970   32177
980   32177
990   32177
1000   32177
1010   32177
1020   32177
1030   32177
1040   32177
1050   32177
1060   32177
1070   32177
1080   32177
1090   32177
1100   32177
1110   32177
1120   32177
1130   32177
1140   32177
1150   32177
1160   32177
1170   32177
1180   32177
1190   32177
1200   32177
1210   32177
1220   32177
1230   32177
1240   32177
1250   32161
1260   32161
1270   32161
1280   32161
1290   32161
1300   32161
1310   32161
1320   32161
1330   32161
1340   32161
1350   32161
1360   32161
1370   32161
1380   32161
1390   32161
1400   32161
1410   32161
1420   32161
1430   32161
1440   32161
1450   32161
1460   32161
1470   32161
1480   32161
1490   32121
1500   32121
1510   32121
1520   32121
1530   32121
1540   32121
1550   32121
1560   32121
1570   32121
1580   32121
1590   32121
1600   32121
1610   32121
1620   32121
1630   32121
1640   32121
1650   32121
1660   32121
1670   32121
1680   32121
1690   32121
1700   32121
1710   32121
1720   32121
1730   32121
1740   32121
1750   32121
1760   32121
1770   32121
1780   32121
1790   32121
1800   32121
1810   32121
1820   32121
1830   32121
1840   32121
1850   32121
1860   32121
1870   32121
1880   32121
1890   32121
1900   32121
1910   32121
1920   32121
1930   32121
1940   32121
1950   32121
1960   32121
1970   32121
1980   32121
1990   32121
2000   32121
2010   32121
2020   32121
2030   32121
2040   32121
2050   32121
2060   32121
2070   32121
2080   32121
2090   32121
2100   32121
2110   32121
2120   32121
2130   32121
2140   32121
2150   32121
2160   32121
2170   32121
2180   32121
2190   32121
2200   32121
2210   32121
2220   32121
2230   32121
2240   32121
2250   32121
2260   32121
2270   32121
2280   32121
2290   32121
2300   32121
2310   32121
2320   32121
2330   32121
2340   32121
2350   32121
2360   32121
2370   32121
2380   32121
2390   32121
2400   32121
2410   32121
2420   32121
2430   32121
2440   32121
2450   32121
2460   32121
2470   32121
2480   32121
2490   32121
2500   32121
2510   32121
2520   32121
2530   32121
2540   32121
2550   32121
2560   32121
2570   32121
2580   32121
2590   32121
2600   32121
2610   32121
2620   32121
2630   32121
2640   32121
2650   32121
2660   32121
2670   32121
2680   32121
2690   32121
2700   32121
2710   32121
2720   32121
2730   32121
2740   32121
2750   32121
2760   32121
2770   32121
2780   32121
2790   32121
2800   32121
2810   32121
2820   32121
2830   32121
2840   32121
2850   32121
2860   32121
2870   32121
2880   32121
2890   32121
2900   32121
2910   32121
2920   32121
2930   32121
2940   32121
2950   32121
2960   32121
2970   32121
2980   32121
2990   32121
3000   32121
3010   32121
3020   32121
3030   32121
3040   32121
3050   32121
3060   32121
3070   32121
3080   32121
3090   32121
3100   32121
3110   32121
3120   32121
3130   32121
3140   32121
3150   32121
3160   32121
3170   32121
3180   32121
3190   32121
3200   32121
3210   32121
3220   32121
3230   32121
3240   32121
3250   32121
3260   32121
3270   32121
3280   32121
3290   32121
3300   32121
3310   32121
3320   32121
3330   32121
3340   32121
3350   32121
3360   32121
3370   32121
3380   32121
3390   32081
3400   32081
3410   32081
3420   32081
3430   32081
3440   32081
3450   32081
3460   32081
3470   32081
3480   32081
3490   32081
3500   32081
3510   32081
3520   32081
3530   32081
3540   32081
3550   32081
3560   32081
3570   32081
3580   32081
3590   32081
3600   32081
3610   32081
3620   32081
3630   32081
3640   32081
3650   32081
3660   32081
3670   32081
3680   32081
3690   32081
3700   32081
3710   32081
3720   32081
3730   32081
3740   32081
3750   32081
3760   32081
3770   32081
3780   32081
3790   32081
3800   32081
3810   32081
3820   32081
3830   32081
3840   32081
3850   32081
3860   32081
3870   32081
3880   32081
3890   32081
3900   32081
3910   32081
3920   32081
3930   32081
3940   32081
3950   32081
3960   32081
3970   32081
3980   32081
3990   32081
4000   32081
4010   32081
4020   32081
4030   32081
4040   32081
4050   32081
4060   32081
4070   32081
4080   32081
4090   32081
4100   32081
4110   32081
4120   32081
4130   32081
4140   32081
4150   32081
4160   32081
4170   32081
4180   32081
4190   32081
4200   32081
4210   32081
4220   32081
4230   32081
4240   32081
4250   32081
4260   32081
4270   32081
4280   32081
4290   32081
4300   32081
4310   32081
4320   32081
4330   32081
4340   32081
4350   32081
4360   32081
4370   32081
4380   32081
4390   32081
4400   32081
4410   32081
4420   32081
4430   32081
4440   32081
4450   32081
4460   32081
4470   32081
4480   32081
4490   32081
4500   32081
4510   32081
4520   32081
4530   32081
4540   32081
4550   32081
4560   32081
4570   32081
4580   32081
4590   32081
4600   32081
4610   32081
4620   32081
4630   32081
4640   32081
4650   32081
4660   32081
4670   32081
4680   32081
4690   32081
4700   32081
4710   32081
4720   32081
4730   32081
4740   32081
4750   32081
4760   32081
4770   32081
4780   32081
4790   32081
4800   32081
4810   32081
4820   32081
4830   32081
4840   32081
4850   32081
4860   32081
4870   32081
4880   32081
4890   32081
4900   32081
4910   32081
4920   32081
4930   32081
4940   32081
4950   32081
4960   32081
4970   32081
4980   32081
4990   32081
5000   32081
5010   32081
5020   32081
5030   32081
5040   32081
5050   32081
5060   32081
5070   32081
5080   32081
5090   32081
5100   32081
5110   32081
5120   32081
5130   32081
5140   32081
5150   32081
5160   32081
5170   32081
5180   32081
5190   32081
5200   32081
5210   32081
5220   32081
5230   32081
5240   32081
5250   32081
5260   32081
5270   32081
5280   32081
5290   32081
5300   32081
5310   32081
5320   32081
5330   32081
5340   32081
5350   32081
5360   32081
5370   32081
5380   32081
5390   32081
5400   32081
5410   32081
5420   32081
5430   32081
5440   32081
5450   32081
5460   32033
5470   32033
5480   32033
5490   32033
5500   32033
5510   32033
5520   32033
5530   32033
5540   32033
5550   32033
5560   32033
5570   32033
5580   32033
5590   32033
5600   32033
5610   32033
5620   32033
5630   32033
5640   32033
5650   32033
5660   32033
5670   32033
5680   32033
5690   32033
5700   32033
5710   32033
5720   32033
5730   32033
5740   32033
5750   32033
5760   32033
5770   32033
5780   32033
5790   32033
5800   32033
5810   32033
5820   32033
5830   32033
5840   32033
5850   32033
5860   32033
5870   32033
5880   32033
5890   32033
5900   32033
5910   32033
5920   32033
5930   32033
5940   32033
5950   32033
5960   32033
5970   32033
5980   32033
5990   32033
6000   32033
6010   32033
6020   32033
6030   32033
6040   32033
6050   32033
6060   32033
6070   32033
6080   32033
6090   32033
6100   32033
6110   32033
6120   32033
6130   32033
6140   32033
6150   32033
6160   32033
6170   32033
6180   32033
6190   32033
6200   32033
6210   32033
6220   32033
6230   32033
6240   32033
6250   32033
6260   32033
6270   32033
6280   32033
6290   32033
6300   32033
6310   32033
6320   32033
6330   32033
6340   32033
6350   32033
6360   32033
6370   32033
6380   32033
6390   32033
6400   32033
6410   32033
6420   32033
6430   32033
6440   32033
6450   32033
6460   32033
6470   32033
6480   32033
6490   32033
6500   32033
6510   32033
6520   32033
6530   32033
6540   32033
6550   32033
6560   32033
6570   32033
6580   32033
6590   32033
6600   32033
6610   32033
6620   32033
6630   32033
6640   32033
6650   32033
6660   32033
6670   32033
6680   32033
6690   32033
6700   32033
6710   32033
6720   32033
6730   32033
6740   32033
6750   32033
6760   32033
6770   32033
6780   32033
6790   32033
6800   32033
6810   32033
6820   32033
6830   32033
6840   32033
6850   32033
6860   32033
6870   32033
6880   32033
6890   32033
6900   32033
6910   32033
6920   32033
6930   32033
6940   32033
6950   32033
6960   32033
6970   32033
6980   32033
6990   32033
7000   32033
7010   32033
7020   32033
7030   32033
7040   32033
7050   32033
7060   32033
7070   32033
7080   32033
7090   32033
7100   32033
7110   32033
7120   32033
7130   32033
7140   32033
7150   32033
7160   32033
7170   32033
7180   32033
7190   32033
7200   32033
7210   32033
7220   32033
7230   32033
7240   32033
7250   32033
7260   32033
7270   32033
7280   32033
7290   32033
7300   32033
7310   32033
7320   32033
7330   32033
7340   32033
7350   32033
7360   32033
7370   32033
7380   32033
7390   32033
7400   32033
7410   32033
7420   32033
7430   32033
7440   32033
7450   32033
7460   32033
7470   32033
7480   32033
7490   32033
7500   32033
7510   32033
7520   32033
7530   32033
7540   32033
7550   32033
7560   32033
7570   32033
7580   32033
7590   32033
7600   32033
7610   32033
7620   32033
7630   32033
7640   32033
7650   32033
7660   32033
7670   32033
7680   32033
7690   32033
7700   32033
7710   32033
7720   32033
7730   32033
7740   32033
7750   32033
7760   32033
7770   32033
7780   32033
7790   32033
7800   32033
7810   32033
7820   32033
7830   32033
7840   32033
7850   32033
7860   32033
7870   32033
7880   32033
7890   32033
7900   32033
7910   32033
7920   32033
7930   32033
7940   32033
7950   32033
7960   32033
7970   32033
7980   32033
7990   32033
8000   32033
8010   32033
8020   32033
8030   32033
8040   32033
8050   32033
8060   32033
8070   32033
8080   32033
8090   32033
8100   32033
8110   32033
8120   32033
8130   32033
8140   32033
8150   32033
8160   32033
8170   32033
8180   32033
8190   32033
8200   32033
8210   32033
8220   32033
8230   32033
8240   32033
8250   32033
8260   32033
8270   32033
8280   32033
8290   32033
8300   32033
8310   32033
8320   32033
8330   32033
8340   32033
8350   32033
8360   32033
8370   32033
8380   32033
8390   32033
8400   32033
8410   32033
8420   32033
8430   32033
8440   32033
8450   32033
8460   32033
8470   32033
8480   32033
8490   32033
8500   32033
8510   32033
8520   32033
8530   32033
8540   32033
8550   32033
8560   32033
8570   32033
8580   32033
8590   32033
8600   32033
8610   32033
8620   32033
8630   32033
8640   32033
8650   32033
8660   32033
8670   32033
8680   32033
8690   32033
8700   32033
8710   32033
8720   32033
8730   32033
8740   32033
8750   32033
8760   32033
8770   32033
8780   32033
8790   32033
8800   32033
8810   32033
8820   32033
8830   32033
8840   32033
8850   32033
8860   32033
8870   32033
8880   32033
8890   32033
8900   32033
8910   32033
8920   32033
8930   32033
8940   32033
8950   32033
8960   32033
8970   32033
8980   32033
8990   32033
9000   32033
9010   32033
9020   32033
9030   32033
9040   32033
9050   32033
9060   32033
9070   32033
9080   32033
9090   32033
9100   32033
9110   32033
9120   32033
9130   32033
9140   32033
9150   32033
9160   32033
9170   32033
9180   32033
9190   32033
9200   32033
9210   32033
9220   32033
9230   32033
9240   32033
9250   32033
9260   32033
9270   32033
9280   32033
9290   32033
9300   32033
9310   32033
9320   32033
9330   32033
9340   32033
9350   32033
9360   32033
9370   32033
9380   32033
9390   32033
9400   32033
9410   32033
9420   32033
9430   32033
9440   32033
9450   32033
9460   32033
9470   32033
9480   32033
9490   32033
9500   32033
9510   32033
9520   32033
9530   32033
9540   32033
9550   32033
9560   32033
9570   32033
9580   32033
9590   32033
9600   32033
9610   32033
9620   32033
9630   32033
9640   32033
9650   32033
9660   32033
9670   32033
9680   32033
9690   32033
9700   32033
9710   32033
9720   32033
9730   32033
9740   32033
9750   32033
9760   32033
9770   32033
9780   32033
9790   32033
9800   32033
9810   32033
9820   32033
9830   32033
9840   32033
9850   32033
9860   32033
9870   32033
9880   32033
9890   32033
9900   32033
9910   32033
9920   32033
9930   32033
9940   32033
9950   32033
9960   32033
9970   32033
9980   32033
9990   32033
10000   32033
10010   32033
10020   32033
10030   32033
10040   32033
10050   32033
10060   32033
10070   32033
10080   32033
10090   32033
10100   32033
10110   32033
10120   32033
10130   32033
10140   32033
10150   32033
10160   32033
10170   32033
10180   32033
10190   32033
10200   32033
10210   32033
10220   32033
10230   32033
10240   32033
10250   32033
10260   32033
10270   32033
10280   32033
10290   32033
10300   32033
10310   32033
10320   32033
10330   32033
10340   32033
10350   32033
10360   32033
10370   32033
10380   32033
10390   32033
10400   32033
10410   32033
10420   32033
10430   32033
10440   32033
10450   32033
10460   32033
10470   32033
10480   32033
10490   32033
10500   32033
10510   32033
10520   32033
10530   32033
10540   32033
10550   32033
10560   32033
10570   32033
10580   32033
10590   32033
10600   32033
10610   32033
10620   32033
10630   32033
10640   32033
10650   32033
10660   32033
10670   32033
10680   32033
10690   32033
10700   32033
10710   32033
10720   32033
10730   32033
10740   32033
10750   32033
10760   32033
10770   32033
10780   32033
10790   32033
10800   32033
10810   32033
10820   32033
10830   32033
10840   32033
10850   32033
10860   32033
10870   32033
10880   32033
10890   32033
10900   32033
10910   32033
10920   32033
10930   32033
10940   32033
10950   32033
10960   32033
10970   32033
10980   32033
10990   32033
11000   32033
11010   32033
11020   32033
11030   32033
11040   32033
11050   32033
11060   32033
11070   32033
11080   32033
11090   32033
11100   32033
11110   32033
11120   32033
11130   32033
11140   32033
11150   32033
11160   32033
11170   32033
11180   32033
11190   32033
11200   32033
11210   32033
11220   32033
11230   32033
11240   32033
11250   32033
11260   32033
11270   32033
11280   32033
11290   32033
11300   32033
11310   32033
11320   32033
11330   32033
11340   32033
11350   32033
11360   32033
11370   32033
11380   32033
11390   32033
11400   32033
11410   32033
11420   32033
11430   32033
11440   32033
11450   32033
11460   32033
11470   32033
11480   32033
11490   32033
11500   32033
11510   32033
11520   32033
11530   32033
11540   32033
11550   32033
11560   32033
11570   32033
11580   32033
11590   32033
11600   32033
11610   32033
11620   32033
11630   32033
11640   32033
11650   32033
11660   32033
11670   32033
11680   32033
11690   32033
11700   32033
11710   32033
11720   32033
11730   32033
11740   32033
11750   32033
11760   32033
11770   32033
11780   32033
11790   32033
11800   32033
11810   32033
11820   32033
11830   32033
11840   32033
11850   32033
11860   32033
11870   32033
11880   32033
11890   32033
11900   32033
11910   32033
11920   32033
11930   32033
11940   32033
11950   32033
11960   32033
11970   32033
11980   32033
11990   32033
12000   32033
12010   32033
12020   32033
12030   32033
12040   32033
12050   32033
12060   32033
12070   32033
12080   32033
12090   32033
12100   32033
12110   32033
12120   32033
12130   32033
12140   32033
12150   32033
12160   32033
12170   32033
12180   32033
12190   32033
12200   32033
12210   32033
12220   32033
12230   32033
12240   32033
12250   32033
12260   32033
12270   32033
12280   32033
12290   32033
12300   32033
12310   32033
12320   32033
12330   32033
12340   32033
12350   32033
12360   32033
12370   32033
12380   32033
12390   32033
12400   32033
12410   32033
12420   32033
12430   32033
12440   32033
12450   32033
12460   32033
12470   32033
12480   32033
12490   32033
12500   32033
12510   32033
12520   32033
12530   32033
12540   32033
12550   32033
12560   32033
12570   32033
12580   32033
12590   32033
12600   32033
12610   32033
12620   32033
12630   32033
12640   32033
12650   32033
12660   32033
12670   32033
12680   32033
12690   32033
12700   32033
12710   32033
12720   32033
12730   32033
12740   32033
12750   32033
12760   32033
12770   32033
12780   32033
12790   32033
12800   32033
12810   32033
12820   32033
12830   32033
12840   32033
12850   32033
12860   32033
12870   32033
12880   32033
12890   32033
12900   32033
12910   32033
12920   32033
12930   32033
12940   32033
12950   32033
12960   32033
12970   32033
12980   32033
12990   32033
13000   32033
13010   32033
13020   32033
13030   32033
13040   32033
13050   32033
13060   32033
13070   32033
13080   32033
13090   32033
13100   32033
13110   32033
13120   32033
13130   32033
13140   32033
13150   32033
13160   32033
13170   32033
13180   32033
13190   32033
13200   32033
13210   32033
13220   32033
13230   32033
13240   32033
13250   32033
13260   32033
13270   32033
13280   32033
13290   32033
13300   32033
13310   32033
13320   32033
13330   32033
13340   32033
13350   32033
13360   32033
13370   32033
13380   32033
13390   32033
13400   32033
13410   32033
13420   32033
13430   32033
13440   32033
13450   32033
13460   32033
13470   32033
13480   32033
13490   32033
13500   32033
13510   32033
13520   32033
13530   32033
13540   32033
13550   32033
13560   32033
13570   32033
13580   32033
13590   32033
13600   32033
13610   32033
13620   32033
13630   32033
13640   32033
13650   32033
13660   32033
13670   32033
13680   32033
13690   32033
13700   32033
13710   32033
13720   32033
13730   32033
13740   32033
13750   32033
13760   32033
13770   32033
13780   32033
13790   32033
13800   32033
13810   32033
13820   32033
13830   32033
13840   32033
13850   32033
13860   32033
13870   32033
13880   32033
13890   32033
13900   32033
13910   32033
13920   32033
13930   32033
13940   32033
13950   32033
13960   32033
13970   32033
13980   32033
13990   32033
14000   32033
14010   32033
14020   32033
14030   32033
14040   32033
14050   32033
14060   32033
14070   32033
14080   32033
14090   32033
14100   32033
14110   32033
14120   32033
14130   32033
14140   32033
14150   32033
14160   32033
14170   32033
14180   32033
14190   32033
14200   32033
14210   32033
14220   32033
14230   32033
14240   32033
14250   32033
14260   32033
14270   32033
14280   32033
14290   32033
14300   32033
14310   32033
14320   32033
14330   32033
14340   32033
14350   32033
14360   32033
14370   32033
14380   32033
14390   32033
14400   32033
14410   32033
14420   32033
14430   32033
14440   32033
14450   32033
14460   32033
14470   32033
14480   32033
14490   32033
14500   32033
14510   32033
14520   32033
14530   32033
14540   32033
14550   32033
14560   32033
14570   32033
14580   32033
14590   32033
14600   32033
14610   32033
14620   32033
14630   32033
14640   32033
14650   32033
14660   32033
14670   32033
14680   32033
14690   32033
14700   32033
14710   32033
14720   32033
14730   32033
14740   32033
14750   32033
14760   32033
14770   32033
14780   32033
14790   32033
14800   32033
14810   32033
14820   32033
14830   32033
14840   32033
14850   32033
14860   32033
14870   32033
14880   32033
14890   32033
14900   32033
14910   32033
14920   32033
14930   32033
14940   32033
14950   32033
14960   32033
14970   32033
14980   32033
14990   32033
15000   32033
15010   32033
15020   32033
15030   32033
15040   32033
15050   32033
15060   32033
15070   32033
15080   32033
15090   32033
15100   32033
15110   32033
15120   32033
15130   32033
15140   32033
15150   32033
15160   32033
15170   32033
15180   32033
15190   32033
15200   32033
15210   32033
15220   32033
15230   32033
15240   32033
15250   32033
15260   32033
15270   32033
15280   32033
15290   32033
15300   32033
15310   32033
15320   32033
15330   32033
15340   32033
15350   32033
15360   32033
15370   32033
15380   32033
15390   32033
15400   32033
15410   32033
15420   32033
15430   32033
15440   32033
15450   32033
15460   32033
15470   32033
15480   32033
15490   32033
15500   32033
15510   32033
15520   32033
15530   32033
15540   32033
15550   32033
15560   32033
15570   32033
15580   32033
15590   32033
15600   32033
15610   32033
15620   32033
15630   32033
15640   32033
15650   32033
15660   32033
15670   32033
15680   32033
15690   32033
15700   32033
15710   32033
15720   32033
15730   32033
15740   32033
15750   32033
15760   32033
15770   32033
15780   32033
15790   32033
15800   32033
15810   32033
15820   32033
15830   32033
15840   32033
15850   32033
15860   32033
15870   32033
15880   32033
15890   32033
15900   32033
15910   32033
15920   32033
15930   32033
15940   32033
15950   32033
15960   32033
15970   32033
15980   32033
15990   32033
16000   32033
16010   32033
16020   32033
16030   32033
16040   32033
16050   32033
16060   32033
16070   32033
16080   32033
16090   32033
16100   32033
16110   32033
16120   32033
16130   32033
16140   32033
16150   32033
16160   32033
16170   32033
16180   32033
16190   32033
16200   32033
16210   32033
16220   32033
16230   32033
16240   32033
16250   32033
16260   32033
16270   32033
16280   32033
16290   32033
16300   32033
16310   32033
16320   32033
16330   32033
16340   32033
16350   32033
16360   32033
16370   32033
16380   32033
16390   32033
16400   32033
16410   32033
16420   32033
16430   32033
16440   32033
16450   32033
16460   32033
16470   32033
16480   32033
16490   32033
16500   32033
16510   32033
16520   32033
16530   32033
16540   32033
16550   32033
16560   32033
16570   32033
16580   32033
16590   32033
16600   32033
16610   32033
16620   32033
16630   32033
16640   32033
16650   32033
16660   32033
16670   32033
16680   32033
16690   32033
16700   32033
16710   32033
16720   32033
16730   32033
16740   32033
16750   32033
16760   32033
16770   32033
16780   32033
16790   32033
16800   32033
16810   32033
16820   32033
16830   32033
16840   32033
16850   32033
16860   32033
16870   32033
16880   32033
16890   32033
16900   32033
16910   32033
16920   32033
16930   32033
16940   32033
16950   32033
16960   32033
16970   32033
16980   32033
16990   32033
17000   32033
17010   32033
17020   32033
17030   32017
17040   32017
17050   32017
17060   32017
17070   32017
17080   32017
17090   32017
17100   32017
17110   32017
17120   32017
17130   32017
17140   32017
17150   32017
17160   32017
17170   32017
17180   32017
17190   32017
17200   32017
17210   32017
17220   32017
17230   32017
17240   32017
17250   32017
17260   32017
17270   32017
17280   32017
17290   32017
17300   32017
17310   32017
17320   32017
17330   32017
17340   32017
17350   32017
17360   32017
17370   32017
17380   32017
17390   32017
17400   32017
17410   32017
17420   32017
17430   32017
17440   32017
17450   32017
17460   32017
17470   32017
17480   32017
17490   32017
17500   32017
17510   32017
17520   32017
17530   32017
17540   32017
17550   32017
17560   32017
17570   32017
17580   32017
17590   32017
17600   32017
17610   32017
17620   32017
17630   32017
17640   32017
17650   32017
17660   32017
17670   32017
17680   32017
17690   32017
17700   32017
17710   32017
17720   32017
17730   32017
17740   32017
17750   32017
17760   32017
17770   32017
17780   32017
17790   32017
17800   32017
17810   32017
17820   32017
17830   32017
17840   32017
17850   32017
17860   32017
17870   32017
17880   32017
17890   32017
17900   32017
17910   32017
17920   32017
17930   32017
17940   32017
17950   32017
17960   32017
17970   32017
17980   32017
17990   32017
18000   32017
18010   32017
18020   32017
18030   32017
18040   32017
18050   32017
18060   32017
18070   32017
18080   32017
18090   32017
18100   32017
18110   32017
18120   32017
18130   32017
18140   32017
18150   32017
18160   32017
18170   32017
18180   32017
18190   32017
18200   32017
18210   32017
18220   32017
18230   32017
18240   32017
18250   32017
18260   32017
18270   32017
18280   32017
18290   32017
18300   32017
18310   32017
18320   32017
18330   32017
18340   32017
18350   32017
18360   32017
18370   32017
18380   32017
18390   32017
18400   32017
18410   32017
18420   32017
18430   32017
18440   32017
18450   32017
18460   32017
18470   32017
18480   32017
18490   32017
18500   32017
18510   32017
18520   32017
18530   32017
18540   32017
18550   32017
18560   32017
18570   32017
18580   32017
18590   32017
18600   32017
18610   32017
18620   32017
18630   32017
18640   32017
18650   32017
18660   32017
18670   32017
18680   32017
18690   32017
18700   32017
18710   32017
18720   32017
18730   32017
18740   32017
18750   32017
18760   32017
18770   32017
18780   32017
18790   32017
18800   32017
18810   32017
18820   32017
18830   32017
18840   32017
18850   32017
18860   32017
18870   32017
18880   32017
18890   32017
18900   32017
18910   32017
18920   32017
18930   32017
18940   32017
18950   32017
18960   32017
18970   32017
18980   32017
18990   32017
19000   32017
19010   32017
19020   32017
19030   32017
19040   32017
19050   32017
19060   32017
19070   32017
19080   32017
19090   32017
19100   32017
19110   32017
19120   32017
19130   32017
19140   32017
19150   32017
19160   32017
19170   32017
19180   32017
19190   32017
19200   32017
19210   32017
19220   32017
19230   32017
19240   32017
19250   32017
19260   32017
19270   32017
19280   32017
19290   32017
19300   32017
19310   32017
19320   32017
19330   32017
19340   32017
19350   32017
19360   32017
19370   32017
19380   32017
19390   32017
19400   32017
19410   32017
19420   32017
19430   32017
19440   32017
19450   32017
19460   32017
19470   32017
19480   32017
19490   32017
19500   32017
19510   32017
19520   32017
19530   32017
19540   32017
19550   32017
19560   32017
19570   32017
19580   32017
19590   32017
19600   32017
19610   32017
19620   32017
19630   32017
19640   32017
19650   32017
19660   32017
19670   32017
19680   32017
19690   32017
19700   32017
19710   32017
19720   32017
19730   32017
19740   32017
19750   32017
19760   32017
19770   32017
19780   32017
19790   32017
19800   32017
19810   32017
19820   32017
19830   32017
19840   32017
19850   32017
19860   32017
19870   32017
19880   32017
19890   32017
19900   32017
19910   32017
19920   32017
19930   32017
19940   32017
19950   32017
19960   32017
19970   32017
19980   32017
19990   32017
20000   32017
20010   32017
20020   32017
20030   32017
20040   32017
20050   32017
20060   32017
20070   32017
20080   32017
20090   32017
20100   32017
20110   32017
20120   32017
20130   32017
20140   32017
20150   32017
20160   32017
20170   32017
20180   32017
20190   32017
20200   32017
20210   32017
20220   32017
20230   32017
20240   32017
20250   32017
20260   32017
20270   32017
20280   32017
20290   32017
20300   32017
20310   32017
20320   32017
20330   32017
20340   32017
20350   32017
20360   32017
20370   32017
20380   32017
20390   32017
20400   32017
20410   32017
20420   32017
20430   32017
20440   32017
20450   32017
20460   32017
20470   32017
20480   32017
20490   32017
20500   32017
20510   32017
20520   32017
20530   32017
20540   32017
20550   32017
20560   32017
20570   32017
20580   32017
20590   32017
20600   32017
20610   32017
20620   32017
20630   32017
20640   32017
20650   32017
20660   32017
20670   32017
20680   32017
20690   32017
20700   32017
20710   32017
20720   32017
20730   32017
20740   32017
20750   32017
20760   32017
20770   32017
20780   32017
20790   32017
20800   32017
20810   32017
20820   32017
20830   32017
20840   32017
20850   32017
20860   32017
20870   32017
20880   32017
20890   32017
20900   32017
20910   32017
20920   32017
20930   32017
20940   32017
20950   32017
20960   32017
20970   32017
20980   32017
20990   32017
21000   32017
21010   32017
21020   32017
21030   32017
21040   32017
21050   32017
21060   32017
21070   32017
21080   32017
21090   32017
21100   32017
21110   32017
21120   32017
21130   32017
21140   32017
21150   32017
21160   32017
21170   32017
21180   32017
21190   32017
21200   32017
21210   32017
21220   32017
21230   32017
21240   32017
21250   32017
21260   32017
21270   32017
21280   32017
21290   32017
21300   32017
21310   32017
21320   32017
21330   32017
21340   32017
21350   32017
21360   32017
21370   32017
21380   32017
21390   32017
21400   32017
21410   32017
21420   32017
21430   32017
21440   32017
21450   32017
21460   32017
21470   32017
21480   32017
21490   32017
21500   32017
21510   32017
21520   32017
21530   32017
21540   32017
21550   32017
21560   32017
21570   32017
21580   32017
21590   32017
21600   32017
21610   32017
21620   32017
21630   32017
21640   32017
21650   32017
21660   32017
21670   32017
21680   32017
21690   32017
21700   32017
21710   32017
21720   32017
21730   32017
21740   32017
21750   32017
21760   32017
21770   32017
21780   32017
21790   32017
21800   32017
21810   32017
21820   32017
21830   32017
21840   32017
21850   32017
21860   32017
21870   32017
21880   32017
21890   32017
21900   32017
21910   32017
21920   32017
21930   32017
21940   32017
21950   32017
21960   32017
21970   32017
21980   32017
21990   32017
22000   32017
22010   32017
22020   32017
22030   32017
22040   32017
22050   32017
22060   32017
22070   32017
22080   32017
22090   32017
22100   32017
22110   32017
22120   32017
22130   32017
22140   32017
22150   32017
22160   32017
22170   32017
22180   32017
22190   32017
22200   32017
22210   32017
22220   32017
22230   32017
22240   32017
22250   32017
22260   32017
22270   32017
22280   32017
22290   32017
22300   32017
22310   32017
22320   32017
22330   32017
22340   32017
22350   32017
22360   32017
22370   32017
22380   32017
22390   32017
22400   32017
22410   32017
22420   32017
22430   32017
22440   32017
22450   32017
22460   32017
22470   32017
22480   32017
22490   32017
22500   32017
22510   32017
22520   32017
22530   32017
22540   32017
22550   32017
22560   32017
22570   32017
22580   32017
22590   32017
22600   32017
22610   32017
22620   32017
22630   32017
22640   32017
22650   32017
22660   32017
22670   32017
22680   32017
22690   32017
22700   32017
22710   32017
22720   32017
22730   32017
22740   32017
22750   32017
22760   32017
22770   32017
22780   32017
22790   32017
22800   32017
22810   32017
22820   32017
22830   32017
22840   32017
22850   32017
22860   32017
22870   32017
22880   32017
22890   32017
22900   32017
22910   32017
22920   32017
22930   32017
22940   32017
22950   32017
22960   32017
22970   32017
22980   32017
22990   32017
23000   32017
23010   32017
23020   32017
23030   32017
23040   32017
23050   32017
23060   32017
23070   32017
23080   32017
23090   32017
23100   32017
23110   32017
23120   32017
23130   32017
23140   32017
23150   32017
23160   32017
23170   32017
23180   32017
23190   32017
23200   32017
23210   32017
23220   32017
23230   32017
23240   32017
23250   32017
23260   32017
23270   32017
23280   32017
23290   32017
23300   32017
23310   32017
23320   32017
23330   32017
23340   32017
23350   32017
23360   32017
23370   32017
23380   32017
23390   32017
23400   32017
23410   32017
23420   32017
23430   32017
23440   32017
23450   32017
23460   32017
23470   32017
23480   32017
23490   32017
23500   32017
23510   32017
23520   32017
23530   32017
23540   32017
23550   32017
23560   32017
23570   32017
23580   32017
23590   32017
23600   32017
23610   32017
23620   32017
23630   32017
23640   32017
23650   32017
23660   32017
23670   32017
23680   32017
23690   32017
23700   32017
23710   32017
23720   32017
23730   32017
23740   32017
23750   32017
23760   32017
23770   32017
23780   32017
23790   32017
23800   32017
23810   32017
23820   32017
23830   32017
23840   32017
23850   32017
23860   32017
23870   32017
23880   32017
23890   32017
23900   32017
23910   32017
23920   32017
23930   32017
23940   32017
23950   32017
23960   32017
23970   32017
23980   32017
23990   32017
24000   32017
24010   32017
24020   32017
24030   32017
24040   32017
24050   32017
24060   32017
24070   32017
24080   32017
24090   32017
24100   32017
24110   32017
24120   32017
24130   32017
24140   32017
24150   32017
24160   32017
24170   32017
24180   32017
24190   32017
24200   32017
24210   32017
24220   32017
24230   32017
24240   32017
24250   32017
24260   32017
24270   32017
24280   32017
24290   32017
24300   32017
24310   32017
24320   32017
24330   32017
24340   32017
24350   32017
24360   32017
24370   32017
24380   32017
24390   32017
24400   32017
24410   32017
24420   32017
24430   32017
24440   32017
24450   32017
24460   32017
24470   32017
24480   32017
24490   32017
24500   32017
24510   32017
24520   32017
24530   32017
24540   32017
24550   32017
24560   32017
24570   32017
24580   32017
24590   32017
24600   32017
24610   32017
24620   32017
24630   32017
24640   32017
24650   32017
24660   32017
24670   32017
24680   32017
24690   32017
24700   32017
24710   32017
24720   32017
24730   32017
24740   32017
24750   32017
24760   32017
24770   32017
24780   32017
24790   32017
24800   32017
24810   32017
24820   32017
24830   32017
24840   32017
24850   32017
24860   32017
24870   32017
24880   32017
24890   32017
24900   32017
24910   32017
24920   32017
24930   32017
24940   32017
24950   32017
24960   32017
24970   32017
24980   32017
24990   32017
25000   32017
25010   32017
25020   32017
25030   32017
25040   32017
25050   32017
25060   32017
25070   32017
25080   32017
25090   32017
25100   32017
25110   32017
25120   32017
25130   32017
25140   32017
25150   32017
25160   32017
25170   32017
25180   32017
25190   32017
25200   32017
25210   32017
25220   32017
25230   32017
25240   32017
25250   32017
25260   32017
25270   32017
25280   32017
25290   32017
25300   32017
25310   32017
25320   32017
25330   32017
25340   32017
25350   32017
25360   32017
25370   32017
25380   32017
25390   32017
25400   32017
25410   32017
25420   32017
25430   32017
25440   32017
25450   32017
25460   32017
25470   32017
25480   32017
25490   32017
25500   32017
25510   32017
25520   32017
25530   31849
25540   31849
25550   31849
25560   31849
25570   31849
25580   31849
25590   31849
25600   31849
25610   31849
25620   31849
25630   31849
25640   31849
25650   31849
25660   31849
25670   31849
25680   31849
25690   31849
25700   31849
25710   31849
25720   31849
25730   31849
25740   31849
25750   31849
25760   31849
25770   31849
25780   31849
25790   31849
25800   31849
25810   31849
25820   31849
25830   31849
25840   31849
25850   31849
25860   31849
25870   31849
25880   31849
25890   31849
25900   31849
25910   31849
25920   31849
25930   31849
25940   31849
25950   31849
25960   31849
25970   31849
25980   31849
25990   31849
26000   31849
26010   31849
26020   31849
26030   31849
26040   31849
26050   31849
26060   31849
26070   31849
26080   31849
26090   31849
26100   31849
26110   31849
26120   31849
26130   31849
26140   31849
26150   31849
26160   31849
26170   31849
26180   31849
26190   31849
26200   31849
26210   31849
26220   31849
26230   31849
26240   31849
26250   31849
26260   31849
26270   31849
26280   31849
26290   31849
26300   31849
26310   31849
26320   31849
26330   31849
26340   31849
26350   31849
26360   31849
26370   31849
26380   31849
26390   31849
26400   31849
26410   31849
26420   31849
26430   31849
26440   31849
26450   31849
26460   31849
26470   31849
26480   31849
26490   31849
26500   31849
26510   31849
26520   31849
26530   31849
26540   31849
26550   31849
26560   31849
26570   31849
26580   31849
26590   31849
26600   31849
26610   31849
26620   31849
26630   31849
26640   31849
26650   31849
26660   31849
26670   31849
26680   31849
26690   31849
26700   31849
26710   31849
26720   31849
26730   31849
26740   31849
26750   31849
26760   31849
26770   31849
26780   31849
26790   31849
26800   31849
26810   31849
26820   31849
26830   31849
26840   31849
26850   31849
26860   31849
26870   31849
26880   31849
26890   31849
26900   31849
26910   31849
26920   31849
26930   31849
26940   31849
26950   31849
26960   31849
26970   31849
26980   31849
26990   31849
27000   31849
27010   31849
27020   31849
27030   31849
27040   31849
27050   31849
27060   31849
27070   31849
27080   31849
27090   31849
27100   31849
27110   31849
27120   31849
27130   31849
27140   31849
27150   31849
27160   31849
27170   31849
27180   31849
27190   31849
27200   31849
27210   31849
27220   31849
27230   31849
27240   31849
27250   31849
27260   31849
27270   31849
27280   31849
27290   31849
27300   31849
27310   31849
27320   31849
27330   31849
27340   31849
27350   31849
27360   31849
27370   31849
27380   31849
27390   31849
27400   31849
27410   31849
27420   31849
27430   31849
27440   31849
27450   31849
27460   31849
27470   31849
27480   31849
27490   31849
27500   31849
27510   31849
27520   31849
27530   31849
27540   31849
27550   31849
27560   31849
27570   31849
27580   31849
27590   31849
27600   31849
27610   31849
27620   31849
27630   31849
27640   31849
27650   31849
27660   31849
27670   31849
27680   31849
27690   31849
27700   31849
27710   31849
27720   31849
27730   31849
27740   31849
27750   31849
27760   31849
27770   31849
27780   31849
27790   31849
27800   31849
27810   31849
27820   31849
27830   31849
27840   31849
27850   31849
27860   31849
27870   31849
27880   31849
27890   31849
27900   31849
27910   31849
27920   31849
27930   31849
27940   31849
27950   31849
27960   31849
27970   31849
27980   31849
27990   31849
28000   31849
28010   31849
28020   31849
28030   31849
28040   31849
28050   31849
28060   31849
28070   31849
28080   31849
28090   31849
28100   31849
28110   31849
28120   31849
28130   31849
28140   31849
28150   31849
28160   31849
28170   31849
28180   31849
28190   31849
28200   31849
28210   31849
28220   31849
28230   31849
28240   31849
28250   31849
28260   31849
28270   31849
28280   31849
28290   31849
28300   31849
28310   31849
28320   31849
28330   31849
28340   31849
28350   31849
28360   31849
28370   31849
28380   31849
28390   31849
28400   31849
28410   31849
28420   31849
28430   31849
28440   31849
28450   31849
28460   31849
28470   31849
28480   31849
28490   31849
28500   31849
28510   31849
28520   31849
28530   31849
28540   31849
28550   31849
28560   31849
28570   31849
28580   31849
28590   31849
28600   31849
28610   31849
28620   31849
28630   31849
28640   31849
28650   31849
28660   31849
28670   31849
28680   31849
28690   31849
28700   31849
28710   31849
28720   31849
28730   31849
28740   31849
28750   31849
28760   31849
28770   31849
28780   31849
28790   31849
28800   31849
28810   31849
28820   31849
28830   31849
28840   31849
28850   31849
28860   31849
28870   31849
28880   31849
28890   31849
28900   31849
28910   31849
28920   31849
28930   31849
28940   31849
28950   31849
28960   31849
28970   31849
28980   31849
28990   31849
29000   31849
29010   31849
29020   31849
29030   31849
29040   31849
29050   31849
29060   31849
29070   31849
29080   31849
29090   31849
29100   31849
29110   31849
29120   31849
29130   31849
29140   31849
29150   31849
29160   31849
29170   31849
29180   31849
29190   31849
29200   31849
29210   31849
29220   31849
29230   31849
29240   31849
29250   31849
29260   31849
29270   31849
29280   31849
29290   31849
29300   31849
29310   31849
29320   31849
29330   31849
29340   31849
29350   31849
29360   31849
29370   31849
29380   31849
29390   31849
29400   31849
29410   31849
29420   31849
29430   31849
29440   31849
29450   31849
29460   31849
29470   31849
29480   31849
29490   31849
29500   31849
29510   31849
29520   31849
29530   31849
29540   31849
29550   31849
29560   31849
29570   31849
29580   31849
29590   31849
29600   31849
29610   31849
29620   31849
29630   31849
29640   31849
29650   31849
29660   31849
29670   31849
29680   31849
29690   31849
29700   31849
29710   31849
29720   31849
29730   31849
29740   31849
29750   31849
29760   31849
29770   31849
29780   31849
29790   31849
29800   31849
29810   31849
29820   31849
29830   31849
29840   31849
29850   31849
29860   31849
29870   31849
29880   31849
29890   31849
29900   31849
29910   31849
29920   31849
29930   31849
29940   31849
29950   31849
29960   31849
29970   31849
29980   31849
29990   31849
30000   31849
30010   31849
30020   31849
30030   31849
30040   31849
30050   31849
30060   31849
30070   31849
30080   31849
30090   31849
30100   31849
30110   31849
30120   31849
30130   31849
30140   31849
30150   31849
30160   31849
30170   31849
30180   31849
30190   31849
30200   31849
30210   31849
30220   31849
30230   31849
30240   31849
30250   31849
30260   31849
30270   31849
30280   31849
30290   31849
30300   31849
30310   31849
30320   31849
30330   31849
30340   31849
30350   31849
30360   31849
30370   31849
30380   31849
30390   31849
30400   31849
30410   31849
30420   31849
30430   31849
30440   31849
30450   31849
30460   31849
30470   31849
30480   31849
30490   31849
30500   31849
30510   31849
30520   31849
30530   31849
30540   31849
30550   31849
30560   31849
30570   31849
30580   31849
30590   31849
30600   31849
30610   31849
30620   31849
30630   31849
30640   31849
30650   31849
30660   31849
30670   31849
30680   31849
30690   31849
30700   31849
30710   31849
30720   31849
30730   31849
30740   31849
30750   31849
30760   31849
30770   31849
30780   31849
30790   31849
30800   31849
30810   31849
30820   31849
30830   31849
30840   31849
30850   31849
30860   31849
30870   31849
30880   31849
30890   31849
30900   31849
30910   31849
30920   31849
30930   31849
30940   31849
30950   31849
30960   31849
30970   31849
30980   31849
30990   31849
31000   31849
31010   31849
31020   31849
31030   31849
31040   31849
31050   31849
31060   31849
31070   31849
31080   31849
31090   31849
31100   31849
31110   31849
31120   31849
31130   31849
31140   31849
31150   31849
31160   31849
31170   31849
31180   31849
31190   31849
31200   31849
31210   31849
31220   31849
31230   31849
31240   31849
31250   31849
31260   31849
31270   31849
31280   31849
31290   31849
31300   31849
31310   31849
31320   31849
31330   31849
31340   31849
31350   31849
31360   31849
31370   31849
31380   31849
31390   31849
31400   31849
31410   31849
31420   31849
31430   31849
31440   31849
31450   31849
31460   31849
31470   31849
31480   31849
31490   31849
31500   31849
31510   31849
31520   31849
31530   31849
31540   31849
31550   31849
31560   31849
31570   31849
31580   31849
31590   31849
31600   31849
31610   31849
31620   31849
31630   31849
31640   31849
31650   31849
31660   31849
31670   31849
31680   31849
31690   31849
31700   31849
31710   31849
31720   31849
31730   31849
31740   31849
31750   31849
31760   31849
31770   31849
31780   31849
31790   31849
31800   31849
31810   31849
31820   31849
31830   31849
31840   31849
31850   31849
31860   31849
31870   31849
31880   31849
31890   31849
31900   31849
31910   31849
31920   31849
31930   31849
31940   31849
31950   31849
31960   31849
31970   31849
31980   31849
31990   31849
32000   31849
32010   31849
32020   31849
32030   31849
32040   31849
32050   31849
32060   31849
32070   31849
32080   31849
32090   31849
32100   31849
32110   31849
32120   31849
32130   31849
32140   31849
32150   31849
32160   31849
32170   31849
32180   31849
32190   31849
32200   31849
32210   31849
32220   31849
32230   31849
32240   31849
32250   31849
32260   31849
32270   31849
32280   31849
32290   31849
32300   31849
32310   31849
32320   31849
32330   31849
32340   31849
32350   31849
32360   31849
32370   31849
32380   31849
32390   31849
32400   31849
32410   31849
32420   31849
32430   31849
32440   31849
32450   31849
32460   31849
32470   31849
32480   31849
32490   31849
32500   31849
32510   31849
32520   31849
32530   31849
32540   31849
32550   31849
32560   31849
32570   31849
32580   31849
32590   31849
32600   31849
32610   31849
32620   31849
32630   31849
32640   31849
32650   31849
32660   31849
32670   31849
32680   31849
32690   31849
32700   31849
32710   31849
32720   31849
32730   31849
32740   31849
32750   31849
32760   31849
32770   31849
32780   31849
32790   31849
32800   31849
32810   31849
32820   31849
32830   31849
32840   31849
32850   31849
32860   31849
32870   31849
32880   31849
32890   31849
32900   31849
32910   31849
32920   31849
32930   31849
32940   31849
32950   31849
32960   31849
32970   31849
32980   31849
32990   31849
33000   31849
33010   31849
33020   31849
33030   31849
33040   31849
33050   31849
33060   31849
33070   31849
33080   31849
33090   31849
33100   31849
33110   31849
33120   31849
33130   31849
33140   31849
33150   31849
33160   31849
33170   31849
33180   31849
33190   31849
33200   31849
33210   31849
33220   31849
33230   31849
33240   31849
33250   31849
33260   31849
33270   31849
33280   31849
33290   31849
33300   31849
33310   31849
33320   31849
33330   31849
33340   31849
33350   31849
33360   31849
33370   31849
33380   31849
33390   31849
33400   31849
33410   31849
33420   31849
33430   31849
33440   31849
33450   31849
33460   31849
33470   31849
33480   31849
33490   31849
33500   31849
33510   31849
33520   31849
33530   31849
33540   31849
33550   31849
33560   31849
33570   31849
33580   31849
33590   31849
33600   31849
33610   31849
33620   31849
33630   31849
33640   31849
33650   31849
33660   31849
33670   31849
33680   31849
33690   31849
33700   31849
33710   31849
33720   31849
33730   31849
33740   31849
33750   31849
33760   31849
33770   31849
33780   31849
33790   31849
33800   31849
33810   31849
33820   31849
33830   31849
33840   31849
33850   31849
33860   31849
33870   31849
33880   31849
33890   31849
33900   31849
33910   31849
33920   31849
33930   31849
33940   31849
33950   31849
33960   31849
33970   31849
33980   31849
33990   31849
34000   31849
34010   31849
34020   31849
34030   31849
34040   31849
34050   31849
34060   31849
34070   31849
34080   31849
34090   31849
34100   31849
34110   31849
34120   31849
34130   31849
34140   31849
34150   31849
34160   31849
34170   31849
34180   31849
34190   31849
34200   31849
34210   31849
34220   31849
34230   31849
34240   31849
34250   31849
34260   31849
34270   31849
34280   31849
34290   31849
34300   31849
34310   31849
34320   31849
34330   31849
34340   31849
34350   31849
34360   31849
34370   31849
34380   31849
34390   31849
34400   31849
34410   31849
34420   31849
34430   31849
34440   31849
34450   31849
34460   31849
34470   31849
34480   31849
34490   31849
34500   31849
34510   31849
34520   31849
34530   31849
34540   31849
34550   31849
34560   31849
34570   31849
34580   31849
34590   31849
34600   31849
34610   31849
34620   31849
34630   31849
34640   31849
34650   31849
34660   31849
34670   31849
34680   31849
34690   31849
34700   31849
34710   31849
34720   31849
34730   31849
34740   31849
34750   31849
34760   31849
34770   31849
34780   31849
34790   31849
34800   31849
34810   31849
34820   31849
34830   31849
34840   31849
34850   31849
34860   31849
34870   31849
34880   31849
34890   31849
34900   31849
34910   31849
34920   31849
34930   31849
34940   31849
34950   31849
34960   31849
34970   31849
34980   31849
34990   31849
35000   31849
35010   31849
35020   31849
35030   31849
35040   31849
35050   31849
35060   31849
35070   31849
35080   31849
35090   31849
35100   31849
35110   31849
35120   31849
35130   31849
35140   31849
35150   31849
35160   31849
35170   31849
35180   31849
35190   31849
35200   31849
35210   31849
35220   31849
35230   31849
35240   31849
35250   31849
35260   31849
35270   31849
35280   31849
35290   31849
35300   31849
35310   31849
35320   31849
35330   31849
35340   31849
35350   31849
35360   31849
35370   31849
35380   31849
35390   31849
35400   31849
35410   31849
35420   31849
35430   31849
35440   31849
35450   31849
35460   31849
35470   31849
35480   31849
35490   31849
35500   31849
35510   31849
35520   31849
35530   31849
35540   31849
35550   31849
35560   31849
35570   31849
35580   31849
35590   31849
35600   31849
35610   31849
35620   31849
35630   31849
35640   31849
35650   31849
35660   31849
35670   31849
35680   31849
35690   31849
35700   31849
35710   31849
35720   31849
35730   31849
35740   31849
35750   31849
35760   31849
35770   31849
35780   31849
35790   31849
35800   31849
35810   31849
35820   31849
35830   31849
35840   31849
35850   31849
35860   31849
35870   31849
35880   31849
35890   31849
35900   31849
35910   31849
35920   31849
35930   31849
35940   31849
35950   31849
35960   31849
35970   31849
35980   31849
35990   31849
36000   31849
36010   31849
36020   31849
36030   31849
36040   31849
36050   31849
36060   31849
36070   31849
36080   31849
36090   31849
36100   31849
36110   31849
36120   31849
36130   31849
36140   31849
36150   31849
36160   31849
36170   31849
36180   31849
36190   31849
36200   31849
36210   31849
36220   31849
36230   31849
36240   31849
36250   31849
36260   31849
36270   31849
36280   31849
36290   31849
36300   31849
36310   31849
36320   31849
36330   31849
36340   31849
36350   31849
36360   31849
36370   31849
36380   31849
36390   31849
36400   31849
36410   31849
36420   31849
36430   31849
36440   31849
36450   31849
36460   31849
36470   31849
36480   31849
36490   31849
36500   31849
36510   31849
36520   31849
36530   31849
36540   31849
36550   31849
36560   31849
36570   31849
36580   31849
36590   31849
36600   31849
36610   31849
36620   31849
36630   31849
36640   31849
36650   31849
36660   31849
36670   31849
36680   31849
36690   31849
36700   31849
36710   31849
36720   31849
36730   31849
36740   31849
36750   31849
36760   31849
36770   31849
36780   31849
36790   31849
36800   31849
36810   31849
36820   31849
36830   31849
36840   31849
36850   31849
36860   31849
36870   31849
36880   31849
36890   31849
36900   31849
36910   31849
36920   31849
36930   31849
36940   31849
36950   31849
36960   31849
36970   31849
36980   31849
36990   31849
37000   31849
37010   31849
37020   31849
37030   31849
37040   31849
37050   31849
37060   31849
37070   31849
37080   31849
37090   31849
37100   31849
37110   31849
37120   31849
37130   31849
37140   31849
37150   31849
37160   31849
37170   31849
37180   31849
37190   31849
37200   31849
37210   31849
37220   31849
37230   31849
37240   31849
37250   31849
37260   31849
37270   31849
37280   31849
37290   31849
37300   31849
37310   31849
37320   31849
37330   31849
37340   31849
37350   31849
37360   31849
37370   31849
37380   31849
37390   31849
37400   31849
37410   31849
37420   31849
37430   31849
37440   31849
37450   31849
37460   31849
37470   31849
37480   31849
37490   31849
37500   31849
37510   31849
37520   31849
37530   31849
37540   31849
37550   31849
37560   31849
37570   31849
37580   31849
37590   31849
37600   31849
37610   31849
37620   31849
37630   31849
37640   31849
37650   31849
37660   31849
37670   31849
37680   31849
37690   31849
37700   31849
37710   31849
37720   31849
37730   31849
37740   31849
37750   31849
37760   31849
37770   31849
37780   31849
37790   31849
37800   31849
37810   31849
37820   31849
37830   31849
37840   31849
37850   31849
37860   31849
37870   31849
37880   31849
37890   31849
37900   31849
37910   31849
37920   31849
37930   31849
37940   31849
37950   31849
37960   31849
37970   31849
37980   31849
37990   31849
38000   31849
38010   31849
38020   31849
38030   31849
38040   31849
38050   31849
38060   31849
38070   31849
38080   31849
38090   31849
38100   31849
38110   31849
38120   31849
38130   31849
38140   31849
38150   31849
38160   31849
38170   31849
38180   31849
38190   31849
38200   31849
38210   31849
38220   31849
38230   31849
38240   31849
38250   31849
38260   31849
38270   31849
38280   31849
38290   31849
38300   31849
38310   31849
38320   31849
38330   31849
38340   31849
38350   31849
38360   31849
38370   31849
38380   31849
38390   31849
38400   31849
38410   31849
38420   31849
38430   31849
38440   31849
38450   31849
38460   31849
38470   31849
38480   31849
38490   31849
38500   31849
38510   31849
38520   31849
38530   31849
38540   31849
38550   31849
38560   31849
38570   31849
38580   31849
38590   31849
38600   31849
38610   31849
38620   31849
38630   31849
38640   31849
38650   31849
38660   31849
38670   31849
38680   31849
38690   31849
38700   31849
38710   31849
38720   31849
38730   31849
38740   31849
38750   31849
38760   31849
38770   31849
38780   31849
38790   31849
38800   31849
38810   31849
38820   31849
38830   31849
38840   31849
38850   31849
38860   31849
38870   31849
38880   31849
38890   31849
38900   31849
38910   31849
38920   31849
38930   31849
38940   31849
38950   31849
38960   31849
38970   31849
38980   31849
38990   31849
39000   31849
39010   31849
39020   31849
39030   31849
39040   31849
39050   31849
39060   31849
39070   31849
39080   31849
39090   31849
39100   31849
39110   31849
39120   31849
39130   31849
39140   31849
39150   31849
39160   31849
39170   31849
39180   31849
39190   31849
39200   31849
39210   31849
39220   31849
39230   31849
39240   31849
39250   31849
39260   31849
39270   31849
39280   31849
39290   31849
39300   31849
39310   31849
39320   31849
39330   31849
39340   31849
39350   31849
39360   31849
39370   31849
39380   31849
39390   31849
39400   31849
39410   31849
39420   31849
39430   31849
39440   31849
39450   31849
39460   31849
39470   31849
39480   31849
39490   31849
39500   31849
39510   31849
39520   31849
39530   31849
39540   31849
39550   31849
39560   31849
39570   31849
39580   31849
39590   31849
39600   31849
39610   31849
39620   31849
39630   31849
39640   31849
39650   31849
39660   31849
39670   31849
39680   31849
39690   31849
39700   31849
39710   31849
39720   31849
39730   31849
39740   31849
39750   31849
39760   31849
39770   31849
39780   31849
39790   31849
39800   31849
39810   31849
39820   31849
39830   31849
39840   31849
39850   31849
39860   31849
39870   31849
39880   31849
39890   31849
39900   31849
39910   31849
39920   31849
39930   31849
39940   31849
39950   31849
39960   31849
39970   31849
39980   31849
39990   31849
40000   31849
40010   31849
40020   31849
40030   31849
40040   31849
40050   31849
40060   31849
40070   31849
40080   31849
40090   31849
40100   31849
40110   31849
40120   31849
40130   31849
40140   31849
40150   31849
40160   31849
40170   31849
40180   31849
40190   31849
40200   31849
40210   31849
40220   31849
40230   31849
40240   31849
40250   31849
40260   31849
40270   31849
40280   31849
40290   31849
40300   31849
40310   31849
40320   31849
40330   31849
40340   31849
40350   31849
40360   31849
40370   31849
40380   31849
40390   31849
40400   31849
40410   31849
40420   31849
40430   31849
40440   31849
40450   31849
40460   31849
40470   31849
40480   31849
40490   31849
40500   31849
40510   31849
40520   31849
40530   31849
40540   31849
40550   31849
40560   31849
40570   31849
40580   31849
40590   31849
40600   31849
40610   31849
40620   31849
40630   31849
40640   31849
40650   31849
40660   31849
40670   31849
40680   31849
40690   31849
40700   31849
40710   31849
40720   31849
40730   31849
40740   31849
40750   31849
40760   31849
40770   31849
40780   31849
40790   31849
40800   31849
40810   31849
40820   31849
40830   31849
40840   31849
40850   31849
40860   31849
40870   31849
40880   31849
40890   31849
40900   31849
40910   31849
40920   31849
40930   31849
40940   31849
40950   31849
40960   31849
40970   31849
40980   31849
40990   31849
41000   31849
41010   31849
41020   31849
41030   31849
41040   31849
41050   31849
41060   31849
41070   31849
41080   31849
41090   31849
41100   31849
41110   31849
41120   31849
41130   31849
41140   31849
41150   31849
41160   31849
41170   31849
41180   31849
41190   31849
41200   31849
41210   31849
41220   31849
41230   31849
41240   31849
41250   31849
41260   31849
41270   31849
41280   31849
41290   31849
41300   31849
41310   31849
41320   31849
41330   31849
41340   31849
41350   31849
41360   31849
41370   31849
41380   31849
41390   31849
41400   31849
41410   31849
41420   31849
41430   31849
41440   31849
41450   31849
41460   31849
41470   31849
41480   31849
41490   31849
41500   31849
41510   31849
41520   31849
41530   31849
41540   31849
41550   31849
41560   31849
41570   31849
41580   31849
41590   31849
41600   31849
41610   31849
41620   31849
41630   31849
41640   31849
41650   31849
41660   31849
41670   31849
41680   31849
41690   31849
41700   31849
41710   31849
41720   31849
41730   31849
41740   31849
41750   31849
41760   31849
41770   31849
41780   31849
41790   31849
41800   31849
41810   31849
41820   31849
41830   31849
41840   31849
41850   31849
41860   31849
41870   31849
41880   31849
41890   31849
41900   31849
41910   31849
41920   31849
41930   31849
41940   31849
41950   31849
41960   31849
41970   31849
41980   31849
41990   31849
42000   31849
42010   31849
42020   31849
42030   31849
42040   31849
42050   31849
42060   31849
42070   31849
42080   31849
42090   31849
42100   31849
42110   31849
42120   31849
42130   31849
42140   31849
42150   31849
42160   31849
42170   31849
42180   31849
42190   31849
42200   31849
42210   31849
42220   31849
42230   31849
42240   31849
42250   31849
42260   31849
42270   31849
42280   31849
42290   31849
42300   31849
42310   31849
42320   31849
42330   31849
42340   31849
42350   31849
42360   31849
42370   31849
42380   31849
42390   31849
42400   31849
42410   31849
42420   31849
42430   31849
42440   31849
42450   31849
42460   31849
42470   31849
42480   31849
42490   31849
42500   31849
42510   31849
42520   31849
42530   31849
42540   31849
42550   31849
42560   31849
42570   31849
42580   31849
42590   31849
42600   31849
42610   31849
42620   31849
42630   31849
42640   31849
42650   31849
42660   31849
42670   31849
42680   31849
42690   31849
42700   31849
42710   31849
42720   31849
42730   31849
42740   31849
42750   31849
42760   31849
42770   31849
42780   31849
42790   31849
42800   31849
42810   31849
42820   31849
42830   31849
42840   31849
42850   31849
42860   31849
42870   31849
42880   31849
42890   31849
42900   31849
42910   31849
42920   31849
42930   31849
42940   31849
42950   31849
42960   31849
42970   31849
42980   31849
42990   31849
43000   31849
43010   31849
43020   31849
43030   31849
43040   31849
43050   31849
43060   31849
43070   31849
43080   31849
43090   31849
43100   31849
43110   31849
43120   31849
43130   31849
43140   31849
43150   31849
43160   31849
43170   31849
43180   31849
43190   31849
43200   31849
43210   31849
43220   31849
43230   31849
43240   31849
43250   31849
43260   31849
43270   31849
43280   31849
43290   31849
43300   31849
43310   31849
43320   31849
43330   31849
43340   31849
43350   31849
43360   31849
43370   31849
43380   31849
43390   31849
43400   31849
43410   31849
43420   31849
43430   31849
43440   31849
43450   31849
43460   31849
43470   31849
43480   31849
43490   31849
43500   31849
43510   31849
43520   31849
43530   31849
43540   31849
43550   31849
43560   31849
43570   31849
43580   31849
43590   31849
43600   31849
43610   31849
43620   31849
43630   31849
43640   31849
43650   31849
43660   31849
43670   31849
43680   31849
43690   31849
43700   31849
43710   31849
43720   31849
43730   31849
43740   31849
43750   31849
43760   31849
43770   31849
43780   31849
43790   31849
43800   31849
43810   31849
43820   31849
43830   31849
43840   31849
43850   31849
43860   31849
43870   31849
43880   31849
43890   31849
43900   31849
43910   31849
43920   31849
43930   31849
43940   31849
43950   31849
43960   31849
43970   31849
43980   31849
43990   31849
44000   31849
44010   31849
44020   31849
44030   31849
44040   31849
44050   31849
44060   31849
44070   31849
44080   31849
44090   31849
44100   31849
44110   31849
44120   31849
44130   31849
44140   31849
44150   31849
44160   31849
44170   31849
44180   31849
44190   31849
44200   31849
44210   31849
44220   31849
44230   31849
44240   31849
44250   31849
44260   31849
44270   31849
44280   31849
44290   31849
44300   31849
44310   31849
44320   31849
44330   31849
44340   31849
44350   31849
44360   31849
44370   31849
44380   31849
44390   31849
44400   31849
44410   31849
44420   31849
44430   31849
44440   31849
44450   31849
44460   31849
44470   31849
44480   31849
44490   31849
44500   31849
44510   31849
44520   31849
44530   31849
44540   31849
44550   31849
44560   31849
44570   31849
44580   31849
44590   31849
44600   31849
44610   31849
44620   31849
44630   31849
44640   31849
44650   31849
44660   31849
44670   31849
44680   31849
44690   31849
44700   31849
44710   31849
44720   31849
44730   31849
44740   31849
44750   31849
44760   31849
44770   31849
44780   31849
44790   31849
44800   31849
44810   31849
44820   31849
44830   31849
44840   31849
44850   31849
44860   31849
44870   31849
44880   31849
44890   31849
44900   31849
44910   31849
44920   31849
44930   31849
44940   31849
44950   31849
44960   31849
44970   31849
44980   31849
44990   31849
45000   31849
45010   31849
45020   31849
45030   31849
45040   31849
45050   31849
45060   31849
45070   31849
45080   31849
45090   31849
45100   31849
45110   31849
45120   31849
45130   31849
45140   31849
45150   31849
45160   31849
45170   31849
45180   31849
45190   31849
45200   31849
45210   31849
45220   31849
45230   31849
45240   31849
45250   31849
45260   31849
45270   31849
45280   31849
45290   31849
45300   31849
45310   31849
45320   31849
45330   31849
45340   31849
45350   31849
45360   31849
45370   31849
45380   31849
45390   31849
45400   31849
45410   31849
45420   31849
45430   31849
45440   31849
45450   31849
45460   31849
45470   31849
45480   31849
45490   31849
45500   31849
45510   31849
45520   31849
45530   31849
45540   31849
45550   31849
45560   31849
45570   31849
45580   31849
45590   31849
45600   31849
45610   31849
45620   31849
45630   31849
45640   31849
45650   31849
45660   31849
45670   31849
45680   31849
45690   31849
45700   31849
45710   31849
45720   31849
45730   31849
45740   31849
45750   31849
45760   31849
45770   31849
45780   31849
45790   31849
45800   31849
45810   31849
45820   31849
45830   31849
45840   31849
45850   31849
45860   31849
45870   31849
45880   31849
45890   31849
45900   31849
45910   31849
45920   31849
45930   31849
45940   31849
45950   31849
45960   31849
45970   31849
45980   31849
45990   31849
46000   31849
46010   31849
46020   31849
46030   31849
46040   31849
46050   31849
46060   31849
46070   31849
46080   31849
46090   31849
46100   31849
46110   31849
46120   31849
46130   31849
46140   31849
46150   31849
46160   31849
46170   31849
46180   31849
46190   31849
46200   31849
46210   31849
46220   31849
46230   31849
46240   31849
46250   31849
46260   31849
46270   31849
46280   31849
46290   31849
46300   31849
46310   31849
46320   31849
46330   31849
46340   31849
46350   31849
46360   31849
46370   31849
46380   31849
46390   31849
46400   31849
46410   31849
46420   31849
46430   31849
46440   31849
46450   31849
46460   31849
46470   31849
46480   31849
46490   31849
46500   31849
46510   31849
46520   31849
46530   31849
46540   31849
46550   31849
46560   31849
46570   31849
46580   31849
46590   31849
46600   31849
46610   31849
46620   31849
46630   31849
46640   31849
46650   31849
46660   31849
46670   31849
46680   31849
46690   31849
46700   31849
46710   31849
46720   31849
46730   31849
46740   31849
46750   31849
46760   31849
46770   31849
46780   31849
46790   31849
46800   31849
46810   31849
46820   31849
46830   31849
46840   31849
46850   31849
46860   31849
46870   31849
46880   31849
46890   31849
46900   31849
46910   31849
46920   31849
46930   31849
46940   31849
46950   31849
46960   31849
46970   31849
46980   31849
46990   31849
47000   31849
47010   31849
47020   31849
47030   31849
47040   31849
47050   31849
47060   31849
47070   31849
47080   31849
47090   31849
47100   31849
47110   31849
47120   31849
47130   31849
47140   31849
47150   31849
47160   31849
47170   31849
47180   31849
47190   31849
47200   31849
47210   31849
47220   31849
47230   31849
47240   31849
47250   31849
47260   31849
47270   31849
47280   31849
47290   31849
47300   31849
47310   31849
47320   31849
47330   31849
47340   31849
47350   31849
47360   31849
47370   31849
47380   31849
47390   31849
47400   31849
47410   31849
47420   31849
47430   31849
47440   31849
47450   31849
47460   31849
47470   31849
47480   31849
47490   31849
47500   31849
47510   31849
47520   31849
47530   31849
47540   31849
47550   31849
47560   31849
47570   31849
47580   31849
47590   31849
47600   31849
47610   31849
47620   31849
47630   31849
47640   31849
47650   31849
47660   31849
47670   31849
47680   31849
47690   31849
47700   31849
47710   31849
47720   31849
47730   31849
47740   31849
47750   31849
47760   31849
47770   31849
47780   31849
47790   31849
47800   31849
47810   31849
47820   31849
47830   31849
47840   31849
47850   31849
47860   31849
47870   31849
47880   31849
47890   31849
47900   31849
47910   31849
47920   31849
47930   31849
47940   31849
47950   31849
47960   31849
47970   31849
47980   31849
47990   31849
48000   31849
48010   31849
48020   31849
48030   31849
48040   31849
48050   31849
48060   31849
48070   31849
48080   31849
48090   31849
48100   31849
48110   31849
48120   31849
48130   31849
48140   31849
48150   31849
48160   31849
48170   31849
48180   31849
48190   31849
48200   31849
48210   31849
48220   31849
48230   31849
48240   31849
48250   31849
48260   31849
48270   31849
48280   31849
48290   31849
48300   31849
48310   31849
48320   31849
48330   31849
48340   31849
48350   31849
48360   31849
48370   31849
48380   31849
48390   31849
48400   31849
48410   31849
48420   31849
48430   31849
48440   31849
48450   31849
48460   31849
48470   31849
48480   31849
48490   31849
48500   31849
48510   31849
48520   31849
48530   31849
48540   31849
48550   31849
48560   31849
48570   31849
48580   31849
48590   31849
48600   31849
48610   31849
48620   31849
48630   31849
48640   31849
48650   31849
48660   31849
48670   31849
48680   31849
48690   31849
48700   31849
48710   31849
48720   31849
48730   31849
48740   31849
48750   31849
48760   31849
48770   31849
48780   31849
48790   31849
48800   31849
48810   31849
48820   31849
48830   31849
48840   31849
48850   31849
48860   31849
48870   31849
48880   31849
48890   31849
48900   31849
48910   31849
48920   31849
48930   31849
48940   31849
48950   31849
48960   31849
48970   31849
48980   31849
48990   31849
49000   31849
49010   31849
49020   31849
49030   31849
49040   31849
49050   31849
49060   31849
49070   31849
49080   31849
49090   31849
49100   31849
49110   31849
49120   31849
49130   31849
49140   31849
49150   31849
49160   31849
49170   31849
49180   31849
49190   31849
49200   31849
49210   31849
49220   31849
49230   31849
49240   31849
49250   31849
49260   31849
49270   31849
49280   31849
49290   31849
49300   31849
49310   31849
49320   31849
49330   31849
49340   31849
49350   31849
49360   31849
49370   31849
49380   31849
49390   31849
49400   31849
49410   31849
49420   31849
49430   31849
49440   31849
49450   31849
49460   31849
49470   31849
49480   31849
49490   31849
49500   31849
49510   31849
49520   31849
49530   31849
49540   31849
49550   31849
49560   31849
49570   31849
49580   31849
49590   31849
49600   31849
49610   31849
49620   31849
49630   31849
49640   31849
49650   31849
49660   31849
49670   31849
49680   31849
49690   31849
49700   31849
49710   31849
49720   31849
49730   31849
49740   31849
49750   31849
49760   31849
49770   31849
49780   31849
49790   31849
49800   31849
49810   31849
49820   31849
49830   31849
49840   31849
49850   31849
49860   31849
49870   31849
49880   31849
49890   31849
49900   31849
49910   31849
49920   31849
49930   31849
49940   31849
49950   31849
49960   31849
49970   31849
49980   31849
49990   31849
50000   31849
50010   31849
50020   31849
50030   31849
50040   31849
50050   31849
50060   31849
50070   31849
50080   31849
50090   31849
50100   31849
50110   31849
50120   31849
50130   31849
50140   31849
50150   31849
50160   31849
50170   31849
50180   31849
50190   31849
50200   31849
50210   31849
50220   31849
50230   31849
50240   31849
50250   31849
50260   31849
50270   31849
50280   31849
50290   31849
50300   31849
50310   31849
50320   31849
50330   31849
50340   31849
50350   31849
50360   31849
50370   31849
50380   31849
50390   31849
50400   31849
50410   31849
50420   31849
50430   31849
50440   31849
50450   31849
50460   31849
50470   31849
50480   31849
50490   31849
50500   31849
50510   31849
50520   31849
50530   31849
50540   31849
50550   31849
50560   31849
50570   31849
50580   31849
50590   31849
50600   31849
50610   31849
50620   31849
50630   31849
50640   31849
50650   31849
50660   31849
50670   31849
50680   31849
50690   31849
50700   31849
50710   31849
