10   4008
20   4008
30   3904
40   3904
50   3904
60   3904
70   3904
80   3712
90   3384
100   3384
110   3384
120   3384
130   3384
140   3384
150   3384
160   3384
170   3384
180   3384
190   3384
200   3384
210   3384
220   3384
230   3384
240   3384
250   3384
260   3384
270   3384
280   3384
290   3384
300   3384
310   3384
320   3384
330   3384
340   3384
350   3384
360   3384
370   3384
380   3384
390   3384
400   3384
410   3384
420   3384
430   3384
440   3384
450   3384
460   3384
470   3384
480   3384
490   3384
500   3384
510   3384
520   3384
530   3384
540   3384
550   3384
560   3384
570   3384
580   3384
590   3384
600   3384
610   3384
620   3384
630   3384
640   3384
650   3384
660   3384
670   3384
680   3384
690   3384
700   3384
710   3384
720   3384
730   3384
740   3384
750   3384
760   3384
770   3384
780   3384
790   3384
800   3384
810   3384
820   3384
830   3384
840   3384
850   3384
860   3384
870   3384
880   3384
890   3384
900   3384
910   3384
920   3384
930   3384
940   3384
950   3384
960   3384
970   3384
980   3384
990   3384
1000   3384
1010   3384
1020   3384
1030   3384
1040   3384
1050   3384
1060   3384
1070   3384
1080   3384
1090   3384
1100   3384
1110   3384
1120   3384
1130   3384
1140   3384
1150   3384
1160   3384
1170   3384
1180   3384
1190   3384
1200   3384
1210   3384
1220   3384
1230   3384
1240   3384
1250   3384
1260   3384
1270   3384
1280   3384
1290   3384
1300   3384
1310   3384
1320   3384
1330   3384
1340   3384
1350   3384
1360   3384
1370   3384
1380   3384
1390   3384
1400   3384
1410   3384
1420   3384
1430   3384
1440   3384
1450   3384
1460   3384
1470   3384
1480   3384
1490   3384
1500   3384
1510   3384
1520   3384
1530   3384
1540   3384
1550   3384
1560   3384
1570   3384
1580   3384
1590   3384
1600   3384
1610   3384
1620   3384
1630   3384
1640   3384
1650   3384
1660   3384
1670   3384
1680   3384
1690   3384
1700   3384
1710   3384
1720   3384
1730   3384
1740   3384
1750   3384
1760   3384
1770   3384
1780   3384
1790   3384
1800   3384
1810   3384
1820   3384
1830   3384
1840   3384
1850   3384
1860   3384
1870   3384
1880   3384
1890   3384
1900   3384
1910   3384
1920   3384
1930   3384
1940   3384
1950   3384
1960   3384
1970   3384
1980   3384
1990   3384
2000   3384
2010   3384
2020   3384
2030   3384
2040   3384
2050   3384
2060   3384
2070   3384
2080   3384
2090   3384
2100   3384
2110   3384
2120   3384
2130   3384
2140   3384
2150   3384
2160   3384
2170   3384
2180   3384
2190   3384
2200   3384
2210   3384
2220   3384
2230   3384
2240   3384
2250   3384
2260   3384
2270   3384
2280   3384
2290   3384
2300   3384
2310   3384
2320   3384
2330   3384
2340   3384
2350   3384
2360   3384
2370   3384
2380   3384
2390   3384
2400   3384
2410   3384
2420   3384
2430   3384
2440   3384
2450   3384
2460   3384
2470   3384
2480   3384
2490   3384
2500   3384
2510   3384
2520   3384
2530   3384
2540   3384
2550   3384
2560   3384
2570   3384
2580   3384
2590   3384
2600   3384
2610   3384
2620   3384
2630   3384
2640   3384
2650   3384
2660   3384
2670   3384
2680   3384
2690   3384
2700   3384
2710   3384
2720   3384
2730   3384
2740   3384
2750   3384
2760   3384
2770   3384
2780   3384
2790   3384
2800   3384
2810   3384
2820   3384
2830   3384
2840   3384
2850   3384
2860   3384
2870   3384
2880   3384
2890   3384
2900   3384
2910   3384
2920   3384
2930   3384
2940   3384
2950   3384
2960   3384
2970   3384
2980   3384
2990   3384
3000   3384
3010   3384
3020   3384
3030   3384
3040   3384
3050   3384
3060   3384
