10   3716
20   3716
30   3716
40   3716
50   3716
60   3716
70   3716
80   3716
90   3716
100   3716
110   3716
120   3716
130   3716
140   3716
150   3716
160   3716
170   3716
180   3716
190   3716
200   3716
210   3716
220   3716
230   3716
240   3716
250   3716
260   3716
270   3716
280   3636
290   3636
300   3636
310   3636
320   3636
330   3636
340   3636
350   3636
360   3636
370   3636
380   3636
390   3636
400   3636
410   3636
420   3636
430   3636
440   3636
450   3636
460   3636
470   3636
480   3636
490   3636
500   3636
510   3636
520   3636
530   3636
540   3636
550   3636
560   3636
570   3636
580   3636
590   3636
600   3636
610   3636
620   3636
630   3636
640   3636
650   3636
660   3636
670   3636
680   3636
690   3636
700   3636
710   3636
720   3636
730   3636
740   3636
750   3636
760   3636
770   3636
780   3636
790   3636
800   3636
810   3636
820   3636
830   3636
840   3636
850   3636
860   3636
870   3636
880   3636
890   3636
900   3636
910   3636
920   3636
930   3636
940   3636
950   3636
960   3616
970   3616
980   3616
990   3616
1000   3616
1010   3616
1020   3616
1030   3616
1040   3616
1050   3616
1060   3616
1070   3530
1080   3530
1090   3530
1100   3530
1110   3530
1120   3530
1130   3530
1140   3530
1150   3530
1160   3530
1170   3530
1180   3530
1190   3530
1200   3530
1210   3530
1220   3530
1230   3530
1240   3530
1250   3530
1260   3530
1270   3530
1280   3530
1290   3530
1300   3530
1310   3530
1320   3530
1330   3530
1340   3530
1350   3530
1360   3530
1370   3530
1380   3530
1390   3530
1400   3530
1410   3530
1420   3530
1430   3530
1440   3530
1450   3530
1460   3530
1470   3530
1480   3530
1490   3530
1500   3530
1510   3530
1520   3530
1530   3530
1540   3530
1550   3530
1560   3530
1570   3530
1580   3530
1590   3530
1600   3530
1610   3530
1620   3530
1630   3530
1640   3530
1650   3530
1660   3530
1670   3530
1680   3530
1690   3530
1700   3530
1710   3530
1720   3530
1730   3530
1740   3530
1750   3530
1760   3530
1770   3530
1780   3530
1790   3530
1800   3530
1810   3530
1820   3530
1830   3530
1840   3530
1850   3530
1860   3530
1870   3530
1880   3530
1890   3530
1900   3530
1910   3530
1920   3530
1930   3530
1940   3530
1950   3530
1960   3530
1970   3530
1980   3530
1990   3530
2000   3530
2010   3530
2020   3530
2030   3530
2040   3530
2050   3530
2060   3530
2070   3530
2080   3530
2090   3530
2100   3530
2110   3530
2120   3530
2130   3530
2140   3444
2150   3444
2160   3444
2170   3444
2180   3444
2190   3444
2200   3444
2210   3444
2220   3444
2230   3444
2240   3444
2250   3444
2260   3444
2270   3444
2280   3444
2290   3444
2300   3444
2310   3444
2320   3444
2330   3444
2340   3444
2350   3444
2360   3444
2370   3444
2380   3444
2390   3444
2400   3444
2410   3444
2420   3444
2430   3444
2440   3444
2450   3444
2460   3444
2470   3444
2480   3444
2490   3444
2500   3444
2510   3444
2520   3444
2530   3444
2540   3444
2550   3444
2560   3444
2570   3444
2580   3444
2590   3444
2600   3444
2610   3444
2620   3444
2630   3328
2640   3328
2650   3328
2660   3328
2670   3328
2680   3328
2690   3328
2700   3328
2710   3328
2720   3328
2730   3328
2740   3328
2750   3328
2760   3328
2770   3328
2780   3328
2790   3328
2800   3328
2810   3328
2820   3328
2830   3328
2840   3328
2850   3328
2860   3328
2870   3328
2880   3328
2890   3328
2900   3328
2910   3328
2920   3328
2930   3328
2940   3328
2950   3328
2960   3328
2970   3328
2980   3328
2990   3328
3000   3328
3010   3328
3020   3328
3030   3328
3040   3328
3050   3328
3060   3328
3070   3328
3080   3328
3090   3328
3100   3328
3110   3328
3120   3328
3130   3328
3140   3328
3150   3328
3160   3328
3170   3328
3180   3328
3190   3328
3200   3328
3210   3328
3220   3328
3230   3328
3240   3328
3250   3328
3260   3328
3270   3328
3280   3328
3290   3328
3300   3328
3310   3328
3320   3328
3330   3328
3340   3328
3350   3328
3360   3328
3370   3328
3380   3328
3390   3328
3400   3328
3410   3328
3420   3328
3430   3328
3440   3328
3450   3328
3460   3328
3470   3328
3480   3328
3490   3328
3500   3328
3510   3328
3520   3328
3530   3328
3540   3328
3550   3328
3560   3328
3570   3328
3580   3328
3590   3328
3600   3328
3610   3328
3620   3328
3630   3328
3640   3328
3650   3328
3660   3328
3670   3328
3680   3328
3690   3328
3700   3328
3710   3328
3720   3328
3730   3328
3740   3328
3750   3328
3760   3328
3770   3328
3780   3328
3790   3328
