10   4570
20   4496
30   4020
40   4020
50   4020
60   4020
70   3812
80   3812
90   3812
100   3728
110   3728
120   3728
130   3728
140   3728
150   3728
160   3728
170   3728
180   3728
190   3728
200   3728
210   3728
220   3728
230   3728
240   3728
250   3728
260   3728
270   3728
280   3728
290   3728
300   3728
310   3580
320   3580
330   3580
340   3580
350   3580
360   3580
370   3580
380   3580
390   3580
400   3580
410   3580
420   3580
430   3580
440   3580
450   3580
460   3580
470   3580
480   3580
490   3580
500   3580
510   3580
520   3580
530   3580
540   3580
550   3580
560   3580
570   3580
580   3580
590   3580
600   3580
610   3580
620   3580
630   3580
640   3580
650   3580
660   3580
670   3580
680   3580
690   3580
700   3580
710   3580
720   3580
730   3580
740   3580
750   3580
760   3580
770   3580
780   3580
790   3580
800   3580
810   3580
820   3580
830   3580
840   3580
850   3580
860   3580
870   3580
880   3580
890   3580
900   3580
910   3580
920   3580
930   3580
940   3580
950   3580
960   3580
970   3580
980   3580
990   3580
1000   3580
1010   3580
1020   3580
1030   3580
1040   3580
1050   3580
1060   3580
1070   3580
1080   3580
1090   3580
1100   3580
1110   3580
1120   3580
1130   3568
1140   3568
1150   3568
1160   3568
1170   3568
1180   3568
1190   3568
1200   3568
1210   3568
1220   3568
1230   3568
1240   3568
1250   3568
1260   3568
1270   3568
1280   3568
1290   3568
1300   3568
1310   3568
1320   3568
1330   3568
1340   3568
1350   3568
1360   3568
1370   3568
1380   3568
1390   3568
1400   3568
1410   3568
1420   3568
1430   3568
1440   3568
1450   3568
1460   3568
1470   3568
1480   3568
1490   3568
1500   3568
1510   3568
1520   3568
1530   3568
1540   3568
1550   3568
1560   3548
1570   3548
1580   3548
1590   3548
1600   3548
1610   3548
1620   3548
1630   3548
1640   3548
1650   3548
1660   3548
1670   3548
1680   3548
1690   3548
1700   3548
1710   3548
1720   3548
1730   3548
1740   3548
1750   3548
1760   3548
1770   3548
1780   3548
1790   3548
1800   3460
1810   3460
1820   3460
1830   3460
1840   3460
1850   3460
1860   3460
1870   3460
1880   3460
1890   3460
1900   3460
1910   3460
1920   3460
1930   3396
1940   3396
1950   3396
1960   3396
1970   3396
1980   3396
1990   3396
2000   3396
2010   3396
2020   3396
2030   3396
2040   3396
2050   3396
2060   3396
2070   3396
2080   3396
2090   3396
2100   3396
2110   3396
2120   3396
2130   3396
2140   3396
2150   3396
2160   3396
2170   3396
2180   3396
2190   3396
2200   3396
2210   3396
2220   3396
2230   3396
2240   3396
2250   3396
2260   3396
2270   3396
2280   3396
2290   3396
2300   3396
2310   3396
2320   3396
2330   3396
2340   3396
2350   3396
2360   3396
2370   3396
2380   3396
2390   3396
2400   3396
2410   3396
2420   3396
2430   3396
2440   3396
2450   3396
2460   3396
2470   3396
2480   3396
2490   3396
2500   3396
2510   3396
2520   3396
2530   3396
2540   3396
2550   3396
2560   3396
2570   3396
2580   3396
2590   3396
2600   3396
2610   3396
2620   3396
2630   3396
2640   3396
2650   3396
2660   3396
2670   3396
2680   3396
2690   3396
2700   3396
2710   3396
2720   3396
2730   3396
2740   3396
2750   3396
2760   3396
2770   3396
2780   3396
2790   3396
2800   3396
2810   3396
2820   3396
2830   3396
2840   3396
2850   3396
2860   3396
2870   3396
2880   3396
2890   3396
2900   3396
2910   3396
2920   3396
2930   3396
2940   3396
2950   3396
2960   3396
2970   3396
2980   3396
2990   3396
3000   3396
3010   3396
3020   3396
3030   3396
3040   3396
3050   3396
3060   3396
3070   3396
3080   3396
3090   3396
3100   3396
3110   3396
3120   3396
3130   3396
3140   3396
3150   3396
3160   3396
3170   3396
3180   3396
3190   3396
3200   3396
3210   3396
3220   3396
3230   3396
3240   3396
3250   3396
3260   3396
3270   3396
3280   3396
3290   3396
3300   3396
3310   3396
3320   3396
3330   3396
3340   3396
3350   3396
3360   3396
3370   3396
3380   3396
3390   3396
3400   3396
3410   3396
3420   3396
3430   3396
3440   3396
3450   3396
3460   3396
3470   3396
3480   3396
3490   3396
3500   3396
3510   3396
3520   3396
3530   3396
3540   3396
3550   3396
3560   3396
3570   3396
3580   3396
3590   3396
3600   3396
3610   3396
3620   3396
3630   3396
3640   3396
3650   3396
3660   3396
3670   3396
3680   3396
3690   3396
3700   3396
3710   3396
3720   3396
3730   3396
3740   3396
3750   3396
3760   3396
3770   3396
3780   3396
3790   3396
3800   3396
