10   4152
20   4152
30   3904
40   3840
50   3816
60   3816
70   3816
80   3816
90   3816
100   3816
110   3816
120   3816
130   3816
140   3816
150   3816
160   3816
170   3816
180   3816
190   3816
200   3816
210   3816
220   3816
230   3816
240   3816
250   3816
260   3816
270   3816
280   3816
290   3816
300   3816
310   3816
320   3816
330   3744
340   3336
350   3336
360   3336
370   3336
380   3336
390   3336
400   3336
410   3336
420   3336
430   3336
440   3336
450   3336
460   3336
470   3336
480   3336
490   3336
500   3336
510   3336
520   3336
530   3336
540   3336
550   3336
560   3336
570   3336
580   3336
590   3336
600   3336
610   3336
620   3336
630   3336
640   3336
650   3336
660   3336
670   3336
680   3336
690   3336
700   3336
710   3336
720   3336
730   3336
740   3336
750   3336
760   3336
770   3336
780   3336
790   3264
800   3264
810   3264
820   3264
830   3264
840   3264
850   3264
860   3264
870   3264
880   3264
890   3264
900   3264
910   3264
920   3264
930   3264
940   3264
950   3264
960   3264
970   3264
980   3264
990   3264
1000   3264
1010   3264
1020   3264
1030   3264
1040   3264
1050   3264
1060   3264
1070   3264
1080   3264
1090   3264
1100   3264
1110   3264
1120   3264
1130   3264
1140   3264
1150   3264
1160   3264
1170   3264
1180   3264
1190   3264
1200   3264
1210   3264
1220   3264
1230   3264
1240   3264
1250   3264
1260   3264
1270   3264
1280   3264
1290   3264
1300   3264
1310   3264
1320   3264
1330   3264
1340   3264
1350   3264
1360   3264
1370   3264
1380   3264
1390   3264
1400   3264
1410   3264
1420   3264
1430   3264
1440   3264
1450   3264
1460   3264
1470   3264
1480   3264
1490   3264
1500   3264
1510   3264
1520   3264
1530   3264
1540   3264
1550   3264
1560   3264
1570   3264
1580   3264
1590   3264
1600   3264
1610   3264
1620   3264
1630   3264
1640   3264
1650   3264
1660   3264
1670   3264
1680   3264
1690   3264
1700   3264
1710   3264
1720   3264
1730   3264
1740   3264
1750   3264
1760   3264
1770   3264
1780   3264
1790   3264
1800   3264
1810   3264
1820   3264
1830   3264
1840   3264
1850   3264
1860   3264
1870   3264
1880   3264
1890   3264
1900   3264
1910   3264
1920   3264
1930   3264
1940   3264
1950   3264
1960   3264
1970   3264
1980   3264
1990   3264
2000   3264
2010   3264
2020   3264
2030   3264
2040   3264
2050   3264
2060   3264
2070   3264
2080   3264
2090   3264
2100   3264
2110   3264
2120   3264
2130   3264
2140   3264
2150   3264
2160   3264
2170   3264
2180   3264
2190   3264
2200   3264
2210   3264
2220   3264
2230   3264
2240   3264
2250   3264
2260   3264
2270   3264
2280   3264
2290   3264
2300   3264
2310   3264
2320   3264
2330   3264
2340   3264
2350   3264
2360   3264
2370   3264
2380   3264
2390   3264
2400   3264
2410   3264
2420   3264
2430   3264
2440   3264
2450   3264
2460   3264
2470   3264
2480   3264
2490   3264
2500   3264
2510   3264
2520   3264
2530   3264
2540   3264
2550   3264
2560   3264
2570   3264
2580   3264
2590   3264
2600   3264
2610   3264
2620   3264
2630   3264
2640   3264
2650   3264
2660   3264
2670   3264
2680   3264
2690   3264
2700   3264
2710   3264
2720   3264
2730   3264
2740   3264
2750   3264
2760   3264
2770   3264
2780   3264
2790   3264
2800   3264
2810   3264
2820   3264
2830   3264
2840   3264
2850   3264
2860   3264
2870   3264
2880   3264
2890   3264
2900   3264
2910   3264
2920   3264
2930   3264
2940   3264
2950   3264
2960   3264
2970   3264
2980   3264
2990   3264
3000   3264
3010   3264
3020   3264
3030   3264
3040   3264
3050   3264
3060   3264
3070   3264
3080   3264
3090   3264
3100   3264
3110   3264
3120   3264
