10   41136
20   38968
30   38968
40   38968
50   38968
60   38968
70   38968
80   38912
90   37424
100   37424
110   37424
120   37424
130   37424
140   36952
150   36952
160   36952
170   36952
180   36952
190   35336
200   35336
210   35336
220   35336
230   35336
240   35336
250   35336
260   35336
270   35336
280   35336
290   35336
300   35336
310   35336
320   35336
330   35336
340   35336
350   35336
360   34688
370   34688
380   34688
390   34688
400   34688
410   34688
420   34688
430   34688
440   34688
450   34688
460   34112
470   34112
480   34112
490   34112
500   34112
510   34112
520   34112
530   34112
540   34112
550   34112
560   34112
570   34112
580   34112
590   34112
600   32824
610   32824
620   32824
630   32824
640   32824
650   32824
660   32824
670   32824
680   32824
690   32824
700   32824
710   32824
720   32824
730   32824
740   32824
750   32824
760   32824
770   32824
780   32824
790   32824
800   32824
810   32824
820   32824
830   32824
840   32824
850   32824
860   32824
870   32824
880   32824
890   32824
900   32824
910   32824
920   32824
930   32824
940   32824
950   32824
960   32824
970   32824
980   32824
990   32824
1000   32824
1010   32824
1020   32824
1030   32824
1040   32824
1050   32824
1060   32824
1070   32824
1080   32824
1090   32824
1100   32824
1110   32824
1120   32824
1130   32824
1140   32824
1150   32824
1160   32824
1170   32824
1180   32824
1190   32824
1200   32824
1210   32824
1220   32824
1230   32824
1240   32824
1250   32824
1260   32824
1270   32824
1280   32824
1290   32824
1300   32824
1310   32824
1320   32824
1330   32824
1340   32824
1350   32824
1360   32824
1370   32824
1380   32824
1390   32824
1400   32824
1410   32824
1420   32824
1430   32824
1440   32824
1450   32824
1460   32824
1470   32824
1480   32824
1490   32824
1500   32824
1510   32824
1520   32824
1530   32824
1540   32824
1550   32824
1560   32824
1570   32824
1580   32824
1590   32824
1600   32824
1610   32824
1620   32824
1630   32824
1640   32824
1650   32824
1660   32824
1670   32824
1680   32824
1690   32824
1700   32824
1710   32824
1720   32824
1730   32824
1740   32824
1750   32824
1760   32824
1770   32824
1780   32824
1790   32824
1800   32824
1810   32824
1820   32824
1830   32824
1840   32824
1850   32824
1860   32824
1870   32824
1880   32824
1890   32824
1900   32824
1910   32824
1920   32824
1930   32824
1940   32824
1950   32824
1960   32824
1970   32824
1980   32824
1990   32824
2000   32824
2010   32824
2020   32824
2030   32824
2040   32824
2050   32824
2060   32824
2070   32824
2080   32824
2090   32824
2100   32824
2110   32824
2120   32824
2130   32824
2140   32824
2150   32824
2160   32824
2170   32824
2180   32824
2190   32824
2200   32824
2210   32824
2220   32824
2230   32824
2240   32824
2250   32824
2260   32824
2270   32824
2280   32824
2290   32824
2300   32824
2310   32824
2320   32824
2330   32824
2340   32824
2350   32824
2360   32824
2370   32824
2380   32824
2390   32824
2400   32824
2410   32824
2420   32824
2430   32824
2440   32824
2450   32824
2460   32824
2470   32824
2480   32824
2490   32824
2500   32824
2510   32824
2520   32824
2530   32824
2540   32824
2550   32824
2560   32824
2570   32824
2580   32824
2590   32824
2600   32824
2610   32824
2620   32824
2630   32824
2640   32824
2650   32824
2660   32824
2670   32824
2680   32824
2690   32824
2700   32824
2710   32824
2720   32824
2730   32824
2740   32824
2750   32824
2760   32824
2770   32824
2780   32824
2790   32824
2800   32824
2810   32824
2820   32824
2830   32824
2840   32824
2850   32824
2860   32824
2870   32824
2880   32824
2890   32824
2900   32824
2910   32824
2920   32824
2930   32824
2940   32824
2950   32824
2960   32824
2970   32824
2980   32824
2990   32824
3000   32824
3010   32824
3020   32824
3030   32824
3040   32824
3050   32824
3060   32824
3070   32824
3080   32824
3090   32824
3100   32824
3110   32824
3120   32824
3130   32824
3140   32824
3150   32824
3160   32824
3170   32824
3180   32824
3190   32824
3200   32824
3210   32824
3220   32824
3230   32824
3240   32824
3250   32824
3260   32824
3270   32824
3280   32824
3290   32824
3300   32824
3310   32824
3320   32824
3330   32824
3340   32824
3350   32824
3360   32824
3370   32824
3380   32824
3390   32824
3400   32824
3410   32824
3420   32824
3430   32824
3440   32824
3450   32824
3460   32824
3470   32824
3480   32824
3490   32824
3500   32824
3510   32824
3520   32824
3530   32824
3540   32824
3550   32824
3560   32824
3570   32824
3580   32824
3590   32824
3600   32824
3610   32824
3620   32824
3630   32824
3640   32824
3650   32824
3660   32824
3670   32824
3680   32824
3690   32824
3700   32824
3710   32824
3720   32824
3730   32824
3740   32824
3750   32824
3760   32824
3770   32824
3780   32824
3790   32824
3800   32824
3810   32824
3820   32824
3830   32824
3840   32824
3850   32824
3860   32824
