10   47660
20   44172
30   42308
40   41296
50   39784
60   39784
70   39784
80   39784
90   39784
100   39784
110   39784
120   39580
130   39580
140   38684
150   38684
160   38684
170   38684
180   38684
190   37676
200   37676
210   37676
220   37676
230   37676
240   37676
250   37676
260   37392
270   37392
280   37392
290   37392
300   37392
310   37392
320   37392
330   37392
340   37392
350   37392
360   37392
370   37392
380   37392
390   37392
400   37392
410   37392
420   37392
430   37392
440   37392
450   37392
460   36940
470   36940
480   36940
490   36940
500   36940
510   36940
520   36940
530   36940
540   36940
550   36940
560   36940
570   36940
580   36940
590   36248
600   36248
610   36248
620   36248
630   36248
640   36248
650   36248
660   36248
670   36248
680   36248
690   36248
700   36248
710   36248
720   36248
730   36248
740   36248
750   36248
760   36248
770   36248
780   36248
790   36248
800   36248
810   36248
820   36248
830   36248
840   36248
850   35688
860   35688
870   35688
880   35688
890   35688
900   35688
910   35688
920   35688
930   35688
940   35688
950   35688
960   35688
970   35688
980   35688
990   35688
1000   35688
1010   35688
1020   35688
1030   35688
1040   35688
1050   35688
1060   35688
1070   35688
1080   35688
1090   35688
1100   35688
1110   35688
1120   35688
1130   35688
1140   35688
1150   35688
1160   35688
1170   35688
1180   35688
1190   35688
1200   35688
1210   35688
1220   35688
1230   35688
1240   35688
1250   35688
1260   35688
1270   35688
1280   35688
1290   35688
1300   35688
1310   35688
1320   35688
1330   35688
1340   35688
1350   35688
1360   35688
1370   35688
1380   35688
1390   35688
1400   35688
1410   35688
1420   35688
1430   35688
1440   35688
1450   35688
1460   35688
1470   35688
1480   35688
1490   35688
1500   35688
1510   35688
1520   35688
1530   35688
1540   35688
1550   35688
1560   35688
1570   35688
1580   35688
1590   35688
1600   35688
1610   35688
1620   35688
1630   35688
1640   35688
1650   35688
1660   35688
1670   35688
1680   35688
1690   35688
1700   35688
1710   35688
1720   35688
1730   35688
1740   35688
1750   35688
1760   35688
1770   35688
1780   35688
1790   35688
1800   35688
1810   35688
1820   35688
1830   35688
1840   35688
1850   35688
1860   35688
1870   35688
1880   35688
1890   35688
1900   35688
1910   35688
1920   35688
1930   35688
1940   35688
1950   35688
1960   35688
1970   35688
1980   35688
1990   35688
2000   35688
2010   35688
2020   35688
2030   35688
2040   35688
2050   35688
2060   35688
2070   35688
2080   35688
2090   35688
2100   35688
2110   35688
2120   35688
2130   35688
2140   35688
2150   35688
2160   35688
2170   35688
2180   35688
2190   35688
2200   35688
2210   35688
2220   35688
2230   35688
2240   35688
2250   35688
2260   35688
2270   35688
2280   35688
2290   35688
2300   35688
2310   35688
2320   35688
2330   35688
2340   35688
2350   35688
2360   35688
2370   35688
2380   35688
2390   35688
2400   35688
2410   35688
2420   35688
2430   35688
2440   35688
2450   35688
2460   35688
2470   35688
2480   35688
2490   35688
2500   35688
2510   35688
2520   35688
2530   35688
2540   35688
2550   35688
2560   35688
2570   35688
2580   35688
2590   35688
2600   35688
2610   35688
2620   35688
2630   35688
2640   35688
2650   35688
2660   35688
2670   35688
2680   35688
2690   35688
2700   35688
2710   35688
2720   35688
2730   35688
2740   35688
2750   35688
2760   35688
2770   35688
2780   35688
2790   35688
2800   35688
2810   35688
2820   35688
2830   35688
2840   35688
2850   35688
2860   35688
2870   35688
2880   35688
2890   35688
2900   35688
2910   35688
2920   35688
2930   35688
2940   35688
2950   35688
2960   35688
2970   35688
2980   35688
2990   35688
3000   35688
3010   35688
3020   35688
3030   35688
3040   35688
