10   72440
20   72440
30   72440
40   72440
50   72440
60   72440
70   72440
80   72440
90   67952
100   64248
110   64248
120   64248
130   64248
140   64248
150   64248
160   64248
170   64248
180   64248
190   64248
200   64248
210   64248
220   64248
230   64248
240   64248
250   64248
260   64248
270   64248
280   64248
290   64248
300   64248
310   64248
320   64248
330   64248
340   64248
350   64248
360   64248
370   64248
380   64248
390   64248
400   64248
410   64248
420   64248
430   64248
440   64248
450   64248
460   64248
470   64248
480   64248
490   64248
500   64248
510   64248
520   64248
530   64248
540   64248
550   64248
560   64248
570   64248
580   64248
590   64248
600   64248
610   64248
620   64248
630   64248
640   64248
650   64248
660   64248
670   64248
680   64248
690   64248
700   64248
710   64248
720   64248
730   64248
740   64248
750   64248
760   64248
770   64248
780   64248
790   64248
800   64248
810   64248
820   64248
830   64248
840   64248
850   64248
860   64248
870   64248
880   64248
890   64248
900   64248
910   64248
920   64248
930   64248
940   64248
950   64248
960   64248
970   64248
980   64248
990   64248
1000   64248
1010   64248
1020   64248
1030   64248
1040   64248
1050   64248
1060   64248
1070   64248
1080   64248
1090   64248
1100   64248
1110   64248
1120   64248
1130   64248
1140   64248
1150   64248
1160   64248
1170   64248
1180   64248
1190   64248
1200   64248
1210   64248
1220   64248
1230   64248
1240   64248
1250   64248
1260   64248
1270   64248
1280   64248
1290   64248
1300   64248
1310   64248
1320   64248
1330   64248
1340   64248
1350   64248
1360   64248
1370   64248
1380   64248
1390   64248
1400   64248
1410   64248
1420   64248
1430   64248
1440   64248
1450   64248
1460   64248
1470   64248
1480   64248
1490   64248
1500   64248
1510   64248
1520   64248
1530   64248
1540   64248
1550   64248
1560   64248
1570   64248
1580   64248
1590   64248
1600   64248
1610   64248
1620   64248
1630   64248
1640   64248
1650   64248
1660   64248
1670   64248
1680   64248
1690   64248
1700   64248
1710   64248
1720   64248
1730   64248
1740   64248
1750   64248
1760   64248
1770   64248
1780   64248
1790   64248
1800   64248
1810   64248
1820   64248
1830   64248
1840   64248
1850   64248
1860   64248
1870   64248
1880   64248
1890   64248
1900   64248
1910   64248
1920   64248
1930   64248
1940   64248
1950   64248
1960   64248
1970   64248
1980   64248
1990   64248
2000   64248
2010   64248
2020   64248
2030   64248
2040   64248
2050   64248
2060   64248
2070   64248
2080   64248
2090   64248
2100   64248
2110   64248
2120   64248
2130   64248
2140   64248
2150   64248
2160   64248
2170   64248
2180   64248
2190   64248
2200   64248
2210   64248
2220   64248
2230   64248
2240   64248
2250   64248
2260   64248
2270   64248
2280   64248
2290   64248
2300   64248
2310   64248
2320   64248
2330   64248
2340   64248
2350   64248
2360   64248
2370   64248
2380   64248
2390   64248
2400   64248
2410   64248
2420   64248
2430   64248
2440   64248
2450   64248
2460   64248
2470   64248
2480   64248
2490   64248
2500   64248
2510   64248
2520   64248
2530   64248
2540   64248
2550   64248
2560   64248
2570   64248
2580   64248
2590   64248
2600   64248
2610   64248
2620   64248
2630   64248
2640   64248
2650   64248
2660   64248
2670   64248
2680   64248
2690   64248
2700   64248
2710   64248
2720   64248
2730   64248
2740   64248
2750   64248
2760   64248
2770   64248
2780   64248
2790   64248
2800   64248
2810   64248
2820   64248
2830   64248
2840   63568
2850   63568
2860   63568
2870   63568
2880   63568
2890   63568
2900   63568
2910   63568
2920   63568
2930   63568
2940   63568
2950   63568
2960   63568
2970   63568
2980   63568
2990   63568
3000   63568
3010   63568
3020   63568
3030   63568
3040   63568
3050   63568
3060   63568
3070   63568
3080   63568
3090   63568
3100   63568
3110   63568
3120   63568
3130   63568
3140   63568
3150   63568
3160   63568
3170   63568
3180   63568
3190   63568
3200   63568
3210   63568
3220   63568
3230   63568
3240   63568
3250   63568
3260   63568
3270   63568
3280   63568
3290   63568
3300   63568
3310   63568
3320   63568
3330   63568
3340   63568
3350   63568
3360   63568
3370   63568
3380   63568
3390   63568
3400   63568
3410   63568
3420   63568
3430   63568
3440   63568
3450   63568
3460   63568
3470   63568
3480   63568
3490   63568
3500   63568
3510   63568
3520   63360
3530   63360
3540   63360
3550   63360
3560   63360
3570   63360
3580   63360
3590   63360
3600   63360
3610   63360
3620   63360
3630   63360
3640   63360
3650   63360
3660   63360
3670   63360
3680   63360
3690   63360
3700   63360
3710   63360
3720   63360
3730   63360
3740   63360
3750   63360
3760   63360
3770   63360
3780   63360
3790   63360
3800   63360
3810   63360
3820   63360
3830   63360
3840   63360
3850   63360
3860   63360
3870   63360
3880   63360
3890   63360
3900   63360
3910   63360
3920   63360
3930   63360
3940   63360
3950   63360
3960   63360
