10   10696
20   10248
30   10248
40   10040
50   10040
60   10040
70   10040
80   10040
90   10040
100   10040
110   10040
120   10040
130   10040
140   10040
150   10040
160   10040
170   10040
180   10040
190   10040
200   10040
210   10040
220   9952
230   9952
240   9912
250   9912
260   9912
270   9912
280   9912
290   9912
300   9912
310   9912
320   9912
330   9912
340   9912
350   9912
360   9832
370   9832
380   9832
390   9832
400   9832
410   9832
420   9832
430   9832
440   9832
450   9832
460   9832
470   9832
480   9832
490   9832
500   9832
510   9832
520   9832
530   9832
540   9832
550   9832
560   9832
570   9832
580   9832
590   9832
600   9632
610   9632
620   9632
630   9632
640   9632
650   9632
660   9632
670   9632
680   9632
690   9632
700   9632
710   9632
720   9632
730   9632
740   9632
750   9632
760   9632
770   9632
780   9632
790   9632
800   9632
810   9632
820   9632
830   9632
840   9632
850   9632
860   9632
870   9632
880   9632
890   9632
900   9632
910   9632
920   9632
930   9632
940   9632
950   9632
960   9632
970   9632
980   9632
990   9632
1000   9632
1010   9632
1020   9632
1030   9632
1040   9632
1050   9632
1060   9632
1070   9632
1080   9632
1090   9632
1100   9632
1110   9632
1120   9632
1130   9632
1140   9632
1150   9632
1160   9632
1170   9584
1180   9584
1190   9584
1200   9584
1210   9584
1220   9584
1230   9584
1240   9584
1250   9584
1260   9584
1270   9584
1280   9584
1290   9584
1300   9584
1310   9584
1320   9584
1330   9584
1340   9584
1350   9584
1360   9584
1370   9584
1380   9584
1390   9584
1400   9584
1410   9584
1420   9584
1430   9584
1440   9584
1450   9584
1460   9584
1470   9584
1480   9584
1490   9584
1500   9552
1510   9552
1520   9552
1530   9552
1540   9552
1550   9552
1560   9552
1570   9552
1580   9552
1590   9552
1600   9552
1610   9552
1620   9552
1630   9456
1640   9456
1650   9456
1660   9456
1670   9456
1680   9456
1690   9456
1700   9456
1710   9456
1720   9456
1730   9456
1740   9456
1750   9456
1760   9456
1770   9456
1780   9456
1790   9456
1800   9456
1810   9456
1820   9456
1830   9456
1840   9456
1850   9456
1860   9456
1870   9456
1880   9456
1890   9456
1900   9456
1910   9456
1920   9456
1930   9456
1940   9456
1950   9456
1960   9456
1970   9456
1980   9456
1990   9456
2000   9456
2010   9456
2020   9456
2030   9456
2040   9456
2050   9456
2060   9456
2070   9456
2080   9456
2090   9456
2100   9456
2110   9456
2120   9456
2130   9456
2140   9456
2150   9456
2160   9456
2170   9456
2180   9456
2190   9456
2200   9456
2210   9456
2220   9456
2230   9456
2240   9456
2250   9456
2260   9456
2270   9456
2280   9456
2290   9456
2300   9456
2310   9456
2320   9456
2330   9456
2340   9456
2350   9456
2360   9456
2370   9456
2380   9456
2390   9456
2400   9456
2410   9456
2420   9456
2430   9456
2440   9456
2450   9456
2460   9456
2470   9456
2480   9456
2490   9456
2500   9456
2510   9456
2520   9456
2530   9456
2540   9456
2550   9456
2560   9456
2570   9456
2580   9456
2590   9456
2600   9456
2610   9456
2620   9456
2630   9456
2640   9456
2650   9456
2660   9456
2670   9456
2680   9456
2690   9456
2700   9456
2710   9456
2720   9456
2730   9456
2740   9456
2750   9456
2760   9456
2770   9400
2780   9400
2790   9400
2800   9400
2810   9400
2820   9400
2830   9400
2840   9400
2850   9400
2860   9400
2870   9400
2880   9368
2890   9368
2900   9368
2910   9368
2920   9368
2930   9368
2940   9368
2950   9368
2960   9368
2970   9368
2980   9368
2990   9368
3000   9368
3010   9368
3020   9368
3030   9368
3040   9368
3050   9368
3060   9368
3070   9368
3080   9368
3090   9368
3100   9368
3110   9368
3120   9368
3130   9368
3140   9368
3150   9368
3160   9368
3170   9368
3180   9368
3190   9368
3200   9368
3210   9368
3220   9368
3230   9368
3240   9368
3250   9368
3260   9368
3270   9368
3280   9368
3290   9368
3300   9368
3310   9368
3320   9368
3330   9368
3340   9368
3350   9368
3360   9368
3370   9368
3380   9368
3390   9368
3400   9368
3410   9368
3420   9368
3430   9368
3440   9368
3450   9368
3460   9368
3470   9368
3480   9368
3490   9368
3500   9368
3510   9368
3520   9368
3530   9368
3540   9368
3550   9368
3560   9368
3570   9368
3580   9368
3590   9368
3600   9368
3610   9368
3620   9368
3630   9368
3640   9368
3650   9368
3660   9368
3670   9368
3680   9368
3690   9368
3700   9368
3710   9368
3720   9368
3730   9368
3740   9368
3750   9368
3760   9368
3770   9368
3780   9368
3790   9368
3800   9368
3810   9368
3820   9368
3830   9368
3840   9368
3850   9368
3860   9368
3870   9368
3880   9368
3890   9368
3900   9368
3910   9368
3920   9368
3930   9368
3940   9368
3950   9368
3960   9368
3970   9368
3980   9368
3990   9368
4000   9368
4010   9368
4020   9368
4030   9368
4040   9368
4050   9368
4060   9368
4070   9368
4080   9368
4090   9248
4100   9248
4110   9248
4120   9248
4130   9248
4140   9248
4150   9248
4160   9248
4170   9248
4180   9248
4190   9248
4200   9248
4210   9248
4220   9248
4230   9248
4240   9248
4250   9248
4260   9248
4270   9248
4280   9248
4290   9248
4300   9248
4310   9248
4320   9248
4330   9248
4340   9248
4350   9248
4360   9248
4370   9248
4380   9248
4390   9248
4400   9248
4410   9248
4420   9248
4430   9248
4440   9248
4450   9248
4460   9248
4470   9248
4480   9248
4490   9248
4500   9248
4510   9248
4520   9248
4530   9248
4540   9248
4550   9248
4560   9248
4570   9248
4580   9248
4590   9248
4600   9248
4610   9248
4620   9248
4630   9248
4640   9248
4650   9248
4660   9248
4670   9248
4680   9248
4690   9248
4700   9248
4710   9248
4720   9248
4730   9248
4740   9248
4750   9248
4760   9248
4770   9248
4780   9248
4790   9248
4800   9248
4810   9248
4820   9248
4830   9248
4840   9248
4850   9248
4860   9248
4870   9248
4880   9248
4890   9248
4900   9248
4910   9248
4920   9248
4930   9248
4940   9248
4950   9248
4960   9248
4970   9248
4980   9248
4990   9248
5000   9248
5010   9248
5020   9248
5030   9248
5040   9248
5050   9248
5060   9248
5070   9248
5080   9248
5090   9248
5100   9248
5110   9248
5120   9248
5130   9248
5140   9248
5150   9248
5160   9248
5170   9248
5180   9248
5190   9248
5200   9248
5210   9248
5220   9248
5230   9248
5240   9248
5250   9248
5260   9248
5270   9248
5280   9248
5290   9248
5300   9248
5310   9248
5320   9248
5330   9248
5340   9248
5350   9248
5360   9248
5370   9248
5380   9248
5390   9248
5400   9248
5410   9248
5420   9248
5430   9248
5440   9248
5450   9248
5460   9248
5470   9248
5480   9248
5490   9248
5500   9248
5510   9248
5520   9248
5530   9248
5540   9248
5550   9248
5560   9248
5570   9248
5580   9248
5590   9248
5600   9248
5610   9248
5620   9248
5630   9248
5640   9248
5650   9248
5660   9248
5670   9248
5680   9248
5690   9248
5700   9248
5710   9248
5720   9248
5730   9248
5740   9248
5750   9248
5760   9248
5770   9248
5780   9248
5790   9248
5800   9248
5810   9248
5820   9248
5830   9248
5840   9248
5850   9248
5860   9248
5870   9248
5880   9248
5890   9248
5900   9248
5910   9248
5920   9248
5930   9248
5940   9248
5950   9248
5960   9248
5970   9248
5980   9248
5990   9248
6000   9248
6010   9248
6020   9248
6030   9048
6040   9048
6050   9048
6060   9048
6070   9048
6080   9048
6090   9048
6100   9048
6110   9048
6120   9048
6130   9048
6140   9048
6150   9048
6160   9048
6170   9048
6180   9048
6190   9048
6200   9048
6210   9048
6220   9048
6230   9048
6240   9048
6250   9048
6260   9048
6270   9048
6280   9048
6290   9048
6300   9048
6310   9048
6320   9048
6330   9048
6340   9048
6350   9048
6360   9048
6370   9048
6380   9048
6390   9048
6400   9048
6410   9048
6420   9048
6430   9048
6440   9048
6450   9048
6460   9048
6470   9048
6480   9048
6490   9048
6500   9048
6510   9048
6520   9048
6530   9048
6540   9048
6550   9048
6560   9048
6570   9048
6580   9048
6590   9048
6600   9048
6610   9048
6620   9048
6630   9048
6640   9048
6650   9048
6660   9048
6670   9048
6680   9048
6690   9048
6700   9048
6710   9048
6720   9048
6730   9048
6740   9048
6750   9048
6760   9048
6770   9048
6780   9048
6790   9048
6800   9048
6810   9048
6820   9048
6830   9048
6840   9048
6850   9048
6860   9048
6870   9048
6880   9048
6890   9048
6900   9048
6910   9048
6920   9048
6930   9048
6940   9048
6950   9048
6960   9048
6970   9048
6980   9048
6990   9048
7000   9048
7010   9048
7020   9048
7030   9048
7040   9048
7050   9048
7060   9048
7070   9048
7080   9048
7090   9048
7100   9048
7110   9048
7120   9048
7130   9048
7140   9048
7150   9048
7160   9048
7170   9048
7180   9048
7190   9048
7200   9048
7210   9048
7220   9048
7230   9048
7240   9048
7250   9048
7260   9048
7270   9048
7280   9048
7290   9048
7300   9048
7310   9048
7320   9048
7330   9048
7340   9048
7350   9048
7360   9048
7370   9048
7380   9048
7390   9048
7400   9048
7410   9048
7420   9048
7430   9048
7440   9048
7450   9048
7460   9048
7470   9048
7480   9048
7490   9048
7500   9048
7510   9048
7520   9048
7530   9048
7540   9048
7550   9048
7560   9048
7570   9048
7580   9048
7590   9048
7600   9048
7610   9048
7620   9048
7630   9048
7640   9048
7650   9048
7660   9048
7670   9048
7680   9048
7690   9048
7700   9048
7710   9048
7720   9048
7730   9048
7740   9048
7750   9048
7760   9048
7770   9048
7780   9048
7790   9048
7800   9048
7810   9048
7820   9048
7830   9048
7840   9048
7850   9048
7860   9048
7870   9048
7880   9048
7890   9048
7900   9048
7910   9048
7920   9048
7930   9048
7940   9048
7950   9048
7960   9048
7970   9048
7980   9048
7990   9048
8000   9048
8010   9048
8020   9048
8030   9048
8040   9048
8050   9048
8060   9048
8070   9048
8080   9048
8090   9048
8100   9048
8110   9048
8120   9048
8130   9048
8140   9048
8150   9048
8160   9048
