10   12940
20   12084
30   12084
40   12068
50   12068
60   12068
70   12068
80   12068
90   12068
100   12068
110   12068
120   12068
130   12068
140   12068
150   12068
160   12068
170   12068
180   12068
190   12068
200   12068
210   12068
220   12068
230   12068
240   11044
250   11044
260   11044
270   11044
280   11044
290   11044
300   11044
310   11044
320   11044
330   11044
340   11044
350   11044
360   11044
370   11044
380   11044
390   11044
400   11044
410   11044
420   11044
430   11044
440   11044
450   11044
460   11044
470   11044
480   11044
490   11044
500   11044
510   11044
520   11044
530   11044
540   11044
550   11044
560   11044
570   11044
580   11044
590   11044
600   11044
610   11044
620   11044
630   11044
640   11044
650   11044
660   11044
670   11044
680   11044
690   11044
700   11044
710   11044
720   11044
730   11044
740   11044
750   11044
760   11044
770   11044
780   11044
790   11044
800   11044
810   11044
820   11044
830   11044
840   11044
850   11044
860   11044
870   11044
880   11044
890   11044
900   11044
910   11044
920   11044
930   11044
940   11044
950   11044
960   11044
970   11044
980   11044
990   11044
1000   11044
1010   11044
1020   11044
1030   11044
1040   11044
1050   11044
1060   11044
1070   11044
1080   11044
1090   11044
1100   11044
1110   11044
1120   11044
1130   11044
1140   11044
1150   11044
1160   11044
1170   11044
1180   11044
1190   11044
1200   11044
1210   11044
1220   11044
1230   11044
1240   11044
1250   11044
1260   11044
1270   11044
1280   11044
1290   11044
1300   11044
1310   11044
1320   11044
1330   11044
1340   11044
1350   11044
1360   11044
1370   11044
1380   11044
1390   11044
1400   11044
1410   11044
1420   11044
1430   11044
1440   11044
1450   11044
1460   11044
1470   11044
1480   11044
1490   11044
1500   11044
1510   11044
1520   11044
1530   11044
1540   11044
1550   11044
1560   11044
1570   11044
1580   11044
1590   11044
1600   11044
1610   11044
1620   11044
1630   11044
1640   11044
1650   11044
1660   11044
1670   11044
1680   11044
1690   11044
1700   11044
1710   11044
1720   11044
1730   11044
1740   11044
1750   11044
1760   11044
1770   11044
1780   11044
1790   11044
1800   11044
1810   11044
1820   11044
1830   11044
1840   11044
1850   11044
1860   11044
1870   11044
1880   11044
1890   11044
1900   11044
1910   11044
1920   11044
1930   11044
1940   11044
1950   11044
1960   11044
1970   11044
1980   11044
1990   11044
2000   11044
2010   11044
2020   11044
2030   11044
2040   11044
2050   11044
2060   11044
2070   11044
2080   11044
2090   11044
2100   11044
2110   11044
2120   11044
2130   11044
2140   11044
2150   11044
2160   11044
2170   11044
2180   11044
2190   11044
2200   11044
2210   11044
2220   11044
2230   11044
2240   11044
2250   11044
2260   11044
2270   11044
2280   11044
2290   11044
2300   11044
2310   11044
2320   11044
2330   11044
2340   11044
2350   11044
2360   11044
2370   11044
2380   11044
2390   11044
2400   11044
2410   11044
2420   11044
2430   11044
2440   11044
2450   11044
2460   11044
2470   11044
2480   11044
2490   11044
2500   11044
2510   11044
2520   11044
2530   11044
2540   11044
2550   11044
2560   11044
2570   11044
2580   11044
2590   11044
2600   11044
2610   11044
2620   11044
2630   11044
2640   11044
2650   11044
2660   11044
2670   11044
2680   11044
2690   11044
2700   11044
2710   11044
2720   11044
2730   11044
2740   11044
2750   11044
2760   11044
2770   11044
2780   11044
2790   11044
2800   11044
2810   11044
2820   11044
2830   11044
2840   11044
2850   11044
2860   11044
2870   11044
2880   11044
2890   11044
2900   11044
2910   11044
2920   11044
2930   11044
2940   11044
2950   11044
2960   11044
2970   11044
2980   11044
2990   11044
3000   11044
3010   11044
3020   11044
3030   11044
3040   11044
3050   11044
3060   11044
3070   11044
3080   11044
3090   11044
3100   11044
3110   11044
3120   11044
3130   11044
3140   11044
3150   11044
3160   11044
3170   11044
3180   11044
3190   11044
3200   11044
3210   11044
3220   11044
3230   11044
3240   11044
3250   11044
3260   11044
3270   11044
3280   11044
3290   11044
3300   11044
3310   11044
3320   11044
3330   11044
3340   11044
3350   11044
3360   11044
3370   11044
3380   11044
3390   11044
3400   11044
3410   11044
3420   11044
3430   11044
3440   11044
3450   11044
3460   11044
3470   11044
3480   11044
3490   11044
3500   11044
3510   11044
3520   11044
3530   11044
3540   11044
3550   11044
3560   11044
3570   11044
3580   11044
3590   11044
3600   11044
3610   11044
3620   11044
3630   11044
3640   11044
3650   11044
3660   11044
3670   11044
3680   11044
3690   11044
3700   11044
3710   11044
3720   11044
3730   11044
3740   11044
3750   11044
3760   11044
3770   11044
3780   11044
3790   11044
3800   11044
3810   11044
3820   11044
3830   11044
3840   11044
3850   11044
3860   11044
3870   11044
3880   11044
3890   11044
3900   11044
3910   11044
3920   11044
3930   11044
3940   11044
3950   11044
3960   11044
3970   11044
3980   11044
3990   11044
4000   11044
4010   11044
4020   11044
4030   11044
4040   11044
4050   11044
4060   11044
4070   11044
4080   11044
4090   11044
4100   11044
4110   11044
4120   11044
4130   11044
4140   11044
4150   11044
4160   11044
4170   11044
4180   11044
4190   11044
4200   11044
4210   11044
4220   11044
4230   11044
4240   11044
4250   11044
4260   11044
4270   11044
4280   11044
4290   11044
4300   11044
4310   11044
4320   11044
4330   11044
4340   11044
4350   11044
4360   11044
4370   11044
4380   11044
4390   11044
4400   11044
4410   11044
4420   11044
4430   11044
4440   11044
4450   11044
4460   11044
4470   11044
4480   11044
4490   11044
4500   11044
4510   11044
4520   11044
4530   11044
4540   11044
4550   11044
4560   11044
4570   11044
4580   11044
4590   11044
4600   11044
4610   11044
4620   11044
4630   11044
4640   11044
4650   11044
4660   11044
4670   11044
4680   11044
