10   6252
20   6144
30   6144
40   6144
50   6144
60   6144
70   6144
80   6144
90   6144
100   5148
110   5148
120   5148
130   5148
140   5148
150   5148
160   5148
170   5148
180   5148
190   5148
200   5148
210   5148
220   5148
230   5148
240   5148
250   5148
260   5148
270   5148
280   5148
290   5148
300   5148
310   5148
320   5148
330   5148
340   5148
350   5148
360   5148
370   5148
380   5148
390   5148
400   5148
410   5148
420   5148
430   5148
440   5148
450   5148
460   5148
470   5148
480   5148
490   5148
500   5148
510   5148
520   5148
530   5148
540   5148
550   5148
560   5148
570   5148
580   5148
590   5148
600   5148
610   5148
620   5148
630   5148
640   5148
650   5148
660   5148
670   5148
680   5148
690   5148
700   5148
710   5148
720   5148
730   5148
740   5148
750   5148
760   5148
770   5148
780   5148
790   5148
800   5148
810   5148
820   5148
830   5148
840   5148
850   5148
860   5148
870   5148
880   5148
890   5148
900   5148
910   5148
920   5148
930   5148
940   5148
950   5148
960   5148
970   5148
980   5148
990   5148
1000   5148
1010   5148
1020   5148
1030   5148
1040   5148
1050   5148
1060   5148
1070   5148
1080   5148
1090   5148
1100   5148
1110   5148
1120   5148
1130   5148
1140   5148
1150   5148
1160   5148
1170   5148
1180   5148
1190   5148
1200   5148
1210   5148
1220   5148
1230   5148
1240   5148
1250   5148
1260   5148
1270   5148
