10   6312
20   6312
30   6312
40   5856
50   5840
60   5840
70   5840
80   5840
90   5840
100   5840
110   5840
120   5840
130   5840
140   5840
150   5840
160   5840
170   5840
180   5840
190   5840
200   5840
210   5840
220   5840
230   5840
240   5840
250   5840
260   5840
270   5840
280   5840
290   5840
300   5840
310   5840
320   5840
330   5840
340   5840
350   5840
360   5840
370   5840
380   5840
390   5840
400   5840
410   5840
420   5840
430   5840
440   5688
450   5688
460   5688
470   5688
480   5688
490   5688
500   5688
510   5688
520   5688
530   5688
540   5688
550   5688
560   5688
570   5688
580   5688
590   5688
600   5688
610   5688
620   5688
630   5688
640   5688
650   5688
660   5688
670   5688
680   5688
690   5688
700   5688
710   5688
720   5688
730   5072
740   5072
750   5072
760   5072
770   5072
780   5072
790   5072
800   5072
810   5072
820   5072
830   5072
840   5072
850   5072
860   5072
870   5072
880   5072
890   5072
900   5072
910   5072
920   5072
930   5072
940   5072
950   5072
960   5072
970   5072
980   5072
990   5072
1000   5072
1010   5072
1020   5072
1030   5072
1040   5072
1050   5072
1060   5072
1070   5072
1080   5072
1090   5072
1100   5072
1110   5072
1120   5072
1130   5072
1140   5072
1150   5072
1160   5072
1170   4976
1180   4976
1190   4976
1200   4976
1210   4976
1220   4976
1230   4976
1240   4976
1250   4976
1260   4976
1270   4976
1280   4976
1290   4976
1300   4976
1310   4976
1320   4976
1330   4976
1340   4976
1350   4976
1360   4976
1370   4976
1380   4976
1390   4976
1400   4976
1410   4976
1420   4976
1430   4976
1440   4976
1450   4976
1460   4976
1470   4976
1480   4976
1490   4976
1500   4976
1510   4976
1520   4976
1530   4976
