10   35104
20   35104
30   33228
40   33228
50   33228
60   33228
70   33228
80   33228
90   33228
100   33228
110   33228
120   33228
130   33228
140   33228
150   33228
160   33228
170   33228
180   33228
190   33228
200   33228
210   33228
220   33228
230   33228
240   33228
250   33228
260   33228
270   33228
280   33228
290   33228
300   33228
310   33228
320   33228
330   33228
340   33228
350   33228
360   33228
370   33228
380   33228
390   33228
400   33228
410   33228
420   33228
430   33228
440   33228
450   33228
460   33228
470   33228
480   33228
490   33228
500   33228
510   33228
520   33228
530   33228
540   33228
550   33228
560   33228
570   33228
580   33228
590   33228
600   33228
610   33228
620   33228
630   33228
640   33228
650   33228
660   33228
670   33228
680   33228
690   33228
700   33228
710   33228
720   33228
730   33228
740   33228
750   33228
760   33228
770   33228
780   33228
790   33228
800   33228
810   33228
820   33228
830   33228
840   33228
850   33228
860   33228
870   33228
880   33228
890   33228
900   33228
910   33228
920   33228
930   33228
940   33228
950   33228
960   33228
970   33228
980   33228
990   33228
1000   33228
1010   33228
1020   33228
1030   33228
1040   33228
1050   33228
1060   33228
1070   33228
1080   33228
1090   33228
1100   33228
1110   33228
1120   33228
1130   33228
1140   33228
1150   33228
1160   33228
1170   33228
1180   33228
1190   33228
1200   33228
1210   33228
1220   33228
1230   33228
1240   33228
1250   33228
1260   33228
1270   33228
1280   33228
1290   33228
1300   33228
1310   33228
1320   33228
1330   33228
1340   33228
1350   33228
1360   33228
1370   33228
1380   33228
1390   33228
1400   33228
1410   33228
1420   33228
1430   33228
1440   33228
1450   33228
1460   33228
1470   33228
1480   33228
1490   33228
1500   33228
1510   33228
1520   33228
1530   33228
1540   33228
1550   33228
1560   33228
1570   33228
1580   33228
1590   33228
1600   33228
1610   33228
1620   33228
1630   33228
1640   33228
1650   33228
1660   33228
1670   33228
1680   33228
1690   33228
1700   33228
1710   33228
1720   33228
1730   33228
1740   33228
1750   33228
1760   33228
1770   33228
1780   33228
1790   33228
1800   33228
1810   33228
1820   33228
1830   33228
1840   33228
1850   33228
1860   33228
1870   33228
1880   33228
