10   42272
20   42272
30   42272
40   40416
50   40416
60   40416
70   40416
80   40416
90   40416
100   40416
110   40416
120   40416
130   40416
140   40144
150   40144
160   40144
170   40144
180   40144
190   40144
200   40144
210   40144
220   40144
230   40144
240   40144
250   40144
260   40144
270   40144
280   40144
290   40144
300   40144
310   39856
320   39856
330   39856
340   39856
350   39856
360   39856
370   39856
380   39856
390   39856
400   39856
410   39856
420   39856
430   39856
440   39856
450   39856
460   39856
470   39856
480   39856
490   39856
500   39856
510   39856
520   39856
530   39840
540   39840
550   39840
560   39840
570   39840
580   39840
590   39840
600   39840
610   39840
620   39840
630   39840
640   39840
650   39840
660   39840
670   39840
680   39840
690   39840
700   39840
710   39840
720   39840
730   39840
740   39840
750   39840
760   39840
770   39840
780   39840
790   39840
800   39840
810   39840
820   39840
830   39840
840   39840
850   38448
860   38448
870   38448
880   38448
890   38448
900   38448
910   38448
920   38448
930   38448
940   38448
950   38448
960   38448
970   38448
980   38448
990   38448
1000   38448
1010   38448
1020   38448
1030   38448
1040   38448
1050   38448
1060   38448
1070   38448
1080   38448
1090   38448
1100   38448
1110   38448
1120   38448
1130   38448
1140   38448
1150   38448
1160   38448
1170   38448
1180   38448
