10   387652
20   387378
30   387378
40   387378
50   387132
60   385952
70   385952
80   385952
90   385952
100   385548
110   385548
120   385548
130   385548
140   385548
150   385548
160   385548
170   385548
180   385548
190   385548
200   385548
210   385548
220   385548
230   385548
240   385548
250   385548
260   385548
270   385548
280   385548
290   385548
300   385548
310   385548
320   385548
330   385548
340   385548
350   385548
360   385548
370   385548
380   385548
390   385548
400   385548
410   385548
420   385548
430   385548
440   385548
450   385548
460   385548
470   385548
480   385548
490   385548
500   385548
510   385548
520   385548
530   385548
540   385548
550   385548
560   385548
570   385548
580   385548
590   385548
600   385548
610   385548
620   385548
630   385548
640   385548
650   385548
660   385548
670   385548
680   385548
690   385548
700   385548
710   385548
720   385548
730   385548
740   385548
750   385548
760   385548
770   385548
780   385548
790   385548
800   385548
810   385548
820   385548
830   385548
840   385548
850   385548
860   385548
870   385548
880   385548
890   385548
900   385548
910   385548
920   385548
930   385548
940   385548
950   385548
960   385548
970   385548
980   385548
990   385548
1000   385548
1010   385548
1020   385548
1030   385548
1040   385548
1050   385548
1060   385548
1070   385548
1080   385548
1090   385548
1100   385548
1110   385548
1120   385548
1130   385548
1140   385548
1150   385548
1160   385548
1170   385548
1180   385548
1190   385548
1200   385548
1210   385548
1220   385548
1230   385548
1240   385548
1250   385548
1260   385548
1270   385548
1280   385548
1290   385548
1300   385548
1310   385548
1320   385548
1330   385548
1340   385548
1350   385548
1360   385548
1370   385548
1380   385548
1390   385548
1400   385548
1410   385548
1420   385548
1430   385548
1440   385548
1450   385548
1460   385548
1470   385548
1480   385548
1490   385548
1500   385548
1510   385548
1520   385548
1530   385548
1540   385548
1550   385548
1560   385548
1570   385548
1580   385548
1590   385548
1600   385548
1610   385548
1620   385548
1630   385548
1640   385548
1650   385548
1660   385548
1670   385548
1680   384874
1690   384874
1700   384874
1710   384874
1720   384874
1730   384874
1740   384874
1750   384874
1760   384874
1770   384874
1780   384874
1790   384874
1800   384874
1810   384874
1820   384874
1830   384874
1840   384874
1850   384874
1860   384874
1870   384874
1880   384874
1890   384874
1900   384874
1910   384874
1920   384874
1930   384874
1940   384874
1950   384874
1960   384874
1970   384874
1980   384874
1990   384874
2000   384874
2010   384874
2020   384874
2030   384874
2040   384874
2050   384874
2060   384874
2070   384874
2080   384874
2090   384874
2100   384874
2110   384874
2120   384874
2130   384874
2140   384874
2150   384874
2160   384874
2170   384874
2180   384874
2190   384874
2200   384874
2210   384874
2220   384874
2230   384874
2240   384874
2250   384874
2260   384874
2270   384874
2280   384874
2290   384874
2300   384874
2310   384874
2320   384874
2330   384874
2340   384874
2350   384874
2360   384874
2370   384874
2380   384874
2390   384874
2400   384874
2410   384874
2420   384874
2430   384874
2440   384874
2450   384874
2460   384874
