10   194567
20   189205
30   189205
40   189205
50   189205
60   189205
70   188906
80   188906
90   188906
100   188906
110   188906
120   188906
130   188906
140   188906
150   188798
160   188798
170   188798
180   188798
190   188798
200   188798
210   188798
220   188798
230   188798
240   188798
250   188798
260   188798
270   188798
280   188798
290   188798
300   188798
310   188798
320   188798
330   188284
340   188284
350   188284
360   188284
370   188284
380   188284
390   188284
400   188284
410   188247
420   188247
430   188247
440   188247
450   188247
460   188247
470   188247
480   188247
490   188247
500   188247
510   188247
520   188247
530   188247
540   188247
550   188247
560   188247
570   188247
580   188247
590   187559
600   187559
610   187559
620   187559
630   187559
640   187559
650   187559
660   187559
670   187559
680   187559
690   187000
700   187000
710   187000
720   187000
730   187000
740   187000
750   187000
760   186985
770   186985
780   186985
