10   160747
20   160032
30   160032
40   160032
50   160032
60   160032
70   160032
80   160032
90   160032
100   160032
110   160032
120   160032
130   159140
140   159140
150   159140
160   159140
170   159140
180   159140
190   159140
200   159140
210   159140
220   159140
230   159140
240   159140
250   159140
260   159140
270   159140
280   158758
290   158758
300   158758
310   158758
320   158758
330   158758
340   158758
350   158758
360   158758
370   158758
380   158644
390   158425
400   158425
410   158156
420   156889
430   156889
440   156889
450   156889
460   154139
470   154139
480   154139
490   154139
500   154139
510   154139
520   154139
530   154139
540   154139
550   154139
560   154139
570   154139
580   154139
590   154139
600   154139
610   154139
620   154139
630   154139
640   154139
650   154139
660   154139
670   154139
680   154139
690   154139
700   154139
710   154139
720   154139
730   154139
740   154139
750   154139
760   154139
770   154139
780   154139
790   154139
800   154139
810   154139
820   154139
830   154139
840   154139
850   154139
860   154139
870   154139
880   154139
890   154139
900   154139
910   154139
920   154139
930   154139
940   154139
950   154139
960   154139
970   154139
980   154139
990   154139
1000   154139
1010   154139
1020   154139
1030   154139
1040   154139
1050   154139
1060   154139
1070   154139
