10   31956
20   31956
30   31956
40   31956
50   31956
60   31956
70   31804
80   31804
90   31804
100   31240
110   31240
120   31240
130   31240
140   31156
150   31156
160   31156
170   31156
180   31156
190   31156
200   31156
210   31156
220   31156
230   31156
240   31156
250   31156
260   31156
270   31156
280   31156
290   31156
300   31156
310   30940
320   30940
330   30940
340   30940
350   30940
360   30940
370   30940
380   30940
390   30940
400   30940
410   30940
420   30940
430   30940
440   30940
450   30940
460   30940
470   30940
480   30940
490   30940
500   30940
510   30940
520   30540
530   30540
540   30540
550   30540
560   30540
570   30540
580   30540
590   30540
600   30540
610   30540
620   30540
630   30540
640   30540
650   30540
660   30540
670   30540
680   30540
690   30540
700   30540
710   30540
720   30540
730   30540
740   30540
750   30540
760   30540
770   30540
780   30540
790   30540
800   30540
810   30540
820   30540
830   30540
840   29088
850   29088
860   29088
870   29088
880   29088
890   29088
900   29088
910   29088
920   29088
930   29088
940   29088
950   29088
960   29088
970   29088
980   29088
990   29088
1000   29088
1010   29088
1020   29088
1030   29088
1040   29088
1050   29088
1060   29088
1070   29088
1080   29088
1090   29088
1100   29088
1110   29088
1120   29088
1130   29088
1140   29088
1150   29088
1160   29088
1170   29088
1180   29088
1190   29088
1200   29088
1210   29088
1220   29088
1230   29088
1240   29088
1250   29088
1260   29088
1270   29088
1280   29088
1290   29088
1300   29088
1310   29088
1320   29088
1330   29088
1340   29088
1350   29088
1360   29088
1370   29088
1380   29088
1390   29088
1400   29088
1410   29088
1420   29088
1430   29088
1440   29088
1450   29088
1460   29088
1470   29088
1480   29088
1490   29088
1500   29088
1510   29088
1520   29088
1530   29088
1540   29088
1550   29088
1560   29088
1570   29088
1580   29088
1590   29088
1600   29088
1610   29088
1620   29088
1630   29088
1640   29088
1650   29088
1660   29088
1670   29088
1680   29088
1690   29088
1700   29088
1710   29088
1720   29088
1730   29088
1740   29088
1750   29088
1760   29088
1770   29088
1780   29088
1790   29088
1800   29088
1810   29088
1820   29088
1830   29088
1840   29088
1850   29088
1860   29088
1870   29088
1880   29088
1890   29088
1900   29088
1910   29088
1920   29088
1930   29088
1940   29088
1950   29088
1960   29088
1970   29088
1980   29088
1990   29088
2000   29088
2010   29088
2020   29088
2030   29088
2040   29088
2050   29088
2060   29088
2070   29088
2080   29088
2090   29088
2100   29088
2110   29088
2120   29088
2130   29088
2140   29088
2150   29088
2160   29088
2170   29088
2180   29088
2190   29088
2200   29088
2210   29088
2220   29088
2230   27536
2240   27536
2250   27536
2260   27536
2270   27536
2280   27536
2290   27536
2300   27536
2310   27536
2320   27536
2330   27536
2340   27536
2350   27536
2360   27536
2370   27536
2380   27536
2390   27536
2400   27536
2410   27536
2420   27536
2430   27536
2440   27536
2450   27536
2460   27536
2470   27536
2480   27536
2490   27536
2500   27536
2510   27536
2520   27536
2530   27536
2540   27536
2550   27536
2560   27536
2570   27536
2580   27536
2590   27536
2600   27536
2610   27536
2620   27536
2630   27536
2640   27536
2650   27536
2660   27536
2670   27536
2680   27536
2690   27536
2700   27536
2710   27536
2720   27536
2730   27536
2740   27536
2750   27536
2760   27536
2770   27536
2780   27536
2790   27536
2800   27536
2810   9184
2820   9184
2830   9184
2840   9184
2850   9184
2860   9184
2870   9184
2880   9184
2890   9184
2900   9184
2910   9184
2920   9184
2930   9184
2940   9184
2950   9184
2960   9184
2970   9184
2980   9184
2990   9184
3000   9184
3010   9184
3020   9184
3030   9184
3040   9184
3050   9184
3060   9184
3070   9184
3080   9184
3090   9184
3100   9184
3110   9184
3120   9184
3130   9184
3140   9184
3150   9184
3160   9184
3170   9184
3180   9184
3190   9184
3200   9184
3210   9184
3220   9184
3230   9184
3240   9184
3250   9184
3260   9184
3270   9184
3280   9184
3290   9184
3300   9184
3310   9184
3320   9184
3330   9184
3340   9184
3350   9184
3360   9148
3370   9148
3380   9148
3390   9148
3400   9148
3410   9148
3420   9148
3430   9148
3440   9148
3450   9148
3460   9148
3470   9148
3480   9148
3490   9148
3500   9148
3510   9148
3520   9148
3530   9148
3540   9148
3550   9148
3560   9148
3570   9148
3580   9148
3590   9148
3600   9148
3610   9148
3620   9148
3630   9148
3640   9148
3650   9148
3660   9148
3670   9148
3680   9148
3690   9148
3700   9148
3710   9148
3720   9148
3730   9148
3740   9148
3750   9148
3760   9148
3770   9148
3780   9148
3790   9148
3800   9148
3810   9148
3820   9148
3830   9148
3840   9148
3850   9148
3860   9148
3870   9148
3880   9148
3890   9148
3900   9148
[ [ 0, 0, 0, 0, 0, 0, 1, 0, 0, 0, 0, 0, 0, 0, 0, 0, 0, 0, 0, 1, 0, 0, 0, 0, 
      1, 1, 0, 0, 0, 0, 0, 0, 0, 0, 0, 0, 0, 0, 0, 0, 0, 0, 0, 0, 0, 1, 0, 0, 
      0, 0, 0, 0, 1, 0, 1, 0, 0, 0, 0, 0, 0, 1, 0, 0, 1, 0, 0, 1, 0, 0, 0, 0, 
      0, 0, 0, 0, 0, 0, 1, 1, 0, 0, 0, 0, 0, 1, 0, 0, 0, 0, 0, 1, 1, 0, 0, 0, 
      0, 0, 0, 0, 0, 0, 0, 0, 0, 0, 0, 0, 0, 0, 0, 1, 0, 0, 1, 0, 0, 0, 0, 0, 
      1, 0, 0, 0, 0, 0, 0, 0, 0, 0, 0, 1, 0, 0, 0, 0, 0, 0, 0, 0, 0, 0, 0, 0, 
      0, 0, 0, 0, 0, 0, 0, 0, 0, 0, 0, 1, 0, 0, 0, 0, 0, 1, 1, 0, 1, 0, 0, 0, 
      0, 0, 0, 0, 0, 0, 0, 0, 0, 0, 0, 0, 0, 0, 0, 0, 0, 1, 0, 0, 0, 0, 0, 0, 
      0, 1, 1, 0, 1, 0, 0, 0, 0, 0, 0, 0, 0, 0, 0, 1, 0, 0, 1, 0, 0, 0, 0, 0, 
      0, 0, 0, 0, 1, 0, 0, 1, 1, 0, 0, 0, 0, 0, 0, 1, 0, 0, 0, 1, 1, 0, 1, 1, 
      0, 0, 0, 0, 0, 0, 0, 0, 0, 1, 0, 0, 0, 0, 0, 0, 0, 0, 0, 0, 1, 0, 1, 0, 
      1, 0, 0, 0, 0, 0, 0, 0, 0, 0, 0, 0, 0, 0, 0, 1, 0, 0, 0, 0, 0, 1, 0, 0, 
      0, 1, 0, 0, 0, 0, 1, 0, 1, 0, 0, 0, 0, 0, 0, 0, 0, 0, 0, 0, 0, 0, 0, 0, 
      0, 0, 0, 0, 0, 0, 0, 1, 0, 0, 0, 0, 1, 0, 1, 0, 0, 0, 0, 0, 0, 0, 1, 1, 
      0, 0, 0, 0, 0, 0, 0, 0, 0, 0, 0, 0, 0, 0, 0, 0, 0, 0, 0, 0, 0, 0, 0, 0, 
      0, 0, 0, 0, 1, 0, 0, 1, 0, 0, 0, 0, 0, 0, 0, 0, 0, 0, 0, 0, 0, 1, 0, 0, 
      0, 1, 0, 0, 0, 1, 0, 0, 0, 0, 0, 0, 0, 0, 0, 0, 0, 1, 1, 0, 0, 0, 0, 0, 
      0, 0, 0, 0, 0, 0, 0, 0, 0, 0, 0, 1, 0, 0, 0, 0, 0, 0, 1, 0, 1, 0, 0, 1, 
      1, 0, 0, 1, 0, 0, 0, 0, 0, 0, 0, 0, 0, 0, 0, 0, 0, 0, 0, 0, 0, 0, 1, 0, 
      0, 0, 0, 0, 0, 0, 0, 0, 0, 0, 1, 1, 0, 1, 1, 0, 0, 0, 0, 0, 0, 0, 0, 0, 
      0, 0, 0, 0, 0, 0, 0, 0, 0, 0, 0, 0, 0, 1, 1, 0, 0, 0, 0, 0, 0, 0, 0, 0, 
      0, 0, 0, 0, 1, 0, 0, 0, 0, 1, 0, 0, 1, 0, 0, 1, 0, 0, 0, 1, 0, 0, 0, 0, 
      1, 0, 1, 0, 1, 0, 0, 0, 0, 0, 1, 0, 0, 0, 0, 0, 0, 1, 0, 0, 0, 0, 0, 0, 
      0, 0, 0, 1, 1, 0, 1, 0, 0, 0, 0, 0, 0, 0, 0, 0, 1, 0, 0, 0, 0, 0, 0, 0, 
      0, 0, 0, 0, 0, 0, 0, 0, 0, 1, 0, 0, 0, 0, 0, 0, 0, 0, 0, 0, 0, 1, 0, 0, 
      0, 0, 0, 0, 0, 1, 0, 0, 0, 0, 0, 0, 0, 0, 0, 1, 0, 0, 0, 0, 0, 0, 0, 0, 
      0, 1, 0, 0, 0, 0, 0, 0, 1, 0, 1, 1, 0, 0, 0, 0, 0, 0, 0, 0, 0, 0, 0, 0, 
      0, 0, 0, 0, 0, 0, 0, 0, 0, 0, 0, 0, 0, 0, 0, 0, 0, 1, 1, 0, 0, 0, 0, 0, 
      1, 0, 0, 0, 0, 0, 0, 0, 0, 0, 0, 0, 1, 0, 0, 1, 0, 0, 0, 0, 0, 0, 0, 1, 
      0, 0, 0, 0, 1, 1, 0, 0, 0, 1, 0, 0, 0, 0, 0, 0, 0, 0, 0, 0, 1, 0, 0, 0, 
      0, 0, 0, 0, 0, 1, 0, 1, 0, 0, 0, 0, 0, 0, 1, 0, 0, 1, 0, 0, 0, 0, 1, 0, 
      0, 0, 0, 0, 0, 0, 0, 0, 0, 1, 0, 0, 1, 0, 0, 0, 1, 0, 0, 0, 0, 0, 1, 0, 
      0, 0, 0, 0, 0, 0, 0, 1, 1, 0, 0, 0, 0, 0, 0, 0, 0, 0, 0, 0, 0, 1, 0, 0, 
      0, 0, 0, 0, 1, 0, 0, 0, 1, 0, 0, 1, 0, 0, 0, 0, 1, 0, 0, 0, 0, 0, 0, 0, 
      0, 0, 0, 0, 0, 0, 0, 0, 0, 0, 1, 0, 0, 1, 0, 0, 0, 0, 1, 0, 0, 0, 0, 1, 
      0, 0, 0, 0, 0, 0, 0, 0, 0, 0, 0, 0, 0, 0, 0, 0, 0, 0, 0, 0, 0, 0, 0, 0, 
      1, 0, 1, 1, 1, 0, 0, 0, 0, 0, 1, 0, 0, 0, 0, 0, 0, 0, 0, 0, 0, 0, 0, 0, 
      0, 0, 0, 0, 0, 0, 0, 0, 1, 0, 0, 0, 0, 0, 0, 0, 0, 1, 1, 0, 0, 0, 0, 0, 
      0, 0, 0, 0, 0, 0, 0, 0, 0, 1, 0, 0, 0, 0, 0, 0, 0, 0, 0, 1, 0, 0, 0, 0, 
      0, 0, 0, 1, 0, 1, 0, 0, 0, 0, 1, 1, 0, 0, 0, 0, 0, 0, 1, 0, 0, 1, 0, 0, 
      0, 0, 0, 0, 0, 0, 0, 0, 0, 0, 0, 1, 0, 0, 0, 0, 0, 0, 0, 0, 0 ], 0 ]