10   97600
20   90992
30   90992
40   90992
50   90992
60   90992
70   90992
80   90992
90   90992
100   90992
110   90992
120   90992
130   89448
140   89448
150   89448
160   89448
170   89448
180   89448
190   87248
200   87248
210   87248
220   87248
230   85000
240   85000
250   85000
260   81544
270   81544
280   81544
290   81544
300   81544
310   81544
320   81544
330   81544
340   81544
350   81544
360   81544
370   81544
380   81544
390   81544
400   81544
410   81544
420   81544
430   81544
440   81544
450   81544
460   81544
470   81544
480   81544
490   81544
500   81544
510   81544
520   81544
530   81544
540   81544
