10   88752
20   82420
30   82420
40   82420
50   82420
60   82420
70   82420
80   82420
90   82420
100   82420
110   82420
120   82420
130   82420
140   82420
150   82420
160   82420
170   82420
180   82420
190   82420
200   82420
210   82420
220   82420
230   82420
240   82420
250   82420
260   82420
270   76928
280   76928
290   76928
300   76928
310   76928
320   76928
330   76928
340   76928
350   76928
360   76928
370   76928
380   76928
390   76928
400   76928
410   76928
420   76928
430   76928
440   76928
450   76928
460   76928
470   76928
480   76928
490   76928
500   76928
510   76928
520   76928
530   76928
540   76928
550   76928
560   76928
570   76928
580   76928
590   76928
600   76928
610   76928
620   76928
630   76928
640   76928
650   76928
660   76928
670   76928
