10   9272
20   9272
30   8720
40   8720
50   8720
60   8720
70   8720
80   8720
90   8720
100   8720
110   8720
120   8720
130   8720
140   8720
150   8720
160   8720
170   8720
180   8720
190   8720
200   8720
210   8360
220   8360
230   8360
240   8360
250   8360
260   8360
270   8360
280   8360
290   8360
300   8360
310   8360
320   8360
330   8360
340   8360
350   8360
360   8360
370   8360
380   8360
390   8360
400   8360
410   8360
420   8360
430   8360
440   8360
450   8360
460   8360
470   8360
480   8360
490   8360
500   8360
510   8360
520   8360
530   8360
540   8360
550   8360
560   8360
