10   9940
20   9940
30   9076
40   9076
50   9076
60   9076
70   9076
80   9076
90   9076
100   9076
110   9076
120   9076
130   9056
140   9056
150   9056
160   9056
170   9056
180   9056
190   9056
200   9056
210   9056
220   9056
230   9056
240   9056
250   9056
260   8752
270   8260
280   8260
290   8260
300   8260
310   8260
320   8260
330   8260
340   8260
350   8260
360   8260
370   8260
380   8260
390   8260
400   8260
410   8260
420   8260
430   8260
440   8260
450   8260
460   8260
470   8260
480   8260
490   8260
500   8260
510   8260
520   8260
530   8260
540   8260
550   8260
560   8260
570   8260
580   8260
590   8260
600   8260
610   8260
620   8260
630   8260
640   8260
650   8260
660   8260
